,series_id,episode_id,season,episode,frame_num,face_num,img_height,img_width,x1,y1,x2,y2,area,pct_of_frame,encoding_path,confidence
1575939,1632701,9788424,9,10,72,0,1080,1920,1090,195,1384,489,86436,0.042,,
1575940,1632701,9788424,9,10,96,0,1080,1920,608,181,852,426,59780,0.029,,
1575941,1632701,9788424,9,10,120,0,1080,1920,1112,216,1281,385,28561,0.014,,
1575942,1632701,9788424,9,10,144,0,1080,1920,1094,202,1298,406,41616,0.02,,
1575943,1632701,9788424,9,10,168,0,1080,1920,537,202,741,406,41616,0.02,,
1575944,1632701,9788424,9,10,192,0,1080,1920,793,166,1087,459,86142,0.042,,
1575945,1632701,9788424,9,10,216,0,1080,1920,806,280,1051,525,60025,0.029,,
1575946,1632701,9788424,9,10,240,0,1080,1920,484,231,729,475,59780,0.029,,
1575947,1632701,9788424,9,10,264,0,1080,1920,1150,225,1443,519,86142,0.042,,
1575948,1632701,9788424,9,10,288,0,1080,1920,385,231,630,475,59780,0.029,,
1575949,1632701,9788424,9,10,312,0,1080,1920,517,182,720,385,41209,0.02,,
1575950,1632701,9788424,9,10,336,0,1080,1920,435,206,679,450,59536,0.029,,
1575951,1632701,9788424,9,10,360,0,1080,1920,435,206,679,450,59536,0.029,,
1575952,1632701,9788424,9,10,384,0,1080,1920,383,218,806,640,178506,0.086,,
1575953,1632701,9788424,9,10,408,0,1080,1920,925,137,1277,489,123904,0.06,,
1575954,1632701,9788424,9,10,432,0,1080,1920,393,285,597,489,41616,0.02,,
1575955,1632701,9788424,9,10,432,1,1080,1920,1060,130,1230,299,28730,0.014,,
1575956,1632701,9788424,9,10,456,0,1080,1920,1094,120,1298,324,41616,0.02,,
1575957,1632701,9788424,9,10,456,1,1080,1920,406,302,576,471,28730,0.014,,
1575958,1632701,9788424,9,10,480,0,1080,1920,393,285,597,489,41616,0.02,,
1575959,1632701,9788424,9,10,480,1,1080,1920,1094,120,1298,324,41616,0.02,,
1575960,1632701,9788424,9,10,504,0,1080,1920,788,126,930,267,20022,0.01,,
1575961,1632701,9788424,9,10,528,0,1080,1920,802,97,944,239,20164,0.01,,
1575962,1632701,9788424,9,10,552,0,1080,1920,831,126,973,267,20022,0.01,,
1575963,1632701,9788424,9,10,576,0,1080,1920,854,112,1024,282,28900,0.014,,
1575964,1632701,9788424,9,10,600,0,1080,1920,854,112,1024,282,28900,0.014,,
1575965,1632701,9788424,9,10,624,0,1080,1920,766,168,864,266,9604,0.005,,
1575966,1632701,9788424,9,10,624,1,1080,1920,332,482,450,600,13924,0.007,,
1575967,1632701,9788424,9,10,648,0,1080,1920,1061,195,1354,489,86142,0.042,,
1575968,1632701,9788424,9,10,672,0,1080,1920,1054,107,1298,351,59536,0.029,,
1575969,1632701,9788424,9,10,672,1,1080,1920,131,405,301,575,28900,0.014,,
1575970,1632701,9788424,9,10,696,0,1080,1920,1054,132,1298,376,59536,0.029,,
1575971,1632701,9788424,9,10,696,1,1080,1920,166,422,336,592,28900,0.014,,
1575972,1632701,9788424,9,10,720,0,1080,1920,1490,312,1632,454,20164,0.01,,
1575973,1632701,9788424,9,10,744,0,1080,1920,1503,327,1621,445,13924,0.007,,
1575974,1632701,9788424,9,10,768,0,1080,1920,1476,326,1618,468,20164,0.01,,
1575975,1632701,9788424,9,10,792,0,1080,1920,783,315,1135,667,123904,0.06,,
1575976,1632701,9788424,9,10,816,0,1080,1920,768,261,1191,683,178506,0.086,,
1575977,1632701,9788424,9,10,840,0,1080,1920,1175,244,1527,596,123904,0.06,,
1575978,1632701,9788424,9,10,864,0,1080,1920,1139,208,1491,560,123904,0.06,,
1575979,1632701,9788424,9,10,888,0,1080,1920,1139,208,1491,560,123904,0.06,,
1575980,1632701,9788424,9,10,912,0,1080,1920,1175,208,1527,560,123904,0.06,,
1575981,1632701,9788424,9,10,936,0,1080,1920,783,208,1135,560,123904,0.06,,
1575982,1632701,9788424,9,10,960,0,1080,1920,768,261,1191,683,178506,0.086,,
1575983,1632701,9788424,9,10,984,0,1080,1920,1104,208,1456,560,123904,0.06,,
1575984,1632701,9788424,9,10,1008,0,1080,1920,997,279,1349,632,124256,0.06,,
1575985,1632701,9788424,9,10,1032,0,1080,1920,982,261,1405,683,178506,0.086,,
1575986,1632701,9788424,9,10,1056,0,1080,1920,997,279,1349,632,124256,0.06,,
1575987,1632701,9788424,9,10,1080,0,1080,1920,512,261,934,683,178084,0.086,,
1575988,1632701,9788424,9,10,1104,0,1080,1920,1025,261,1448,683,178506,0.086,,
1575989,1632701,9788424,9,10,1128,0,1080,1920,1025,261,1448,683,178506,0.086,,
1575990,1632701,9788424,9,10,1152,0,1080,1920,458,240,600,382,20164,0.01,,
1575991,1632701,9788424,9,10,1176,0,1080,1920,444,240,586,382,20164,0.01,,
1575992,1632701,9788424,9,10,1200,0,1080,1920,1068,137,1420,489,123904,0.06,,
1575993,1632701,9788424,9,10,1224,0,1080,1920,435,262,942,769,257049,0.124,,
1575994,1632701,9788424,9,10,1248,0,1080,1920,1139,172,1491,525,124256,0.06,,
1575995,1632701,9788424,9,10,1272,0,1080,1920,512,303,934,726,178506,0.086,,
1575996,1632701,9788424,9,10,1296,0,1080,1920,1175,244,1527,596,123904,0.06,,
1575997,1632701,9788424,9,10,1320,0,1080,1920,1104,208,1456,560,123904,0.06,,
1575998,1632701,9788424,9,10,1344,0,1080,1920,1104,244,1456,596,123904,0.06,,
1575999,1632701,9788424,9,10,1440,0,1080,1920,452,315,570,433,13924,0.007,,
1576000,1632701,9788424,9,10,1464,0,1080,1920,535,231,653,349,13924,0.007,,
1576001,1632701,9788424,9,10,1488,0,1080,1920,559,219,677,337,13924,0.007,,
1576002,1632701,9788424,9,10,1512,0,1080,1920,702,183,844,325,20164,0.01,,
1576003,1632701,9788424,9,10,1536,0,1080,1920,759,140,901,282,20164,0.01,,
1576004,1632701,9788424,9,10,1560,0,1080,1920,1114,327,1212,425,9604,0.005,,
1576005,1632701,9788424,9,10,1584,0,1080,1920,1124,327,1222,425,9604,0.005,,
1576006,1632701,9788424,9,10,1608,0,1080,1920,1121,303,1239,421,13924,0.007,,
1576007,1632701,9788424,9,10,1632,0,1080,1920,1121,315,1239,433,13924,0.007,,
1576008,1632701,9788424,9,10,1656,0,1080,1920,1121,315,1239,433,13924,0.007,,
1576009,1632701,9788424,9,10,1680,0,1080,1920,971,202,1174,406,41412,0.02,,
1576010,1632701,9788424,9,10,1704,0,1080,1920,929,182,1133,385,41412,0.02,,
1576011,1632701,9788424,9,10,1728,0,1080,1920,888,182,1092,385,41412,0.02,,
1576012,1632701,9788424,9,10,1752,0,1080,1920,888,182,1092,385,41412,0.02,,
1576013,1632701,9788424,9,10,1776,0,1080,1920,888,182,1092,385,41412,0.02,,
1576014,1632701,9788424,9,10,1800,0,1080,1920,888,182,1092,385,41412,0.02,,
1576015,1632701,9788424,9,10,1824,0,1080,1920,1134,337,1232,435,9604,0.005,,
1576016,1632701,9788424,9,10,1848,0,1080,1920,1134,337,1232,435,9604,0.005,,
1576017,1632701,9788424,9,10,1872,0,1080,1920,1134,327,1232,425,9604,0.005,,
1576018,1632701,9788424,9,10,1896,0,1080,1920,1134,327,1232,425,9604,0.005,,
1576019,1632701,9788424,9,10,1920,0,1080,1920,1134,327,1232,425,9604,0.005,,
1576020,1632701,9788424,9,10,1944,0,1080,1920,1144,327,1242,425,9604,0.005,,
1576021,1632701,9788424,9,10,1968,0,1080,1920,1144,327,1242,425,9604,0.005,,
1576022,1632701,9788424,9,10,1992,0,1080,1920,734,136,1027,429,85849,0.041,,
1576023,1632701,9788424,9,10,2016,0,1080,1920,756,156,1001,401,60025,0.029,,
1576024,1632701,9788424,9,10,2040,0,1080,1920,1032,240,1173,382,20022,0.01,,
1576025,1632701,9788424,9,10,2064,0,1080,1920,1032,240,1173,382,20022,0.01,,
1576026,1632701,9788424,9,10,2088,0,1080,1920,1001,136,1295,429,86142,0.042,,
1576027,1632701,9788424,9,10,2112,0,1080,1920,1001,136,1295,429,86142,0.042,,
1576028,1632701,9788424,9,10,2136,0,1080,1920,1029,132,1273,376,59536,0.029,,
1576029,1632701,9788424,9,10,2232,0,1080,1920,1404,0,1608,179,36516,0.018,,
1576030,1632701,9788424,9,10,2256,0,1080,1920,596,147,766,317,28900,0.014,,
1576031,1632701,9788424,9,10,2280,0,1080,1920,699,198,869,368,28900,0.014,,
1576032,1632701,9788424,9,10,2304,0,1080,1920,608,181,852,426,59780,0.029,,
1576033,1632701,9788424,9,10,2328,0,1080,1920,1612,386,1694,468,6724,0.003,,
1576034,1632701,9788424,9,10,2352,0,1080,1920,1612,386,1694,468,6724,0.003,,
1576035,1632701,9788424,9,10,2376,0,1080,1920,1612,386,1694,468,6724,0.003,,
1576036,1632701,9788424,9,10,2400,0,1080,1920,1612,386,1694,468,6724,0.003,,
1576037,1632701,9788424,9,10,2424,0,1080,1920,1612,395,1694,476,6642,0.003,,
1576038,1632701,9788424,9,10,2448,0,1080,1920,1621,395,1702,476,6561,0.003,,
1576039,1632701,9788424,9,10,2472,0,1080,1920,372,126,514,267,20022,0.01,,
1576040,1632701,9788424,9,10,2496,0,1080,1920,1129,198,1299,368,28900,0.014,,
1576041,1632701,9788424,9,10,2520,0,1080,1920,1129,181,1299,351,28900,0.014,,
1576042,1632701,9788424,9,10,2544,0,1080,1920,583,181,828,426,60025,0.029,,
1576043,1632701,9788424,9,10,2568,0,1080,1920,608,181,852,426,59780,0.029,,
1576044,1632701,9788424,9,10,2592,0,1080,1920,1164,498,1232,566,4624,0.002,,
1576045,1632701,9788424,9,10,2616,0,1080,1920,1205,284,1273,352,4624,0.002,,
1576046,1632701,9788424,9,10,2640,0,1080,1920,1231,245,1313,327,6724,0.003,,
1576047,1632701,9788424,9,10,2664,0,1080,1920,1174,237,1272,336,9702,0.005,,
1576048,1632701,9788424,9,10,2688,0,1080,1920,1154,198,1252,296,9604,0.005,,
1576049,1632701,9788424,9,10,2712,0,1080,1920,1192,172,1310,290,13924,0.007,,
1576050,1632701,9788424,9,10,2736,0,1080,1920,1218,223,1422,427,41616,0.02,,
1576051,1632701,9788424,9,10,2760,0,1080,1920,1260,202,1463,406,41412,0.02,,
1576052,1632701,9788424,9,10,2784,0,1080,1920,426,208,778,560,123904,0.06,,
1576053,1632701,9788424,9,10,2808,0,1080,1920,426,244,778,596,123904,0.06,,
1576054,1632701,9788424,9,10,2832,0,1080,1920,462,244,814,596,123904,0.06,,
1576055,1632701,9788424,9,10,2856,0,1080,1920,533,244,885,596,123904,0.06,,
1576056,1632701,9788424,9,10,2880,0,1080,1920,512,261,934,683,178084,0.086,,
1576057,1632701,9788424,9,10,2904,0,1080,1920,1115,161,1319,365,41616,0.02,,
1576058,1632701,9788424,9,10,2928,0,1080,1920,756,156,1001,401,60025,0.029,,
1576059,1632701,9788424,9,10,3048,0,1080,1920,657,206,902,450,59780,0.029,,
1576060,1632701,9788424,9,10,3072,0,1080,1920,682,206,927,450,59780,0.029,,
1576061,1632701,9788424,9,10,3096,0,1080,1920,674,166,968,459,86142,0.042,,
1576062,1632701,9788424,9,10,3120,0,1080,1920,644,166,938,459,86142,0.042,,
1576063,1632701,9788424,9,10,3144,0,1080,1920,1209,195,1503,489,86436,0.042,,
1576064,1632701,9788424,9,10,3168,0,1080,1920,1239,195,1532,489,86142,0.042,,
1576065,1632701,9788424,9,10,3192,0,1080,1920,1387,166,1681,459,86142,0.042,,
1576066,1632701,9788424,9,10,3216,0,1080,1920,1211,172,1563,525,124256,0.06,,
1576067,1632701,9788424,9,10,3240,0,1080,1920,925,208,1277,560,123904,0.06,,
1576068,1632701,9788424,9,10,3264,0,1080,1920,1032,244,1384,596,123904,0.06,,
1576069,1632701,9788424,9,10,3288,0,1080,1920,1032,244,1384,596,123904,0.06,,
1576070,1632701,9788424,9,10,3312,0,1080,1920,1013,112,1131,230,13924,0.007,,
1576071,1632701,9788424,9,10,3408,0,1080,1920,1202,181,1447,426,60025,0.029,,
1576072,1632701,9788424,9,10,3432,0,1080,1920,1202,181,1447,426,60025,0.029,,
1576073,1632701,9788424,9,10,3456,0,1080,1920,1202,181,1447,426,60025,0.029,,
1576074,1632701,9788424,9,10,3480,0,1080,1920,1202,206,1447,450,59780,0.029,,
1576075,1632701,9788424,9,10,3504,0,1080,1920,377,225,670,519,86142,0.042,,
1576076,1632701,9788424,9,10,3528,0,1080,1920,1032,208,1384,560,123904,0.06,,
1576077,1632701,9788424,9,10,3552,0,1080,1920,1061,255,1354,548,85849,0.041,,
1576078,1632701,9788424,9,10,3576,0,1080,1920,407,225,700,519,86142,0.042,,
1576079,1632701,9788424,9,10,3600,0,1080,1920,436,225,730,519,86436,0.042,,
1576080,1632701,9788424,9,10,3624,0,1080,1920,466,225,760,519,86436,0.042,,
1576081,1632701,9788424,9,10,3648,0,1080,1920,436,225,730,519,86436,0.042,,
1576082,1632701,9788424,9,10,3672,0,1080,1920,436,225,730,519,86436,0.042,,
1576083,1632701,9788424,9,10,3696,0,1080,1920,436,225,730,519,86436,0.042,,
1576084,1632701,9788424,9,10,3720,0,1080,1920,1139,244,1491,596,123904,0.06,,
1576085,1632701,9788424,9,10,3744,0,1080,1920,1104,244,1456,596,123904,0.06,,
1576086,1632701,9788424,9,10,3768,0,1080,1920,1139,208,1491,560,123904,0.06,,
1576087,1632701,9788424,9,10,3792,0,1080,1920,1139,244,1491,596,123904,0.06,,
1576088,1632701,9788424,9,10,3816,0,1080,1920,1175,244,1527,596,123904,0.06,,
1576089,1632701,9788424,9,10,3840,0,1080,1920,1139,208,1491,560,123904,0.06,,
1576090,1632701,9788424,9,10,3864,0,1080,1920,497,244,849,596,123904,0.06,,
1576091,1632701,9788424,9,10,3888,0,1080,1920,497,244,849,596,123904,0.06,,
1576092,1632701,9788424,9,10,3912,0,1080,1920,533,244,885,596,123904,0.06,,
1576093,1632701,9788424,9,10,3936,0,1080,1920,533,244,885,596,123904,0.06,,
1576094,1632701,9788424,9,10,3960,0,1080,1920,497,244,849,596,123904,0.06,,
1576095,1632701,9788424,9,10,3984,0,1080,1920,497,244,849,596,123904,0.06,,
1576096,1632701,9788424,9,10,4008,0,1080,1920,462,208,814,560,123904,0.06,,
1576097,1632701,9788424,9,10,4032,0,1080,1920,462,208,814,560,123904,0.06,,
1576098,1632701,9788424,9,10,4056,0,1080,1920,497,244,849,596,123904,0.06,,
1576099,1632701,9788424,9,10,4080,0,1080,1920,497,244,849,596,123904,0.06,,
1576100,1632701,9788424,9,10,4104,0,1080,1920,497,244,849,596,123904,0.06,,
1576101,1632701,9788424,9,10,4128,0,1080,1920,533,244,885,596,123904,0.06,,
1576102,1632701,9788424,9,10,4152,0,1080,1920,640,279,992,632,124256,0.06,,
1576103,1632701,9788424,9,10,4176,0,1080,1920,683,218,1105,640,178084,0.086,,
1576104,1632701,9788424,9,10,4200,0,1080,1920,597,261,1020,683,178506,0.086,,
1576105,1632701,9788424,9,10,4224,0,1080,1920,726,218,1148,640,178084,0.086,,
1576106,1632701,9788424,9,10,4368,0,1080,1920,340,303,763,726,178929,0.086,,
1576107,1632701,9788424,9,10,4392,0,1080,1920,383,303,806,726,178929,0.086,,
1576108,1632701,9788424,9,10,4416,0,1080,1920,383,303,806,726,178929,0.086,,
1576109,1632701,9788424,9,10,4440,0,1080,1920,298,303,720,726,178506,0.086,,
1576110,1632701,9788424,9,10,4464,0,1080,1920,726,261,1148,683,178084,0.086,,
1576111,1632701,9788424,9,10,4584,0,1080,1920,1211,192,1258,239,2209,0.001,,
1576112,1632701,9788424,9,10,4608,0,1080,1920,645,229,684,269,1560,0.001,,
1576113,1632701,9788424,9,10,4608,1,1080,1920,1297,268,1344,316,2256,0.001,,
1576114,1632701,9788424,9,10,4608,2,1080,1920,1141,97,1180,137,1560,0.001,,
1576115,1632701,9788424,9,10,4608,3,1080,1920,1517,249,1556,289,1560,0.001,,
1576116,1632701,9788424,9,10,4608,4,1080,1920,405,241,444,281,1560,0.001,,
1576117,1632701,9788424,9,10,4632,0,1080,1920,1341,317,1380,357,1560,0.001,,
1576118,1632701,9788424,9,10,4632,1,1080,1920,701,273,740,313,1560,0.001,,
1576119,1632701,9788424,9,10,4632,2,1080,1920,1225,144,1272,191,2209,0.001,,
1576120,1632701,9788424,9,10,4632,3,1080,1920,465,285,504,325,1560,0.001,,
1576121,1632701,9788424,9,10,4632,4,1080,1920,1557,297,1596,337,1560,0.001,,
1576122,1632701,9788424,9,10,4656,0,1080,1920,1189,189,1228,229,1560,0.001,,
1576123,1632701,9788424,9,10,4656,1,1080,1920,1361,353,1400,393,1560,0.001,,
1576124,1632701,9788424,9,10,4656,2,1080,1920,1573,333,1612,373,1560,0.001,,
1576125,1632701,9788424,9,10,4656,3,1080,1920,501,317,540,357,1560,0.001,,
1576126,1632701,9788424,9,10,4680,0,1080,1920,1377,397,1416,437,1560,0.001,,
1576127,1632701,9788424,9,10,4680,1,1080,1920,1225,237,1264,277,1560,0.001,,
1576128,1632701,9788424,9,10,4680,2,1080,1920,525,357,564,397,1560,0.001,,
1576129,1632701,9788424,9,10,4680,3,1080,1920,1593,377,1632,417,1560,0.001,,
1576130,1632701,9788424,9,10,4680,4,1080,1920,753,265,792,305,1560,0.001,,
1576131,1632701,9788424,9,10,4704,0,1080,1920,1239,264,1287,311,2256,0.001,,
1576132,1632701,9788424,9,10,4704,1,1080,1920,1397,425,1436,465,1560,0.001,,
1576133,1632701,9788424,9,10,4704,2,1080,1920,729,261,768,301,1560,0.001,,
1576134,1632701,9788424,9,10,4704,3,1080,1920,549,389,588,429,1560,0.001,,
1576135,1632701,9788424,9,10,4704,4,1080,1920,1609,409,1648,449,1560,0.001,,
1576136,1632701,9788424,9,10,4728,0,1080,1920,1405,429,1444,469,1560,0.001,,
1576137,1632701,9788424,9,10,4728,1,1080,1920,737,261,776,301,1560,0.001,,
1576138,1632701,9788424,9,10,4728,2,1080,1920,1269,277,1308,317,1560,0.001,,
1576139,1632701,9788424,9,10,4728,3,1080,1920,561,389,600,429,1560,0.001,,
1576140,1632701,9788424,9,10,4728,4,1080,1920,1621,409,1660,449,1560,0.001,,
1576141,1632701,9788424,9,10,4752,0,1080,1920,769,259,816,306,2209,0.001,,
1576142,1632701,9788424,9,10,4752,1,1080,1920,1413,433,1452,473,1560,0.001,,
1576143,1632701,9788424,9,10,4752,2,1080,1920,1269,261,1308,301,1560,0.001,,
1576144,1632701,9788424,9,10,4752,3,1080,1920,573,389,612,429,1560,0.001,,
1576145,1632701,9788424,9,10,4752,4,1080,1920,1629,413,1668,453,1560,0.001,,
1576146,1632701,9788424,9,10,4776,0,1080,1920,1269,225,1562,519,86142,0.042,,
1576147,1632701,9788424,9,10,4776,1,1080,1920,512,218,934,640,178084,0.086,,
1576148,1632701,9788424,9,10,4800,0,1080,1920,1239,195,1532,489,86142,0.042,,
1576149,1632701,9788424,9,10,4800,1,1080,1920,512,218,934,640,178084,0.086,,
1576150,1632701,9788424,9,10,4824,0,1080,1920,1179,225,1473,519,86436,0.042,,
1576151,1632701,9788424,9,10,4824,1,1080,1920,597,303,1020,726,178929,0.086,,
1576152,1632701,9788424,9,10,4848,0,1080,1920,1227,231,1472,475,59780,0.029,,
1576153,1632701,9788424,9,10,4848,1,1080,1920,597,389,1020,812,178929,0.086,,
1576154,1632701,9788424,9,10,4872,0,1080,1920,1120,225,1413,519,86142,0.042,,
1576155,1632701,9788424,9,10,4872,1,1080,1920,554,261,977,683,178506,0.086,,
1576156,1632701,9788424,9,10,4896,0,1080,1920,569,244,921,596,123904,0.06,,
1576157,1632701,9788424,9,10,4896,1,1080,1920,1120,195,1413,489,86142,0.042,,
1576158,1632701,9788424,9,10,4920,0,1080,1920,466,344,760,637,86142,0.042,,
1576159,1632701,9788424,9,10,4944,0,1080,1920,466,344,760,637,86142,0.042,,
1576160,1632701,9788424,9,10,4968,0,1080,1920,1120,225,1413,519,86142,0.042,,
1576161,1632701,9788424,9,10,4968,1,1080,1920,469,218,891,640,178084,0.086,,
1576162,1632701,9788424,9,10,4992,0,1080,1920,1090,195,1384,489,86436,0.042,,
1576163,1632701,9788424,9,10,4992,1,1080,1920,512,261,934,683,178084,0.086,,
1576164,1632701,9788424,9,10,5016,0,1080,1920,1120,166,1413,459,85849,0.041,,
1576165,1632701,9788424,9,10,5016,1,1080,1920,469,218,891,640,178084,0.086,,
1576166,1632701,9788424,9,10,5040,0,1080,1920,1120,166,1413,459,85849,0.041,,
1576167,1632701,9788424,9,10,5040,1,1080,1920,512,261,934,683,178084,0.086,,
1576168,1632701,9788424,9,10,5064,0,1080,1920,1128,206,1373,450,59780,0.029,,
1576169,1632701,9788424,9,10,5064,1,1080,1920,512,218,934,640,178084,0.086,,
1576170,1632701,9788424,9,10,5088,0,1080,1920,596,388,766,557,28730,0.014,,
1576171,1632701,9788424,9,10,5112,0,1080,1920,912,255,1205,548,85849,0.041,,
1576172,1632701,9788424,9,10,5136,0,1080,1920,1104,172,1456,525,124256,0.06,,
1576173,1632701,9788424,9,10,5136,1,1080,1920,186,223,390,427,41616,0.02,,
1576174,1632701,9788424,9,10,5160,0,1080,1920,1139,172,1491,525,124256,0.06,,
1576175,1632701,9788424,9,10,5160,1,1080,1920,207,223,411,427,41616,0.02,,
1576176,1632701,9788424,9,10,5184,0,1080,1920,335,330,580,574,59780,0.029,,
1576177,1632701,9788424,9,10,5208,0,1080,1920,466,285,760,578,86142,0.042,,
1576178,1632701,9788424,9,10,5256,0,1080,1920,578,491,782,695,41616,0.02,,
1576179,1632701,9788424,9,10,5280,0,1080,1920,534,379,778,624,59780,0.029,,
1576180,1632701,9788424,9,10,5304,0,1080,1920,558,347,762,551,41616,0.02,,
1576181,1632701,9788424,9,10,5328,0,1080,1920,457,469,496,509,1560,0.001,,
1576182,1632701,9788424,9,10,5352,0,1080,1920,449,469,488,509,1560,0.001,,
1576183,1632701,9788424,9,10,5376,0,1080,1920,1180,351,1298,469,13924,0.007,,
1576184,1632701,9788424,9,10,5400,0,1080,1920,1180,363,1298,481,13924,0.007,,
1576185,1632701,9788424,9,10,5424,0,1080,1920,1180,339,1298,457,13924,0.007,,
1576186,1632701,9788424,9,10,5448,0,1080,1920,458,112,628,282,28900,0.014,,
1576187,1632701,9788424,9,10,5448,1,1080,1920,1161,685,1302,826,19881,0.01,,
1576188,1632701,9788424,9,10,5448,2,1080,1920,1576,656,1718,798,20164,0.01,,
1576189,1632701,9788424,9,10,5448,3,1080,1920,58,614,176,732,13924,0.007,,
1576190,1632701,9788424,9,10,5448,4,1080,1920,955,655,1053,754,9702,0.005,,
1576191,1632701,9788424,9,10,5448,5,1080,1920,1324,590,1442,708,13924,0.007,,
1576192,1632701,9788424,9,10,5472,0,1080,1920,955,655,1053,754,9702,0.005,,
1576193,1632701,9788424,9,10,5472,1,1080,1920,458,112,628,282,28900,0.014,,
1576194,1632701,9788424,9,10,5472,2,1080,1920,1161,685,1302,826,19881,0.01,,
1576195,1632701,9788424,9,10,5472,3,1080,1920,1576,656,1718,798,20164,0.01,,
1576196,1632701,9788424,9,10,5472,4,1080,1920,69,626,167,724,9604,0.005,,
1576197,1632701,9788424,9,10,5472,5,1080,1920,1336,590,1454,708,13924,0.007,,
1576198,1632701,9788424,9,10,5496,0,1080,1920,783,137,1135,489,123904,0.06,,
1576199,1632701,9788424,9,10,5520,0,1080,1920,783,137,1135,489,123904,0.06,,
1576200,1632701,9788424,9,10,5520,1,1080,1920,269,198,439,368,28900,0.014,,
1576201,1632701,9788424,9,10,5544,0,1080,1920,818,137,1170,489,123904,0.06,,
1576202,1632701,9788424,9,10,5544,1,1080,1920,269,198,439,368,28900,0.014,,
1576203,1632701,9788424,9,10,5568,0,1080,1920,1292,364,1340,412,2304,0.001,,
1576204,1632701,9788424,9,10,5568,1,1080,1920,870,206,917,254,2256,0.001,,
1576205,1632701,9788424,9,10,5568,2,1080,1920,333,301,372,341,1560,0.001,,
1576206,1632701,9788424,9,10,5568,3,1080,1920,1485,353,1524,393,1560,0.001,,
1576207,1632701,9788424,9,10,5568,4,1080,1920,1029,281,1068,321,1560,0.001,,
1576208,1632701,9788424,9,10,5568,5,1080,1920,128,379,185,436,3249,0.002,,
1576209,1632701,9788424,9,10,5568,6,1080,1920,229,317,268,357,1560,0.001,,
1576210,1632701,9788424,9,10,5568,7,1080,1920,1481,289,1520,329,1560,0.001,,
1576211,1632701,9788424,9,10,5568,8,1080,1920,133,245,172,285,1560,0.001,,
1576212,1632701,9788424,9,10,5568,9,1080,1920,1249,253,1288,293,1560,0.001,,
1576213,1632701,9788424,9,10,5568,10,1080,1920,1153,293,1192,333,1560,0.001,,
1576214,1632701,9788424,9,10,5568,11,1080,1920,473,269,512,309,1560,0.001,,
1576215,1632701,9788424,9,10,5568,12,1080,1920,9,257,48,297,1560,0.001,,
1576216,1632701,9788424,9,10,5592,0,1080,1920,791,235,848,292,3249,0.002,,
1576217,1632701,9788424,9,10,5592,1,1080,1920,357,305,396,345,1560,0.001,,
1576218,1632701,9788424,9,10,5592,2,1080,1920,1503,355,1551,402,2256,0.001,,
1576219,1632701,9788424,9,10,5592,3,1080,1920,1316,369,1364,417,2304,0.001,,
1576220,1632701,9788424,9,10,5592,4,1080,1920,155,388,202,436,2256,0.001,,
1576221,1632701,9788424,9,10,5592,5,1080,1920,1057,289,1096,329,1560,0.001,,
1576222,1632701,9788424,9,10,5592,6,1080,1920,253,321,292,361,1560,0.001,,
1576223,1632701,9788424,9,10,5592,7,1080,1920,1509,297,1548,337,1560,0.001,,
1576224,1632701,9788424,9,10,5592,8,1080,1920,157,253,196,293,1560,0.001,,
1576225,1632701,9788424,9,10,5592,9,1080,1920,1273,257,1312,297,1560,0.001,,
1576226,1632701,9788424,9,10,5616,0,1080,1920,749,242,817,310,4624,0.002,,
1576227,1632701,9788424,9,10,5616,1,1080,1920,1345,374,1392,421,2209,0.001,,
1576228,1632701,9788424,9,10,5616,2,1080,1920,1537,361,1576,401,1560,0.001,,
1576229,1632701,9788424,9,10,5616,3,1080,1920,1081,289,1120,329,1560,0.001,,
1576230,1632701,9788424,9,10,5616,4,1080,1920,174,388,221,436,2256,0.001,,
1576231,1632701,9788424,9,10,5616,5,1080,1920,393,309,432,349,1560,0.001,,
1576232,1632701,9788424,9,10,5616,6,1080,1920,285,321,324,361,1560,0.001,,
1576233,1632701,9788424,9,10,5616,7,1080,1920,5,341,44,381,1560,0.001,,
1576234,1632701,9788424,9,10,5616,8,1080,1920,509,281,548,321,1560,0.001,,
1576235,1632701,9788424,9,10,5616,9,1080,1920,1533,301,1572,341,1560,0.001,,
1576236,1632701,9788424,9,10,5616,10,1080,1920,185,253,224,293,1560,0.001,,
1576237,1632701,9788424,9,10,5616,11,1080,1920,1301,261,1340,301,1560,0.001,,
1576238,1632701,9788424,9,10,5640,0,1080,1920,590,256,658,324,4624,0.002,,
1576239,1632701,9788424,9,10,5640,1,1080,1920,1344,367,1401,424,3249,0.002,,
1576240,1632701,9788424,9,10,5640,2,1080,1920,1542,360,1589,407,2209,0.001,,
1576241,1632701,9788424,9,10,5640,3,1080,1920,183,393,231,441,2304,0.001,,
1576242,1632701,9788424,9,10,5640,4,1080,1920,1089,289,1128,329,1560,0.001,,
1576243,1632701,9788424,9,10,5640,5,1080,1920,1536,403,1830,697,86436,0.042,,
1576244,1632701,9788424,9,10,5640,6,1080,1920,193,253,232,293,1560,0.001,,
1576245,1632701,9788424,9,10,5640,7,1080,1920,405,309,444,349,1560,0.001,,
1576246,1632701,9788424,9,10,5640,8,1080,1920,1541,301,1580,341,1560,0.001,,
1576247,1632701,9788424,9,10,5640,9,1080,1920,289,321,328,361,1560,0.001,,
1576248,1632701,9788424,9,10,5640,10,1080,1920,13,341,52,381,1560,0.001,,
1576249,1632701,9788424,9,10,5640,11,1080,1920,513,281,552,321,1560,0.001,,
1576250,1632701,9788424,9,10,5664,0,1080,1920,541,284,610,352,4692,0.002,,
1576251,1632701,9788424,9,10,5664,1,1080,1920,1335,379,1383,426,2256,0.001,,
1576252,1632701,9788424,9,10,5664,2,1080,1920,179,393,226,441,2256,0.001,,
1576253,1632701,9788424,9,10,5664,3,1080,1920,1542,360,1589,407,2209,0.001,,
1576254,1632701,9788424,9,10,5664,4,1080,1920,1089,289,1128,329,1560,0.001,,
1576255,1632701,9788424,9,10,5664,5,1080,1920,405,305,444,345,1560,0.001,,
1576256,1632701,9788424,9,10,5664,6,1080,1920,193,253,232,293,1560,0.001,,
1576257,1632701,9788424,9,10,5664,7,1080,1920,1541,301,1580,341,1560,0.001,,
1576258,1632701,9788424,9,10,5664,8,1080,1920,293,321,332,361,1560,0.001,,
1576259,1632701,9788424,9,10,5664,9,1080,1920,9,341,48,381,1560,0.001,,
1576260,1632701,9788424,9,10,5688,0,1080,1920,1198,302,1367,471,28561,0.014,,
1576261,1632701,9788424,9,10,5712,0,1080,1920,1240,315,1358,433,13924,0.007,,
1576262,1632701,9788424,9,10,5736,0,1080,1920,1198,244,1401,447,41209,0.02,,
1576263,1632701,9788424,9,10,5736,1,1080,1920,558,231,803,475,59780,0.029,,
1576264,1632701,9788424,9,10,5760,0,1080,1920,1198,244,1401,447,41209,0.02,,
1576265,1632701,9788424,9,10,5760,1,1080,1920,558,231,803,475,59780,0.029,,
1576266,1632701,9788424,9,10,5784,0,1080,1920,466,195,760,489,86436,0.042,,
1576267,1632701,9788424,9,10,5784,1,1080,1920,1043,852,1213,1022,28900,0.014,,
1576268,1632701,9788424,9,10,5808,0,1080,1920,517,223,720,427,41412,0.02,,
1576269,1632701,9788424,9,10,5808,1,1080,1920,1060,852,1230,1022,28900,0.014,,
1576270,1632701,9788424,9,10,5832,0,1080,1920,1216,327,1334,445,13924,0.007,,
1576271,1632701,9788424,9,10,5856,0,1080,1920,930,255,1174,500,59780,0.029,,
1576272,1632701,9788424,9,10,5880,0,1080,1920,711,208,1063,560,123904,0.06,,
1576273,1632701,9788424,9,10,5904,0,1080,1920,925,257,1023,356,9702,0.005,,
1576274,1632701,9788424,9,10,5904,1,1080,1920,220,505,277,562,3249,0.002,,
1576275,1632701,9788424,9,10,5904,2,1080,1920,1340,489,1388,537,2304,0.001,,
1576276,1632701,9788424,9,10,5904,3,1080,1920,1513,480,1560,527,2209,0.001,,
1576277,1632701,9788424,9,10,5904,4,1080,1920,905,469,944,509,1560,0.001,,
1576278,1632701,9788424,9,10,5904,5,1080,1920,65,488,122,545,3249,0.002,,
1576279,1632701,9788424,9,10,5904,6,1080,1920,111,499,159,546,2256,0.001,,
1576280,1632701,9788424,9,10,5928,0,1080,1920,1332,482,1389,539,3249,0.002,,
1576281,1632701,9788424,9,10,5928,1,1080,1920,220,494,277,551,3249,0.002,,
1576282,1632701,9788424,9,10,5928,2,1080,1920,905,469,944,509,1560,0.001,,
1576283,1632701,9788424,9,10,5928,3,1080,1920,1513,480,1560,527,2209,0.001,,
1576284,1632701,9788424,9,10,5928,4,1080,1920,65,488,122,545,3249,0.002,,
1576285,1632701,9788424,9,10,5928,5,1080,1920,111,499,159,546,2256,0.001,,
1576286,1632701,9788424,9,10,5952,0,1080,1920,747,172,1099,525,124256,0.06,,
1576287,1632701,9788424,9,10,5952,1,1080,1920,320,233,490,403,28900,0.014,,
1576288,1632701,9788424,9,10,5976,0,1080,1920,747,137,1099,489,123904,0.06,,
1576289,1632701,9788424,9,10,5976,1,1080,1920,320,250,490,420,28900,0.014,,
1576290,1632701,9788424,9,10,6000,0,1080,1920,977,297,1045,366,4692,0.002,,
1576291,1632701,9788424,9,10,6000,1,1080,1920,765,369,804,409,1560,0.001,,
1576292,1632701,9788424,9,10,6000,2,1080,1920,1580,471,1637,528,3249,0.002,,
1576293,1632701,9788424,9,10,6024,0,1080,1920,765,373,804,413,1560,0.001,,
1576294,1632701,9788424,9,10,6024,1,1080,1920,957,287,1039,369,6724,0.003,,
1576295,1632701,9788424,9,10,6048,0,1080,1920,1128,231,1373,475,59780,0.029,,
1576296,1632701,9788424,9,10,6048,1,1080,1920,1342,120,1546,324,41616,0.02,,
1576297,1632701,9788424,9,10,6048,2,1080,1920,434,223,638,427,41616,0.02,,
1576298,1632701,9788424,9,10,6072,0,1080,1920,1156,223,1360,427,41616,0.02,,
1576299,1632701,9788424,9,10,6072,1,1080,1920,1363,120,1567,324,41616,0.02,,
1576300,1632701,9788424,9,10,6072,2,1080,1920,435,181,679,426,59780,0.029,,
1576301,1632701,9788424,9,10,6096,0,1080,1920,512,351,630,469,13924,0.007,,
1576302,1632701,9788424,9,10,6096,1,1080,1920,301,540,358,597,3249,0.002,,
1576303,1632701,9788424,9,10,6096,2,1080,1920,1697,461,1736,501,1560,0.001,,
1576304,1632701,9788424,9,10,6096,3,1080,1920,1021,437,1060,477,1560,0.001,,
1576305,1632701,9788424,9,10,6096,4,1080,1920,1857,441,1896,481,1560,0.001,,
1576306,1632701,9788424,9,10,6096,5,1080,1920,1364,504,1412,551,2256,0.001,,
1576307,1632701,9788424,9,10,6096,6,1080,1920,1245,437,1284,477,1560,0.001,,
1576308,1632701,9788424,9,10,6096,7,1080,1920,1297,461,1336,501,1560,0.001,,
1576309,1632701,9788424,9,10,6096,8,1080,1920,1525,397,1564,437,1560,0.001,,
1576310,1632701,9788424,9,10,6096,9,1080,1920,452,484,520,552,4624,0.002,,
1576311,1632701,9788424,9,10,6096,10,1080,1920,9,553,77,621,4624,0.002,,
1576312,1632701,9788424,9,10,6096,11,1080,1920,197,442,254,499,3249,0.002,,
1576313,1632701,9788424,9,10,6120,0,1080,1920,512,351,630,469,13924,0.007,,
1576314,1632701,9788424,9,10,6120,1,1080,1920,301,534,358,591,3249,0.002,,
1576315,1632701,9788424,9,10,6120,2,1080,1920,1374,504,1421,551,2209,0.001,,
1576316,1632701,9788424,9,10,6120,3,1080,1920,1697,457,1736,497,1560,0.001,,
1576317,1632701,9788424,9,10,6120,4,1080,1920,1857,437,1896,477,1560,0.001,,
1576318,1632701,9788424,9,10,6120,5,1080,1920,1025,433,1064,473,1560,0.001,,
1576319,1632701,9788424,9,10,6120,6,1080,1920,1297,457,1336,497,1560,0.001,,
1576320,1632701,9788424,9,10,6120,7,1080,1920,1245,433,1284,473,1560,0.001,,
1576321,1632701,9788424,9,10,6120,8,1080,1920,457,482,514,539,3249,0.002,,
1576322,1632701,9788424,9,10,6120,9,1080,1920,1525,393,1564,433,1560,0.001,,
1576323,1632701,9788424,9,10,6120,10,1080,1920,9,546,77,615,4692,0.002,,
1576324,1632701,9788424,9,10,6144,0,1080,1920,1112,336,1281,506,28730,0.014,,
1576325,1632701,9788424,9,10,6168,0,1080,1920,1129,353,1299,523,28900,0.014,,
1576326,1632701,9788424,9,10,6192,0,1080,1920,758,262,840,344,6724,0.003,,
1576327,1632701,9788424,9,10,6192,1,1080,1920,1013,469,1052,509,1560,0.001,,
1576328,1632701,9788424,9,10,6192,2,1080,1920,193,484,240,532,2256,0.001,,
1576329,1632701,9788424,9,10,6192,3,1080,1920,61,461,100,501,1560,0.001,,
1576330,1632701,9788424,9,10,6216,0,1080,1920,185,485,224,525,1560,0.001,,
1576331,1632701,9788424,9,10,6216,1,1080,1920,766,262,848,344,6724,0.003,,
1576332,1632701,9788424,9,10,6216,2,1080,1920,1013,469,1052,509,1560,0.001,,
1576333,1632701,9788424,9,10,6216,3,1080,1920,57,461,96,501,1560,0.001,,
1576334,1632701,9788424,9,10,6240,0,1080,1920,181,481,220,521,1560,0.001,,
1576335,1632701,9788424,9,10,6240,1,1080,1920,736,257,834,356,9702,0.005,,
1576336,1632701,9788424,9,10,6240,2,1080,1920,1013,469,1052,509,1560,0.001,,
1576337,1632701,9788424,9,10,6240,3,1080,1920,53,461,92,501,1560,0.001,,
1576338,1632701,9788424,9,10,6264,0,1080,1920,1014,466,1113,565,9801,0.005,,
1576339,1632701,9788424,9,10,6264,1,1080,1920,1488,408,1557,476,4692,0.002,,
1576340,1632701,9788424,9,10,6264,2,1080,1920,583,375,701,493,13924,0.007,,
1576341,1632701,9788424,9,10,6264,3,1080,1920,1735,402,1792,459,3249,0.002,,
1576342,1632701,9788424,9,10,6264,4,1080,1920,309,231,426,349,13806,0.007,,
1576343,1632701,9788424,9,10,6264,5,1080,1920,915,277,1013,375,9604,0.005,,
1576344,1632701,9788424,9,10,6264,6,1080,1920,676,257,774,356,9702,0.005,,
1576345,1632701,9788424,9,10,6264,7,1080,1920,1612,370,1694,452,6724,0.003,,
1576346,1632701,9788424,9,10,6288,0,1080,1920,308,247,406,346,9702,0.005,,
1576347,1632701,9788424,9,10,6288,1,1080,1920,1014,466,1113,565,9801,0.005,,
1576348,1632701,9788424,9,10,6288,2,1080,1920,559,375,677,493,13924,0.007,,
1576349,1632701,9788424,9,10,6288,3,1080,1920,1502,415,1570,483,4624,0.002,,
1576350,1632701,9788424,9,10,6288,4,1080,1920,1730,402,1786,459,3192,0.002,,
1576351,1632701,9788424,9,10,6288,5,1080,1920,1253,377,1352,475,9702,0.005,,
1576352,1632701,9788424,9,10,6288,6,1080,1920,895,267,993,366,9702,0.005,,
1576353,1632701,9788424,9,10,6288,7,1080,1920,1412,336,1460,383,2256,0.001,,
1576354,1632701,9788424,9,10,6288,8,1080,1920,1604,370,1686,452,6724,0.003,,
1576355,1632701,9788424,9,10,6288,9,1080,1920,676,257,774,356,9702,0.005,,
1576356,1632701,9788424,9,10,6312,0,1080,1920,1301,306,1505,509,41412,0.02,,
1576357,1632701,9788424,9,10,6336,0,1080,1920,1284,319,1453,489,28730,0.014,,
1576358,1632701,9788424,9,10,6360,0,1080,1920,1284,319,1453,489,28730,0.014,,
1576359,1632701,9788424,9,10,6384,0,1080,1920,640,208,992,560,123904,0.06,,
1576360,1632701,9788424,9,10,6408,0,1080,1920,747,208,1099,560,123904,0.06,,
1576361,1632701,9788424,9,10,6432,0,1080,1920,1249,319,1419,489,28900,0.014,,
1576362,1632701,9788424,9,10,6456,0,1080,1920,1249,302,1419,471,28730,0.014,,
1576363,1632701,9788424,9,10,6480,0,1080,1920,1266,267,1436,437,28900,0.014,,
1576364,1632701,9788424,9,10,6504,0,1080,1920,1266,319,1436,489,28900,0.014,,
1576365,1632701,9788424,9,10,6528,0,1080,1920,1266,284,1436,454,28900,0.014,,
1576366,1632701,9788424,9,10,6552,0,1080,1920,496,166,789,459,85849,0.041,,
1576367,1632701,9788424,9,10,6576,0,1080,1920,558,181,803,426,60025,0.029,,
1576368,1632701,9788424,9,10,6600,0,1080,1920,1078,280,1323,525,60025,0.029,,
1576369,1632701,9788424,9,10,6600,1,1080,1920,303,198,473,368,28900,0.014,,
1576370,1632701,9788424,9,10,6624,0,1080,1920,1078,280,1323,525,60025,0.029,,
1576371,1632701,9788424,9,10,6624,1,1080,1920,320,198,490,368,28900,0.014,,
1576372,1632701,9788424,9,10,6648,0,1080,1920,1004,255,1249,500,60025,0.029,,
1576373,1632701,9788424,9,10,6648,1,1080,1920,338,198,508,368,28900,0.014,,
1576374,1632701,9788424,9,10,6672,0,1080,1920,766,270,848,352,6724,0.003,,
1576375,1632701,9788424,9,10,6672,1,1080,1920,149,469,188,509,1560,0.001,,
1576376,1632701,9788424,9,10,6672,2,1080,1920,1013,469,1052,509,1560,0.001,,
1576377,1632701,9788424,9,10,6672,3,1080,1920,49,465,88,505,1560,0.001,,
1576378,1632701,9788424,9,10,6672,4,1080,1920,1133,453,1172,493,1560,0.001,,
1576379,1632701,9788424,9,10,6696,0,1080,1920,708,278,790,360,6724,0.003,,
1576380,1632701,9788424,9,10,6696,1,1080,1920,1001,469,1040,509,1560,0.001,,
1576381,1632701,9788424,9,10,6696,2,1080,1920,140,470,188,518,2304,0.001,,
1576382,1632701,9788424,9,10,6696,3,1080,1920,49,465,88,505,1560,0.001,,
1576383,1632701,9788424,9,10,6696,4,1080,1920,1133,453,1172,493,1560,0.001,,
1576384,1632701,9788424,9,10,6720,0,1080,1920,157,481,196,521,1560,0.001,,
1576385,1632701,9788424,9,10,6720,1,1080,1920,1133,453,1172,493,1560,0.001,,
1576386,1632701,9788424,9,10,6720,2,1080,1920,49,465,88,505,1560,0.001,,
1576387,1632701,9788424,9,10,6720,3,1080,1920,1009,473,1048,513,1560,0.001,,
1576388,1632701,9788424,9,10,6744,0,1080,1920,150,480,197,527,2209,0.001,,
1576389,1632701,9788424,9,10,6744,1,1080,1920,1133,453,1172,493,1560,0.001,,
1576390,1632701,9788424,9,10,6744,2,1080,1920,49,465,88,505,1560,0.001,,
1576391,1632701,9788424,9,10,6744,3,1080,1920,1017,477,1056,517,1560,0.001,,
1576392,1632701,9788424,9,10,6768,0,1080,1920,1090,195,1384,489,86436,0.042,,
1576393,1632701,9788424,9,10,6792,0,1080,1920,1068,208,1420,560,123904,0.06,,
1576394,1632701,9788424,9,10,6816,0,1080,1920,1376,181,1620,426,59780,0.029,,
1576395,1632701,9788424,9,10,6816,1,1080,1920,558,181,803,426,60025,0.029,,
1576396,1632701,9788424,9,10,6840,0,1080,1920,1376,181,1620,426,59780,0.029,,
1576397,1632701,9788424,9,10,6840,1,1080,1920,558,206,803,450,59780,0.029,,
1576398,1632701,9788424,9,10,6864,0,1080,1920,1043,319,1213,489,28900,0.014,,
1576399,1632701,9788424,9,10,6888,0,1080,1920,1043,302,1213,471,28730,0.014,,
1576400,1632701,9788424,9,10,6912,0,1080,1920,1026,302,1195,471,28561,0.014,,
1576401,1632701,9788424,9,10,6936,0,1080,1920,974,756,1116,898,20164,0.01,,
1576402,1632701,9788424,9,10,6936,1,1080,1920,410,132,654,376,59536,0.029,,
1576403,1632701,9788424,9,10,6936,2,1080,1920,1576,713,1718,855,20164,0.01,,
1576404,1632701,9788424,9,10,6960,0,1080,1920,974,756,1116,898,20164,0.01,,
1576405,1632701,9788424,9,10,6960,1,1080,1920,458,181,628,351,28900,0.014,,
1576406,1632701,9788424,9,10,6960,2,1080,1920,1576,713,1718,855,20164,0.01,,
1576407,1632701,9788424,9,10,6984,0,1080,1920,100,97,242,239,20164,0.01,,
1576408,1632701,9788424,9,10,6984,1,1080,1920,372,388,542,557,28730,0.014,,
1576409,1632701,9788424,9,10,6984,2,1080,1920,1425,285,1628,489,41412,0.02,,
1576410,1632701,9788424,9,10,6984,3,1080,1920,1290,154,1431,296,20022,0.01,,
1576411,1632701,9788424,9,10,7008,0,1080,1920,100,97,242,239,20164,0.01,,
1576412,1632701,9788424,9,10,7008,1,1080,1920,372,388,542,557,28730,0.014,,
1576413,1632701,9788424,9,10,7008,2,1080,1920,1425,285,1628,489,41412,0.02,,
1576414,1632701,9788424,9,10,7008,3,1080,1920,1290,154,1431,296,20022,0.01,,
1576415,1632701,9788424,9,10,7032,0,1080,1920,389,370,559,540,28900,0.014,,
1576416,1632701,9788424,9,10,7032,1,1080,1920,100,97,242,239,20164,0.01,,
1576417,1632701,9788424,9,10,7032,2,1080,1920,1425,285,1628,489,41412,0.02,,
1576418,1632701,9788424,9,10,7032,3,1080,1920,1290,154,1431,296,20022,0.01,,
1576419,1632701,9788424,9,10,7056,0,1080,1920,852,225,1146,519,86436,0.042,,
1576420,1632701,9788424,9,10,7056,1,1080,1920,248,223,452,427,41616,0.02,,
1576421,1632701,9788424,9,10,7080,0,1080,1920,269,233,439,403,28900,0.014,,
1576422,1632701,9788424,9,10,7080,1,1080,1920,818,172,1170,525,124256,0.06,,
1576423,1632701,9788424,9,10,7080,2,1080,1920,703,255,821,373,13924,0.007,,
1576424,1632701,9788424,9,10,7104,0,1080,1920,269,233,439,403,28900,0.014,,
1576425,1632701,9788424,9,10,7104,1,1080,1920,818,172,1170,525,124256,0.06,,
1576426,1632701,9788424,9,10,7104,2,1080,1920,715,267,833,385,13924,0.007,,
1576427,1632701,9788424,9,10,7128,0,1080,1920,578,120,782,324,41616,0.02,,
1576428,1632701,9788424,9,10,7128,1,1080,1920,854,749,1024,919,28900,0.014,,
1576429,1632701,9788424,9,10,7128,2,1080,1920,1476,713,1618,855,20164,0.01,,
1576430,1632701,9788424,9,10,7152,0,1080,1920,903,742,1044,884,20022,0.01,,
1576431,1632701,9788424,9,10,7152,1,1080,1920,599,120,803,324,41616,0.02,,
1576432,1632701,9788424,9,10,7152,2,1080,1920,1476,713,1618,855,20164,0.01,,
1576433,1632701,9788424,9,10,7176,0,1080,1920,903,742,1044,884,20022,0.01,,
1576434,1632701,9788424,9,10,7176,1,1080,1920,596,164,766,334,28900,0.014,,
1576435,1632701,9788424,9,10,7176,2,1080,1920,1476,713,1618,855,20164,0.01,,
1576436,1632701,9788424,9,10,7200,0,1080,1920,905,714,1075,884,28900,0.014,,
1576437,1632701,9788424,9,10,7200,1,1080,1920,455,161,658,365,41412,0.02,,
1576438,1632701,9788424,9,10,7200,2,1080,1920,1476,713,1618,855,20164,0.01,,
1576439,1632701,9788424,9,10,7224,0,1080,1920,1103,255,1348,500,60025,0.029,,
1576440,1632701,9788424,9,10,7248,0,1080,1920,1032,208,1384,560,123904,0.06,,
1576441,1632701,9788424,9,10,7272,0,1080,1920,1068,208,1420,560,123904,0.06,,
1576442,1632701,9788424,9,10,8112,0,1080,1920,666,606,764,704,9604,0.005,,
1576443,1632701,9788424,9,10,8136,0,1080,1920,630,269,772,411,20164,0.01,,
1576444,1632701,9788424,9,10,8160,0,1080,1920,702,226,844,368,20164,0.01,,
1576445,1632701,9788424,9,10,8184,0,1080,1920,768,164,938,334,28900,0.014,,
1576446,1632701,9788424,9,10,8208,0,1080,1920,1136,182,1340,385,41412,0.02,,
1576447,1632701,9788424,9,10,8232,0,1080,1920,1227,132,1472,376,59780,0.029,,
1576448,1632701,9788424,9,10,8256,0,1080,1920,1078,181,1323,426,60025,0.029,,
1576449,1632701,9788424,9,10,8280,0,1080,1920,734,255,1027,548,85849,0.041,,
1576450,1632701,9788424,9,10,8304,0,1080,1920,912,255,1205,548,85849,0.041,,
1576451,1632701,9788424,9,10,8328,0,1080,1920,942,255,1235,548,85849,0.041,,
1576452,1632701,9788424,9,10,8352,0,1080,1920,704,255,997,548,85849,0.041,,
1576453,1632701,9788424,9,10,8376,0,1080,1920,674,255,968,548,86142,0.042,,
1576454,1632701,9788424,9,10,8400,0,1080,1920,1178,107,1422,351,59536,0.029,,
1576455,1632701,9788424,9,10,8424,0,1080,1920,1178,132,1422,376,59536,0.029,,
1576456,1632701,9788424,9,10,8448,0,1080,1920,1153,156,1397,401,59780,0.029,,
1576457,1632701,9788424,9,10,8472,0,1080,1920,699,284,869,454,28900,0.014,,
1576458,1632701,9788424,9,10,8496,0,1080,1920,733,233,903,403,28900,0.014,,
1576459,1632701,9788424,9,10,8520,0,1080,1920,750,267,920,437,28900,0.014,,
1576460,1632701,9788424,9,10,8544,0,1080,1920,750,267,920,437,28900,0.014,,
1576461,1632701,9788424,9,10,8568,0,1080,1920,716,233,886,403,28900,0.014,,
1576462,1632701,9788424,9,10,8592,0,1080,1920,716,233,886,403,28900,0.014,,
1576463,1632701,9788424,9,10,8616,0,1080,1920,682,233,852,403,28900,0.014,,
1576464,1632701,9788424,9,10,8640,0,1080,1920,682,250,852,420,28900,0.014,,
1576465,1632701,9788424,9,10,8664,0,1080,1920,1128,132,1373,376,59780,0.029,,
1576466,1632701,9788424,9,10,8688,0,1080,1920,1156,161,1360,365,41616,0.02,,
1576467,1632701,9788424,9,10,8712,0,1080,1920,1115,202,1319,406,41616,0.02,,
1576468,1632701,9788424,9,10,8736,0,1080,1920,1128,156,1373,401,60025,0.029,,
1576469,1632701,9788424,9,10,8760,0,1080,1920,1103,181,1348,426,60025,0.029,,
1576470,1632701,9788424,9,10,8784,0,1080,1920,1103,156,1348,401,60025,0.029,,
1576471,1632701,9788424,9,10,8808,0,1080,1920,1103,156,1348,401,60025,0.029,,
1576472,1632701,9788424,9,10,8832,0,1080,1920,1078,156,1323,401,60025,0.029,,
1576473,1632701,9788424,9,10,8856,0,1080,1920,1078,181,1323,426,60025,0.029,,
1576474,1632701,9788424,9,10,8880,0,1080,1920,1078,156,1323,401,60025,0.029,,
1576475,1632701,9788424,9,10,8904,0,1080,1920,569,244,921,596,123904,0.06,,
1576476,1632701,9788424,9,10,8928,0,1080,1920,533,244,885,596,123904,0.06,,
1576477,1632701,9788424,9,10,8952,0,1080,1920,585,285,878,578,85849,0.041,,
1576478,1632701,9788424,9,10,8976,0,1080,1920,615,285,908,578,85849,0.041,,
1576479,1632701,9788424,9,10,9000,0,1080,1920,615,285,908,578,85849,0.041,,
1576480,1632701,9788424,9,10,9024,0,1080,1920,555,314,849,608,86436,0.042,,
1576481,1632701,9788424,9,10,9072,0,1080,1920,982,89,1405,512,178929,0.086,,
1576482,1632701,9788424,9,10,9096,0,1080,1920,999,108,1507,615,257556,0.124,,
1576483,1632701,9788424,9,10,9120,0,1080,1920,1247,298,1388,439,19881,0.01,,
1576484,1632701,9788424,9,10,9120,1,1080,1920,1761,277,1859,375,9604,0.005,,
1576485,1632701,9788424,9,10,9168,0,1080,1920,1232,284,1402,454,28900,0.014,,
1576486,1632701,9788424,9,10,9168,1,1080,1920,1403,337,1501,435,9604,0.005,,
1576487,1632701,9788424,9,10,9192,0,1080,1920,806,255,1051,500,60025,0.029,,
1576488,1632701,9788424,9,10,9216,0,1080,1920,509,255,753,500,59780,0.029,,
1576489,1632701,9788424,9,10,9240,0,1080,1920,806,206,1051,450,59780,0.029,,
1576490,1632701,9788424,9,10,9240,1,1080,1920,1216,351,1334,469,13924,0.007,,
1576491,1632701,9788424,9,10,9264,0,1080,1920,1218,355,1360,497,20164,0.01,,
1576492,1632701,9788424,9,10,9264,1,1080,1920,831,231,1075,475,59536,0.029,,
1576493,1632701,9788424,9,10,9288,0,1080,1920,1146,336,1316,506,28900,0.014,,
1576494,1632701,9788424,9,10,9288,1,1080,1920,756,255,1001,500,60025,0.029,,
1576495,1632701,9788424,9,10,9312,0,1080,1920,1094,326,1298,530,41616,0.02,,
1576496,1632701,9788424,9,10,9312,1,1080,1920,466,344,760,637,86142,0.042,,
1576497,1632701,9788424,9,10,9336,0,1080,1920,1136,326,1340,530,41616,0.02,,
1576498,1632701,9788424,9,10,9336,1,1080,1920,360,206,605,450,59780,0.029,,
1576499,1632701,9788424,9,10,9360,0,1080,1920,1129,319,1299,489,28900,0.014,,
1576500,1632701,9788424,9,10,9360,1,1080,1920,377,166,670,459,85849,0.041,,
1576501,1632701,9788424,9,10,9384,0,1080,1920,390,279,742,632,124256,0.06,,
1576502,1632701,9788424,9,10,9384,1,1080,1920,1112,319,1281,489,28730,0.014,,
1576503,1632701,9788424,9,10,9408,0,1080,1920,497,244,849,596,123904,0.06,,
1576504,1632701,9788424,9,10,9432,0,1080,1920,509,305,753,550,59780,0.029,,
1576505,1632701,9788424,9,10,9456,0,1080,1920,707,280,952,525,60025,0.029,,
1576506,1632701,9788424,9,10,9480,0,1080,1920,890,172,1242,525,124256,0.06,,
1576507,1632701,9788424,9,10,9504,0,1080,1920,925,208,1277,560,123904,0.06,,
1576508,1632701,9788424,9,10,9528,0,1080,1920,997,208,1349,560,123904,0.06,,
1576509,1632701,9788424,9,10,9552,0,1080,1920,533,244,885,596,123904,0.06,,
1576510,1632701,9788424,9,10,9576,0,1080,1920,469,218,891,640,178084,0.086,,
1576511,1632701,9788424,9,10,9600,0,1080,1920,462,244,814,596,123904,0.06,,
1576512,1632701,9788424,9,10,9624,0,1080,1920,383,175,806,598,178929,0.086,,
1576513,1632701,9788424,9,10,9648,0,1080,1920,462,244,814,596,123904,0.06,,
1576514,1632701,9788424,9,10,9672,0,1080,1920,462,208,814,560,123904,0.06,,
1576515,1632701,9788424,9,10,9696,0,1080,1920,762,255,880,373,13924,0.007,,
1576516,1632701,9788424,9,10,9696,1,1080,1920,1037,255,1155,373,13924,0.007,,
1576517,1632701,9788424,9,10,9720,0,1080,1920,750,255,868,373,13924,0.007,,
1576518,1632701,9788424,9,10,9744,0,1080,1920,1001,255,1119,373,13924,0.007,,
1576519,1632701,9788424,9,10,9744,1,1080,1920,739,255,856,373,13806,0.007,,
1576520,1632701,9788424,9,10,9768,0,1080,1920,715,243,833,361,13924,0.007,,
1576521,1632701,9788424,9,10,9768,1,1080,1920,1001,255,1119,373,13924,0.007,,
1576522,1632701,9788424,9,10,9792,0,1080,1920,1013,255,1131,373,13924,0.007,,
1576523,1632701,9788424,9,10,9792,1,1080,1920,750,255,868,373,13924,0.007,,
1576524,1632701,9788424,9,10,9816,0,1080,1920,497,244,849,596,123904,0.06,,
1576525,1632701,9788424,9,10,9840,0,1080,1920,497,315,849,667,123904,0.06,,
1576526,1632701,9788424,9,10,9864,0,1080,1920,383,218,806,640,178506,0.086,,
1576527,1632701,9788424,9,10,9888,0,1080,1920,961,244,1313,596,123904,0.06,,
1576528,1632701,9788424,9,10,9912,0,1080,1920,961,208,1313,560,123904,0.06,,
1576529,1632701,9788424,9,10,9936,0,1080,1920,890,208,1242,560,123904,0.06,,
1576530,1632701,9788424,9,10,9984,0,1080,1920,1637,378,1719,460,6724,0.003,,
1576531,1632701,9788424,9,10,9984,1,1080,1920,750,136,868,254,13924,0.007,,
1576532,1632701,9788424,9,10,10008,0,1080,1920,1256,345,1338,427,6724,0.003,,
1576533,1632701,9788424,9,10,10032,0,1080,1920,841,278,923,360,6724,0.003,,
1576534,1632701,9788424,9,10,10032,1,1080,1920,1323,227,1421,326,9702,0.005,,
1576535,1632701,9788424,9,10,10056,0,1080,1920,1512,217,1610,316,9702,0.005,,
1576536,1632701,9788424,9,10,10056,1,1080,1920,501,270,583,352,6724,0.003,,
1576537,1632701,9788424,9,10,10080,0,1080,1920,318,278,400,360,6724,0.003,,
1576538,1632701,9788424,9,10,10080,1,1080,1920,1527,148,1645,266,13924,0.007,,
1576539,1632701,9788424,9,10,10104,0,1080,1920,348,297,416,366,4692,0.002,,
1576540,1632701,9788424,9,10,10128,0,1080,1920,376,303,458,385,6724,0.003,,
1576541,1632701,9788424,9,10,10152,0,1080,1920,393,295,475,377,6724,0.003,,
1576542,1632701,9788424,9,10,10176,0,1080,1920,368,277,466,375,9604,0.005,,
1576543,1632701,9788424,9,10,10200,0,1080,1920,455,140,658,344,41412,0.02,,
1576544,1632701,9788424,9,10,10224,0,1080,1920,335,156,580,401,60025,0.029,,
1576545,1632701,9788424,9,10,10248,0,1080,1920,1232,181,1402,351,28900,0.014,,
1576546,1632701,9788424,9,10,10272,0,1080,1920,1352,198,1522,368,28900,0.014,,
1576547,1632701,9788424,9,10,10296,0,1080,1920,509,132,753,376,59536,0.029,,
1576548,1632701,9788424,9,10,10320,0,1080,1920,534,132,778,376,59536,0.029,,
1576549,1632701,9788424,9,10,10344,0,1080,1920,942,225,1235,519,86142,0.042,,
1576550,1632701,9788424,9,10,10368,0,1080,1920,890,208,1242,560,123904,0.06,,
1576551,1632701,9788424,9,10,10392,0,1080,1920,426,244,778,596,123904,0.06,,
1576552,1632701,9788424,9,10,10416,0,1080,1920,497,244,849,596,123904,0.06,,
1576553,1632701,9788424,9,10,10440,0,1080,1920,982,175,1405,598,178929,0.086,,
1576554,1632701,9788424,9,10,10464,0,1080,1920,1068,208,1420,560,123904,0.06,,
1576555,1632701,9788424,9,10,10488,0,1080,1920,1068,208,1420,560,123904,0.06,,
1576556,1632701,9788424,9,10,10512,0,1080,1920,459,132,704,376,59780,0.029,,
1576557,1632701,9788424,9,10,10536,0,1080,1920,435,132,679,376,59536,0.029,,
1576558,1632701,9788424,9,10,10560,0,1080,1920,1177,140,1381,344,41616,0.02,,
1576559,1632701,9788424,9,10,10584,0,1080,1920,1180,147,1350,317,28900,0.014,,
1576560,1632701,9788424,9,10,10608,0,1080,1920,475,140,679,344,41616,0.02,,
1576561,1632701,9788424,9,10,10632,0,1080,1920,484,156,729,401,60025,0.029,,
1576562,1632701,9788424,9,10,10656,0,1080,1920,484,156,729,401,60025,0.029,,
1576563,1632701,9788424,9,10,10680,0,1080,1920,459,156,704,401,60025,0.029,,
1576564,1632701,9788424,9,10,10704,0,1080,1920,459,132,704,376,59780,0.029,,
1576565,1632701,9788424,9,10,10728,0,1080,1920,1198,147,1367,317,28730,0.014,,
1576566,1632701,9788424,9,10,10752,0,1080,1920,1198,147,1367,317,28730,0.014,,
1576567,1632701,9788424,9,10,10776,0,1080,1920,533,208,885,560,123904,0.06,,
1576568,1632701,9788424,9,10,10800,0,1080,1920,512,218,934,640,178084,0.086,,
1576569,1632701,9788424,9,10,10824,0,1080,1920,469,218,891,640,178084,0.086,,
1576570,1632701,9788424,9,10,10848,0,1080,1920,997,208,1349,560,123904,0.06,,
1576571,1632701,9788424,9,10,10872,0,1080,1920,1068,208,1420,560,123904,0.06,,
1576572,1632701,9788424,9,10,10896,0,1080,1920,1025,175,1448,598,178929,0.086,,
1576573,1632701,9788424,9,10,10920,0,1080,1920,533,208,885,560,123904,0.06,,
1576574,1632701,9788424,9,10,10944,0,1080,1920,462,172,814,525,124256,0.06,,
1576575,1632701,9788424,9,10,10968,0,1080,1920,533,172,885,525,124256,0.06,,
1576576,1632701,9788424,9,10,10992,0,1080,1920,526,195,819,489,86142,0.042,,
1576577,1632701,9788424,9,10,11016,0,1080,1920,497,208,849,560,123904,0.06,,
1576578,1632701,9788424,9,10,11040,0,1080,1920,961,244,1313,596,123904,0.06,,
1576579,1632701,9788424,9,10,11064,0,1080,1920,961,244,1313,596,123904,0.06,,
1576580,1632701,9788424,9,10,11088,0,1080,1920,604,244,956,596,123904,0.06,,
1576581,1632701,9788424,9,10,11112,0,1080,1920,569,244,921,596,123904,0.06,,
1576582,1632701,9788424,9,10,11136,0,1080,1920,554,261,977,683,178506,0.086,,
1576583,1632701,9788424,9,10,11160,0,1080,1920,554,261,977,683,178506,0.086,,
1576584,1632701,9788424,9,10,11184,0,1080,1920,512,218,934,640,178084,0.086,,
1576585,1632701,9788424,9,10,11208,0,1080,1920,1104,208,1456,560,123904,0.06,,
1576586,1632701,9788424,9,10,11232,0,1080,1920,1104,208,1456,560,123904,0.06,,
1576587,1632701,9788424,9,10,11256,0,1080,1920,1104,208,1456,560,123904,0.06,,
1576588,1632701,9788424,9,10,11568,0,1080,1920,1223,500,1280,556,3192,0.002,,
1576589,1632701,9788424,9,10,11592,0,1080,1920,416,217,473,274,3249,0.002,,
1576590,1632701,9788424,9,10,11616,0,1080,1920,468,200,525,257,3249,0.002,,
1576591,1632701,9788424,9,10,11640,0,1080,1920,480,200,537,257,3249,0.002,,
1576592,1632701,9788424,9,10,11664,0,1080,1920,991,161,1195,365,41616,0.02,,
1576593,1632701,9788424,9,10,11688,0,1080,1920,991,161,1195,365,41616,0.02,,
1576594,1632701,9788424,9,10,11712,0,1080,1920,991,161,1195,365,41616,0.02,,
1576595,1632701,9788424,9,10,11736,0,1080,1920,458,284,628,454,28900,0.014,,
1576596,1632701,9788424,9,10,11760,0,1080,1920,630,250,800,420,28900,0.014,,
1576597,1632701,9788424,9,10,11784,0,1080,1920,802,284,972,454,28900,0.014,,
1576598,1632701,9788424,9,10,11832,0,1080,1920,682,250,852,420,28900,0.014,,
1576599,1632701,9788424,9,10,11856,0,1080,1920,1828,602,1910,684,6724,0.003,,
1576600,1632701,9788424,9,10,11880,0,1080,1920,1654,553,1723,621,4692,0.002,,
1576601,1632701,9788424,9,10,11904,0,1080,1920,1571,539,1640,608,4761,0.002,,
1576602,1632701,9788424,9,10,11928,0,1080,1920,1537,532,1605,601,4692,0.002,,
1576603,1632701,9788424,9,10,11952,0,1080,1920,1530,532,1598,601,4692,0.002,,
1576604,1632701,9788424,9,10,11976,0,1080,1920,1530,532,1598,601,4692,0.002,,
1576605,1632701,9788424,9,10,12000,0,1080,1920,1523,532,1591,601,4692,0.002,,
1576606,1632701,9788424,9,10,12024,0,1080,1920,1523,539,1591,608,4692,0.002,,
1576607,1632701,9788424,9,10,12048,0,1080,1920,1523,539,1591,608,4692,0.002,,
1576608,1632701,9788424,9,10,12072,0,1080,1920,401,126,543,267,20022,0.01,,
1576609,1632701,9788424,9,10,12096,0,1080,1920,401,126,543,267,20022,0.01,,
1576610,1632701,9788424,9,10,12120,0,1080,1920,389,112,559,282,28900,0.014,,
1576611,1632701,9788424,9,10,12144,0,1080,1920,1180,181,1350,351,28900,0.014,,
1576612,1632701,9788424,9,10,12168,0,1080,1920,444,126,586,267,20022,0.01,,
1576613,1632701,9788424,9,10,12192,0,1080,1920,424,112,594,282,28900,0.014,,
1576614,1632701,9788424,9,10,12216,0,1080,1920,1156,161,1360,365,41616,0.02,,
1576615,1632701,9788424,9,10,12240,0,1080,1920,1156,182,1360,385,41412,0.02,,
1576616,1632701,9788424,9,10,12264,0,1080,1920,1156,161,1360,365,41616,0.02,,
1576617,1632701,9788424,9,10,12288,0,1080,1920,424,112,594,282,28900,0.014,,
1576618,1632701,9788424,9,10,12312,0,1080,1920,406,112,576,282,28900,0.014,,
1576619,1632701,9788424,9,10,12336,0,1080,1920,1136,161,1340,365,41616,0.02,,
1576620,1632701,9788424,9,10,12360,0,1080,1920,1115,161,1319,365,41616,0.02,,
1576621,1632701,9788424,9,10,12384,0,1080,1920,604,208,956,560,123904,0.06,,
1576622,1632701,9788424,9,10,12408,0,1080,1920,604,244,956,596,123904,0.06,,
1576623,1632701,9788424,9,10,12432,0,1080,1920,604,208,956,560,123904,0.06,,
1576624,1632701,9788424,9,10,12456,0,1080,1920,569,208,921,560,123904,0.06,,
1576625,1632701,9788424,9,10,12480,0,1080,1920,604,208,956,560,123904,0.06,,
1576626,1632701,9788424,9,10,12504,0,1080,1920,1146,164,1316,334,28900,0.014,,
1576627,1632701,9788424,9,10,12528,0,1080,1920,1136,120,1340,324,41616,0.02,,
1576628,1632701,9788424,9,10,12552,0,1080,1920,1115,140,1319,344,41616,0.02,,
1576629,1632701,9788424,9,10,12576,0,1080,1920,1136,120,1340,324,41616,0.02,,
1576630,1632701,9788424,9,10,12600,0,1080,1920,640,244,992,596,123904,0.06,,
1576631,1632701,9788424,9,10,12624,0,1080,1920,497,244,849,596,123904,0.06,,
1576632,1632701,9788424,9,10,12648,0,1080,1920,640,244,992,596,123904,0.06,,
1576633,1632701,9788424,9,10,12672,0,1080,1920,676,244,1028,596,123904,0.06,,
1576634,1632701,9788424,9,10,12696,0,1080,1920,1074,532,1142,601,4692,0.002,,
1576635,1632701,9788424,9,10,12720,0,1080,1920,1074,532,1142,601,4692,0.002,,
1576636,1632701,9788424,9,10,12744,0,1080,1920,1065,527,1147,609,6724,0.003,,
1576637,1632701,9788424,9,10,12768,0,1080,1920,1073,527,1155,609,6724,0.003,,
1576638,1632701,9788424,9,10,12792,0,1080,1920,1115,544,1197,626,6724,0.003,,
1576639,1632701,9788424,9,10,12792,1,1080,1920,207,285,411,489,41616,0.02,,
1576640,1632701,9788424,9,10,12816,0,1080,1920,1131,552,1213,634,6724,0.003,,
1576641,1632701,9788424,9,10,12840,0,1080,1920,1115,536,1197,617,6642,0.003,,
1576642,1632701,9788424,9,10,12864,0,1080,1920,656,108,754,206,9604,0.005,,
1576643,1632701,9788424,9,10,12888,0,1080,1920,1115,264,1319,468,41616,0.02,,
1576644,1632701,9788424,9,10,12912,0,1080,1920,1383,120,1587,324,41616,0.02,,
1576645,1632701,9788424,9,10,12936,0,1080,1920,1363,161,1567,365,41616,0.02,,
1576646,1632701,9788424,9,10,12960,0,1080,1920,569,172,921,525,124256,0.06,,
1576647,1632701,9788424,9,10,12984,0,1080,1920,604,172,956,525,124256,0.06,,
1576648,1632701,9788424,9,10,13008,0,1080,1920,569,172,921,525,124256,0.06,,
1576649,1632701,9788424,9,10,13032,0,1080,1920,683,303,1105,726,178506,0.086,,
1576650,1632701,9788424,9,10,13056,0,1080,1920,1111,303,1533,726,178506,0.086,,
1576651,1632701,9788424,9,10,13080,0,1080,1920,897,261,1319,683,178084,0.086,,
1576652,1632701,9788424,9,10,13104,0,1080,1920,1111,261,1533,683,178084,0.086,,
1576653,1632701,9788424,9,10,13128,0,1080,1920,1111,261,1533,683,178084,0.086,,
1576654,1632701,9788424,9,10,13152,0,1080,1920,1068,261,1491,683,178506,0.086,,
1576655,1632701,9788424,9,10,13176,0,1080,1920,982,303,1405,726,178929,0.086,,
1576656,1632701,9788424,9,10,13200,0,1080,1920,982,303,1405,726,178929,0.086,,
1576657,1632701,9788424,9,10,13248,0,1080,1920,487,226,629,368,20164,0.01,,
1576658,1632701,9788424,9,10,13272,0,1080,1920,587,212,729,353,20022,0.01,,
1576659,1632701,9788424,9,10,13296,0,1080,1920,544,226,686,368,20164,0.01,,
1576660,1632701,9788424,9,10,13320,0,1080,1920,530,212,672,353,20022,0.01,,
1576661,1632701,9788424,9,10,13344,0,1080,1920,544,197,686,339,20164,0.01,,
1576662,1632701,9788424,9,10,13368,0,1080,1920,544,212,686,353,20022,0.01,,
1576663,1632701,9788424,9,10,13392,0,1080,1920,1232,240,1374,382,20164,0.01,,
1576664,1632701,9788424,9,10,13416,0,1080,1920,1218,255,1360,396,20022,0.01,,
1576665,1632701,9788424,9,10,13440,0,1080,1920,516,169,657,310,19881,0.01,,
1576666,1632701,9788424,9,10,13464,0,1080,1920,516,183,657,325,20022,0.01,,
1576667,1632701,9788424,9,10,13488,0,1080,1920,510,164,680,334,28900,0.014,,
1576668,1632701,9788424,9,10,13512,0,1080,1920,573,197,715,339,20164,0.01,,
1576669,1632701,9788424,9,10,13536,0,1080,1920,1198,198,1367,368,28730,0.014,,
1576670,1632701,9788424,9,10,13536,1,1080,1920,393,120,597,324,41616,0.02,,
1576671,1632701,9788424,9,10,13560,0,1080,1920,434,120,638,324,41616,0.02,,
1576672,1632701,9788424,9,10,13560,1,1080,1920,1115,161,1319,365,41616,0.02,,
1576673,1632701,9788424,9,10,13584,0,1080,1920,1146,181,1316,351,28900,0.014,,
1576674,1632701,9788424,9,10,13584,1,1080,1920,455,120,658,324,41412,0.02,,
1576675,1632701,9788424,9,10,13608,0,1080,1920,1094,244,1298,447,41412,0.02,,
1576676,1632701,9788424,9,10,13632,0,1080,1920,1115,244,1319,447,41412,0.02,,
1576677,1632701,9788424,9,10,13656,0,1080,1920,1103,231,1348,475,59780,0.029,,
1576678,1632701,9788424,9,10,13680,0,1080,1920,597,261,1020,683,178506,0.086,,
1576679,1632701,9788424,9,10,13704,0,1080,1920,512,261,934,683,178084,0.086,,
1576680,1632701,9788424,9,10,13728,0,1080,1920,554,261,977,683,178506,0.086,,
1576681,1632701,9788424,9,10,13752,0,1080,1920,897,303,1319,726,178506,0.086,,
1576682,1632701,9788424,9,10,13776,0,1080,1920,961,315,1313,667,123904,0.06,,
1576683,1632701,9788424,9,10,13800,0,1080,1920,997,315,1349,667,123904,0.06,,
1576684,1632701,9788424,9,10,13824,0,1080,1920,940,261,1362,683,178084,0.086,,
1576685,1632701,9788424,9,10,13848,0,1080,1920,940,261,1362,683,178084,0.086,,
1576686,1632701,9788424,9,10,13872,0,1080,1920,512,261,934,683,178084,0.086,,
1576687,1632701,9788424,9,10,13896,0,1080,1920,512,261,934,683,178084,0.086,,
1576688,1632701,9788424,9,10,13920,0,1080,1920,512,261,934,683,178084,0.086,,
1576689,1632701,9788424,9,10,13944,0,1080,1920,982,261,1405,683,178506,0.086,,
1576690,1632701,9788424,9,10,13968,0,1080,1920,940,261,1362,683,178084,0.086,,
1576691,1632701,9788424,9,10,13992,0,1080,1920,982,261,1405,683,178506,0.086,,
1576692,1632701,9788424,9,10,14016,0,1080,1920,982,261,1405,683,178506,0.086,,
1576693,1632701,9788424,9,10,14040,0,1080,1920,982,261,1405,683,178506,0.086,,
1576694,1632701,9788424,9,10,14064,0,1080,1920,982,261,1405,683,178506,0.086,,
1576695,1632701,9788424,9,10,14184,0,1080,1920,476,345,558,427,6724,0.003,,
1576696,1632701,9788424,9,10,14208,0,1080,1920,634,312,715,394,6642,0.003,,
1576697,1632701,9788424,9,10,14232,0,1080,1920,700,287,782,369,6724,0.003,,
1576698,1632701,9788424,9,10,14256,0,1080,1920,666,257,764,356,9702,0.005,,
1576699,1632701,9788424,9,10,14280,0,1080,1920,717,245,798,327,6642,0.003,,
1576700,1632701,9788424,9,10,14304,0,1080,1920,1232,216,1402,385,28730,0.014,,
1576701,1632701,9788424,9,10,14328,0,1080,1920,1239,223,1443,427,41616,0.02,,
1576702,1632701,9788424,9,10,14352,0,1080,1920,1218,223,1422,427,41616,0.02,,
1576703,1632701,9788424,9,10,14376,0,1080,1920,1218,202,1422,406,41616,0.02,,
1576704,1632701,9788424,9,10,14400,0,1080,1920,487,183,629,325,20164,0.01,,
1576705,1632701,9788424,9,10,14424,0,1080,1920,473,183,614,325,20022,0.01,,
1576706,1632701,9788424,9,10,14448,0,1080,1920,1094,181,1264,351,28900,0.014,,
1576707,1632701,9788424,9,10,14472,0,1080,1920,815,198,914,296,9702,0.005,,
1576708,1632701,9788424,9,10,14496,0,1080,1920,815,198,914,296,9702,0.005,,
1576709,1632701,9788424,9,10,14520,0,1080,1920,815,198,914,296,9702,0.005,,
1576710,1632701,9788424,9,10,14544,0,1080,1920,882,204,964,286,6724,0.003,,
1576711,1632701,9788424,9,10,14568,0,1080,1920,965,188,1063,286,9604,0.005,,
1576712,1632701,9788424,9,10,14592,0,1080,1920,925,188,1023,286,9604,0.005,,
1576713,1632701,9788424,9,10,14616,0,1080,1920,955,188,1053,286,9604,0.005,,
1576714,1632701,9788424,9,10,14640,0,1080,1920,1112,198,1281,368,28730,0.014,,
1576715,1632701,9788424,9,10,14664,0,1080,1920,1077,216,1247,385,28730,0.014,,
1576716,1632701,9788424,9,10,14688,0,1080,1920,596,147,766,317,28900,0.014,,
1576717,1632701,9788424,9,10,14712,0,1080,1920,561,147,731,317,28900,0.014,,
1576718,1632701,9788424,9,10,14736,0,1080,1920,602,169,743,310,19881,0.01,,
1576719,1632701,9788424,9,10,14760,0,1080,1920,602,197,743,339,20022,0.01,,
1576720,1632701,9788424,9,10,14784,0,1080,1920,616,183,758,325,20164,0.01,,
1576721,1632701,9788424,9,10,14808,0,1080,1920,1008,181,1178,351,28900,0.014,,
1576722,1632701,9788424,9,10,14832,0,1080,1920,991,198,1161,368,28900,0.014,,
1576723,1632701,9788424,9,10,14856,0,1080,1920,974,198,1144,368,28900,0.014,,
1576724,1632701,9788424,9,10,14880,0,1080,1920,991,216,1161,385,28730,0.014,,
1576725,1632701,9788424,9,10,14904,0,1080,1920,1008,198,1178,368,28900,0.014,,
1576726,1632701,9788424,9,10,14928,0,1080,1920,991,216,1161,385,28730,0.014,,
1576727,1632701,9788424,9,10,14952,0,1080,1920,991,216,1161,385,28730,0.014,,
1576728,1632701,9788424,9,10,14976,0,1080,1920,974,216,1144,385,28730,0.014,,
1576729,1632701,9788424,9,10,15000,0,1080,1920,1008,181,1178,351,28900,0.014,,
1576730,1632701,9788424,9,10,15024,0,1080,1920,1043,198,1213,368,28900,0.014,,
1576731,1632701,9788424,9,10,15048,0,1080,1920,517,140,720,344,41412,0.02,,
1576732,1632701,9788424,9,10,15072,0,1080,1920,517,140,720,344,41412,0.02,,
1576733,1632701,9788424,9,10,15096,0,1080,1920,991,198,1161,368,28900,0.014,,
1576734,1632701,9788424,9,10,15120,0,1080,1920,974,198,1144,368,28900,0.014,,
1576735,1632701,9788424,9,10,15144,0,1080,1920,534,156,778,401,59780,0.029,,
1576736,1632701,9788424,9,10,15168,0,1080,1920,899,212,981,294,6724,0.003,,
1576737,1632701,9788424,9,10,15192,0,1080,1920,1004,206,1249,450,59780,0.029,,
1576738,1632701,9788424,9,10,15216,0,1080,1920,473,169,614,310,19881,0.01,,
1576739,1632701,9788424,9,10,15216,1,1080,1920,1060,112,1230,282,28900,0.014,,
1576740,1632701,9788424,9,10,15240,0,1080,1920,1103,140,1245,282,20164,0.01,,
1576741,1632701,9788424,9,10,15240,1,1080,1920,372,169,514,310,20022,0.01,,
1576742,1632701,9788424,9,10,15264,0,1080,1920,1075,126,1216,267,19881,0.01,,
1576743,1632701,9788424,9,10,15264,1,1080,1920,401,183,543,325,20164,0.01,,
1576744,1632701,9788424,9,10,15288,0,1080,1920,1017,126,1159,267,20022,0.01,,
1576745,1632701,9788424,9,10,15288,1,1080,1920,415,169,557,310,20022,0.01,,
1576746,1632701,9788424,9,10,15312,0,1080,1920,1277,206,1521,450,59536,0.029,,
1576747,1632701,9788424,9,10,15336,0,1080,1920,1376,206,1620,450,59536,0.029,,
1576748,1632701,9788424,9,10,15360,0,1080,1920,1252,181,1496,426,59780,0.029,,
1576749,1632701,9788424,9,10,15384,0,1080,1920,1103,181,1348,426,60025,0.029,,
1576750,1632701,9788424,9,10,15408,0,1080,1920,676,208,1028,560,123904,0.06,,
1576751,1632701,9788424,9,10,15432,0,1080,1920,676,244,1028,596,123904,0.06,,
1576752,1632701,9788424,9,10,15456,0,1080,1920,615,195,908,489,86142,0.042,,
1576753,1632701,9788424,9,10,15480,0,1080,1920,615,195,908,489,86142,0.042,,
1576754,1632701,9788424,9,10,15504,0,1080,1920,1054,206,1298,450,59536,0.029,,
1576755,1632701,9788424,9,10,15528,0,1080,1920,1029,206,1273,450,59536,0.029,,
1576756,1632701,9788424,9,10,15552,0,1080,1920,1031,166,1324,459,85849,0.041,,
1576757,1632701,9788424,9,10,15576,0,1080,1920,1001,195,1295,489,86436,0.042,,
1576758,1632701,9788424,9,10,15600,0,1080,1920,387,183,528,325,20022,0.01,,
1576759,1632701,9788424,9,10,15600,1,1080,1920,960,97,1102,239,20164,0.01,,
1576760,1632701,9788424,9,10,15624,0,1080,1920,387,169,528,310,19881,0.01,,
1576761,1632701,9788424,9,10,15624,1,1080,1920,931,111,1073,253,20164,0.01,,
1576762,1632701,9788424,9,10,15648,0,1080,1920,387,169,528,310,19881,0.01,,
1576763,1632701,9788424,9,10,15648,1,1080,1920,946,126,1087,267,19881,0.01,,
1576764,1632701,9788424,9,10,15672,0,1080,1920,387,183,528,325,20022,0.01,,
1576765,1632701,9788424,9,10,15672,1,1080,1920,957,130,1127,299,28730,0.014,,
1576766,1632701,9788424,9,10,15696,0,1080,1920,387,183,528,325,20022,0.01,,
1576767,1632701,9788424,9,10,15696,1,1080,1920,960,140,1102,282,20164,0.01,,
1576768,1632701,9788424,9,10,15720,0,1080,1920,960,126,1102,267,20022,0.01,,
1576769,1632701,9788424,9,10,15720,1,1080,1920,372,183,514,325,20164,0.01,,
1576770,1632701,9788424,9,10,15744,0,1080,1920,974,126,1116,267,20022,0.01,,
1576771,1632701,9788424,9,10,15744,1,1080,1920,415,183,557,325,20164,0.01,,
1576772,1632701,9788424,9,10,15768,0,1080,1920,430,183,571,325,20022,0.01,,
1576773,1632701,9788424,9,10,15768,1,1080,1920,991,112,1161,282,28900,0.014,,
1576774,1632701,9788424,9,10,15792,0,1080,1920,415,183,557,325,20164,0.01,,
1576775,1632701,9788424,9,10,15792,1,1080,1920,989,140,1130,282,20022,0.01,,
1576776,1632701,9788424,9,10,15816,0,1080,1920,1120,195,1413,489,86142,0.042,,
1576777,1632701,9788424,9,10,15840,0,1080,1920,1090,195,1384,489,86436,0.042,,
1576778,1632701,9788424,9,10,15864,0,1080,1920,1061,195,1354,489,86142,0.042,,
1576779,1632701,9788424,9,10,15888,0,1080,1920,1090,195,1384,489,86436,0.042,,
1576780,1632701,9788424,9,10,15912,0,1080,1920,1090,195,1384,489,86436,0.042,,
1576781,1632701,9788424,9,10,15936,0,1080,1920,604,172,956,525,124256,0.06,,
1576782,1632701,9788424,9,10,15960,0,1080,1920,604,172,956,525,124256,0.06,,
1576783,1632701,9788424,9,10,15984,0,1080,1920,1001,225,1295,519,86436,0.042,,
1576784,1632701,9788424,9,10,16008,0,1080,1920,925,172,1277,525,124256,0.06,,
1576785,1632701,9788424,9,10,16032,0,1080,1920,971,225,1265,519,86436,0.042,,
1576786,1632701,9788424,9,10,16056,0,1080,1920,971,225,1265,519,86436,0.042,,
1576787,1632701,9788424,9,10,16080,0,1080,1920,1031,195,1324,489,86142,0.042,,
1576788,1632701,9788424,9,10,16104,0,1080,1920,338,198,508,368,28900,0.014,,
1576789,1632701,9788424,9,10,16104,1,1080,1920,1074,120,1278,324,41616,0.02,,
1576790,1632701,9788424,9,10,16128,0,1080,1920,702,244,906,447,41412,0.02,,
1576791,1632701,9788424,9,10,16176,0,1080,1920,1284,198,1453,368,28730,0.014,,
1576792,1632701,9788424,9,10,16200,0,1080,1920,1266,250,1436,420,28900,0.014,,
1576793,1632701,9788424,9,10,16224,0,1080,1920,991,202,1195,406,41616,0.02,,
1576794,1632701,9788424,9,10,16248,0,1080,1920,661,223,865,427,41616,0.02,,
1576795,1632701,9788424,9,10,16272,0,1080,1920,410,206,654,450,59536,0.029,,
1576796,1632701,9788424,9,10,16296,0,1080,1920,578,216,748,385,28730,0.014,,
1576797,1632701,9788424,9,10,16320,0,1080,1920,1178,156,1422,401,59780,0.029,,
1576798,1632701,9788424,9,10,16344,0,1080,1920,1202,206,1447,450,59780,0.029,,
1576799,1632701,9788424,9,10,16368,0,1080,1920,1227,206,1472,450,59780,0.029,,
1576800,1632701,9788424,9,10,16392,0,1080,1920,1227,206,1472,450,59780,0.029,,
1576801,1632701,9788424,9,10,16416,0,1080,1920,1277,231,1521,475,59536,0.029,,
1576802,1632701,9788424,9,10,16440,0,1080,1920,578,140,782,344,41616,0.02,,
1576803,1632701,9788424,9,10,16464,0,1080,1920,558,182,762,385,41412,0.02,,
1576804,1632701,9788424,9,10,16488,0,1080,1920,1355,502,1437,584,6724,0.003,,
1576805,1632701,9788424,9,10,16512,0,1080,1920,1293,546,1391,644,9604,0.005,,
1576806,1632701,9788424,9,10,16560,0,1080,1920,1283,168,1382,266,9702,0.005,,
1576807,1632701,9788424,9,10,16584,0,1080,1920,407,337,506,435,9702,0.005,,
1576808,1632701,9788424,9,10,16608,0,1080,1920,407,347,506,445,9702,0.005,,
1576809,1632701,9788424,9,10,16632,0,1080,1920,437,337,535,435,9604,0.005,,
1576810,1632701,9788424,9,10,16656,0,1080,1920,447,337,545,435,9604,0.005,,
1576811,1632701,9788424,9,10,16680,0,1080,1920,437,347,535,445,9604,0.005,,
1576812,1632701,9788424,9,10,16704,0,1080,1920,457,367,555,465,9604,0.005,,
1576813,1632701,9788424,9,10,16728,0,1080,1920,1326,181,1571,426,60025,0.029,,
1576814,1632701,9788424,9,10,16752,0,1080,1920,1179,166,1473,459,86142,0.042,,
1576815,1632701,9788424,9,10,16776,0,1080,1920,1387,195,1681,489,86436,0.042,,
1576816,1632701,9788424,9,10,16800,0,1080,1920,715,231,833,349,13924,0.007,,
1576817,1632701,9788424,9,10,16800,1,1080,1920,1276,160,1394,278,13924,0.007,,
1576818,1632701,9788424,9,10,16824,0,1080,1920,716,237,814,336,9702,0.005,,
1576819,1632701,9788424,9,10,16824,1,1080,1920,1240,160,1358,278,13924,0.007,,
1576820,1632701,9788424,9,10,16848,0,1080,1920,1273,168,1372,266,9702,0.005,,
1576821,1632701,9788424,9,10,16848,1,1080,1920,691,219,809,337,13924,0.007,,
1576822,1632701,9788424,9,10,16872,0,1080,1920,497,208,849,560,123904,0.06,,
1576823,1632701,9788424,9,10,16896,0,1080,1920,462,208,814,560,123904,0.06,,
1576824,1632701,9788424,9,10,16920,0,1080,1920,390,208,742,560,123904,0.06,,
1576825,1632701,9788424,9,10,16944,0,1080,1920,426,208,778,560,123904,0.06,,
1576826,1632701,9788424,9,10,16968,0,1080,1920,462,208,814,560,123904,0.06,,
1576827,1632701,9788424,9,10,16992,0,1080,1920,462,172,814,525,124256,0.06,,
1576828,1632701,9788424,9,10,17016,0,1080,1920,462,208,814,560,123904,0.06,,
1576829,1632701,9788424,9,10,17040,0,1080,1920,484,255,729,500,60025,0.029,,
1576830,1632701,9788424,9,10,17064,0,1080,1920,1178,181,1422,426,59780,0.029,,
1576831,1632701,9788424,9,10,17088,0,1080,1920,1120,195,1413,489,86142,0.042,,
1576832,1632701,9788424,9,10,17112,0,1080,1920,1150,166,1443,459,85849,0.041,,
1576833,1632701,9788424,9,10,17136,0,1080,1920,1150,195,1443,489,86142,0.042,,
1576834,1632701,9788424,9,10,17160,0,1080,1920,1120,225,1413,519,86142,0.042,,
1576835,1632701,9788424,9,10,17184,0,1080,1920,585,195,878,489,86142,0.042,,
1576836,1632701,9788424,9,10,17208,0,1080,1920,583,206,828,450,59780,0.029,,
1576837,1632701,9788424,9,10,17232,0,1080,1920,558,206,803,450,59780,0.029,,
1576838,1632701,9788424,9,10,17256,0,1080,1920,558,206,803,450,59780,0.029,,
1576839,1632701,9788424,9,10,17280,0,1080,1920,583,206,828,450,59780,0.029,,
1576840,1632701,9788424,9,10,17304,0,1080,1920,555,195,849,489,86436,0.042,,
1576841,1632701,9788424,9,10,17328,0,1080,1920,1120,195,1413,489,86142,0.042,,
1576842,1632701,9788424,9,10,17352,0,1080,1920,1090,195,1384,489,86436,0.042,,
1576843,1632701,9788424,9,10,17376,0,1080,1920,1090,166,1384,459,86142,0.042,,
1576844,1632701,9788424,9,10,17400,0,1080,1920,1120,166,1413,459,85849,0.041,,
1576845,1632701,9788424,9,10,17424,0,1080,1920,555,195,849,489,86436,0.042,,
1576846,1632701,9788424,9,10,17448,0,1080,1920,608,231,852,475,59536,0.029,,
1576847,1632701,9788424,9,10,17544,0,1080,1920,897,297,936,337,1560,0.001,,
1576848,1632701,9788424,9,10,17544,1,1080,1920,555,327,611,384,3192,0.002,,
1576849,1632701,9788424,9,10,17568,0,1080,1920,889,297,928,337,1560,0.001,,
1576850,1632701,9788424,9,10,17592,0,1080,1920,881,297,920,337,1560,0.001,,
1576851,1632701,9788424,9,10,17616,0,1080,1920,881,297,920,337,1560,0.001,,
1576852,1632701,9788424,9,10,17640,0,1080,1920,877,293,916,333,1560,0.001,,
1576853,1632701,9788424,9,10,17664,0,1080,1920,869,293,908,333,1560,0.001,,
1576854,1632701,9788424,9,10,17688,0,1080,1920,861,289,900,329,1560,0.001,,
1576855,1632701,9788424,9,10,17712,0,1080,1920,853,289,892,329,1560,0.001,,
1576856,1632701,9788424,9,10,17736,0,1080,1920,845,289,884,329,1560,0.001,,
1576857,1632701,9788424,9,10,17736,1,1080,1920,1323,463,1391,532,4692,0.002,,
1576858,1632701,9788424,9,10,17760,0,1080,1920,837,289,876,329,1560,0.001,,
1576859,1632701,9788424,9,10,17760,1,1080,1920,1303,482,1360,539,3249,0.002,,
1576860,1632701,9788424,9,10,17784,0,1080,1920,837,289,876,329,1560,0.001,,
1576861,1632701,9788424,9,10,17784,1,1080,1920,1298,482,1354,539,3192,0.002,,
1576862,1632701,9788424,9,10,17808,0,1080,1920,509,104,591,186,6724,0.003,,
1576863,1632701,9788424,9,10,17808,1,1080,1920,1488,179,1570,261,6724,0.003,,
1576864,1632701,9788424,9,10,17832,0,1080,1920,686,98,784,196,9604,0.005,,
1576865,1632701,9788424,9,10,17832,1,1080,1920,1488,195,1570,277,6724,0.003,,
1576866,1632701,9788424,9,10,17856,0,1080,1920,643,100,761,218,13924,0.007,,
1576867,1632701,9788424,9,10,17856,1,1080,1920,1488,212,1570,294,6724,0.003,,
1576868,1632701,9788424,9,10,17880,0,1080,1920,723,285,927,489,41616,0.02,,
1576869,1632701,9788424,9,10,17904,0,1080,1920,702,285,906,489,41616,0.02,,
1576870,1632701,9788424,9,10,17928,0,1080,1920,707,280,952,525,60025,0.029,,
1576871,1632701,9788424,9,10,17952,0,1080,1920,1132,111,1274,253,20164,0.01,,
1576872,1632701,9788424,9,10,17976,0,1080,1920,1132,126,1274,267,20022,0.01,,
1576873,1632701,9788424,9,10,18000,0,1080,1920,1504,262,1586,344,6724,0.003,,
1576874,1632701,9788424,9,10,18000,1,1080,1920,573,111,715,253,20164,0.01,,
1576875,1632701,9788424,9,10,18024,0,1080,1920,1504,262,1586,344,6724,0.003,,
1576876,1632701,9788424,9,10,18024,1,1080,1920,583,124,701,242,13924,0.007,,
1576877,1632701,9788424,9,10,18048,0,1080,1920,1513,262,1595,344,6724,0.003,,
1576878,1632701,9788424,9,10,18048,1,1080,1920,583,112,701,230,13924,0.007,,
1576879,1632701,9788424,9,10,18072,0,1080,1920,547,124,665,242,13924,0.007,,
1576880,1632701,9788424,9,10,18072,1,1080,1920,1513,262,1595,344,6724,0.003,,
1576881,1632701,9788424,9,10,18096,0,1080,1920,535,124,653,242,13924,0.007,,
1576882,1632701,9788424,9,10,18096,1,1080,1920,1504,262,1586,344,6724,0.003,,
1576883,1632701,9788424,9,10,18120,0,1080,1920,544,126,686,267,20022,0.01,,
1576884,1632701,9788424,9,10,18120,1,1080,1920,1504,262,1586,344,6724,0.003,,
1576885,1632701,9788424,9,10,18144,0,1080,1920,781,404,1026,649,60025,0.029,,
1576886,1632701,9788424,9,10,18168,0,1080,1920,657,255,902,500,60025,0.029,,
1576887,1632701,9788424,9,10,18192,0,1080,1920,1112,198,1281,368,28730,0.014,,
1576888,1632701,9788424,9,10,18216,0,1080,1920,971,202,1174,406,41412,0.02,,
1576889,1632701,9788424,9,10,18240,0,1080,1920,691,160,809,278,13924,0.007,,
1576890,1632701,9788424,9,10,18240,1,1080,1920,1372,196,1489,314,13806,0.007,,
1576891,1632701,9788424,9,10,18264,0,1080,1920,643,160,761,278,13924,0.007,,
1576892,1632701,9788424,9,10,18264,1,1080,1920,1348,196,1466,314,13924,0.007,,
1576893,1632701,9788424,9,10,18288,0,1080,1920,619,160,737,278,13924,0.007,,
1576894,1632701,9788424,9,10,18288,1,1080,1920,1324,184,1442,302,13924,0.007,,
1576895,1632701,9788424,9,10,18312,0,1080,1920,436,166,730,459,86142,0.042,,
1576896,1632701,9788424,9,10,18336,0,1080,1920,466,166,760,459,86142,0.042,,
1576897,1632701,9788424,9,10,18360,0,1080,1920,466,166,760,459,86142,0.042,,
1576898,1632701,9788424,9,10,18384,0,1080,1920,496,166,789,459,85849,0.041,,
1576899,1632701,9788424,9,10,18408,0,1080,1920,496,195,789,489,86142,0.042,,
1576900,1632701,9788424,9,10,18432,0,1080,1920,426,137,778,489,123904,0.06,,
1576901,1632701,9788424,9,10,18456,0,1080,1920,426,137,778,489,123904,0.06,,
1576902,1632701,9788424,9,10,18480,0,1080,1920,497,172,849,525,124256,0.06,,
1576903,1632701,9788424,9,10,18504,0,1080,1920,890,279,1242,632,124256,0.06,,
1576904,1632701,9788424,9,10,18528,0,1080,1920,1103,206,1348,450,59780,0.029,,
1576905,1632701,9788424,9,10,18552,0,1080,1920,1078,206,1323,450,59780,0.029,,
1576906,1632701,9788424,9,10,18648,0,1080,1920,537,429,741,633,41616,0.02,,
1576907,1632701,9788424,9,10,18672,0,1080,1920,385,280,630,525,60025,0.029,,
1576908,1632701,9788424,9,10,18696,0,1080,1920,509,181,753,426,59780,0.029,,
1576909,1632701,9788424,9,10,18720,0,1080,1920,331,161,535,365,41616,0.02,,
1576910,1632701,9788424,9,10,18720,1,1080,1920,1705,269,1847,411,20164,0.01,,
1576911,1632701,9788424,9,10,18744,0,1080,1920,1025,380,1094,449,4761,0.002,,
1576912,1632701,9788424,9,10,18744,1,1080,1920,0,337,88,435,8624,0.004,,
1576913,1632701,9788424,9,10,18768,0,1080,1920,1228,315,1346,433,13924,0.007,,
1576914,1632701,9788424,9,10,18768,1,1080,1920,0,327,78,425,7644,0.004,,
1576915,1632701,9788424,9,10,18792,0,1080,1920,1628,267,1797,437,28730,0.014,,
1576916,1632701,9788424,9,10,18792,1,1080,1920,484,156,729,401,60025,0.029,,
1576917,1632701,9788424,9,10,18816,0,1080,1920,1648,283,1790,425,20164,0.01,,
1576918,1632701,9788424,9,10,18816,1,1080,1920,484,181,729,426,60025,0.029,,
1576919,1632701,9788424,9,10,18840,0,1080,1920,1648,283,1790,425,20164,0.01,,
1576920,1632701,9788424,9,10,18840,1,1080,1920,484,181,729,426,60025,0.029,,
1576921,1632701,9788424,9,10,18864,0,1080,1920,1645,267,1815,437,28900,0.014,,
1576922,1632701,9788424,9,10,18864,1,1080,1920,484,181,729,426,60025,0.029,,
1576923,1632701,9788424,9,10,18888,0,1080,1920,1180,181,1350,351,28900,0.014,,
1576924,1632701,9788424,9,10,18888,1,1080,1920,320,219,438,337,13924,0.007,,
1576925,1632701,9788424,9,10,18912,0,1080,1920,1215,164,1385,334,28900,0.014,,
1576926,1632701,9788424,9,10,18912,1,1080,1920,344,208,462,325,13806,0.007,,
1576927,1632701,9788424,9,10,18936,0,1080,1920,1648,269,1790,411,20164,0.01,,
1576928,1632701,9788424,9,10,18936,1,1080,1920,459,156,704,401,60025,0.029,,
1576929,1632701,9788424,9,10,18960,0,1080,1920,1648,269,1790,411,20164,0.01,,
1576930,1632701,9788424,9,10,18960,1,1080,1920,459,156,704,401,60025,0.029,,
1576931,1632701,9788424,9,10,18984,0,1080,1920,1215,198,1385,368,28900,0.014,,
1576932,1632701,9788424,9,10,18984,1,1080,1920,380,231,498,349,13924,0.007,,
1576933,1632701,9788424,9,10,19008,0,1080,1920,1198,182,1401,385,41209,0.02,,
1576934,1632701,9788424,9,10,19008,1,1080,1920,392,231,510,349,13924,0.007,,
1576935,1632701,9788424,9,10,19032,0,1080,1920,1215,181,1385,351,28900,0.014,,
1576936,1632701,9788424,9,10,19032,1,1080,1920,392,219,510,337,13924,0.007,,
1576937,1632701,9788424,9,10,19056,0,1080,1920,1198,182,1401,385,41209,0.02,,
1576938,1632701,9788424,9,10,19056,1,1080,1920,392,231,510,349,13924,0.007,,
1576939,1632701,9788424,9,10,19080,0,1080,1920,466,195,760,489,86436,0.042,,
1576940,1632701,9788424,9,10,19104,0,1080,1920,1068,208,1420,560,123904,0.06,,
1576941,1632701,9788424,9,10,19128,0,1080,1920,436,195,730,489,86436,0.042,,
1576942,1632701,9788424,9,10,19152,0,1080,1920,615,255,908,548,85849,0.041,,
1576943,1632701,9788424,9,10,19176,0,1080,1920,615,255,908,548,85849,0.041,,
1576944,1632701,9788424,9,10,19200,0,1080,1920,890,208,1242,560,123904,0.06,,
1576945,1632701,9788424,9,10,19224,0,1080,1920,890,208,1242,560,123904,0.06,,
1576946,1632701,9788424,9,10,19248,0,1080,1920,890,208,1242,560,123904,0.06,,
1576947,1632701,9788424,9,10,19272,0,1080,1920,925,208,1277,560,123904,0.06,,
1576948,1632701,9788424,9,10,19296,0,1080,1920,640,244,992,596,123904,0.06,,
1576949,1632701,9788424,9,10,19320,0,1080,1920,640,244,992,596,123904,0.06,,
1576950,1632701,9788424,9,10,19344,0,1080,1920,640,244,992,596,123904,0.06,,
1576951,1632701,9788424,9,10,19368,0,1080,1920,1032,208,1384,560,123904,0.06,,
1576952,1632701,9788424,9,10,19392,0,1080,1920,1068,172,1420,525,124256,0.06,,
1576953,1632701,9788424,9,10,19416,0,1080,1920,1090,255,1384,548,86142,0.042,,
1576954,1632701,9788424,9,10,19440,0,1080,1920,1061,255,1354,548,85849,0.041,,
1576955,1632701,9788424,9,10,19464,0,1080,1920,533,208,885,560,123904,0.06,,
1576956,1632701,9788424,9,10,19488,0,1080,1920,569,208,921,560,123904,0.06,,
1576957,1632701,9788424,9,10,19512,0,1080,1920,569,208,921,560,123904,0.06,,
1576958,1632701,9788424,9,10,19536,0,1080,1920,569,208,921,560,123904,0.06,,
1576959,1632701,9788424,9,10,19560,0,1080,1920,569,172,921,525,124256,0.06,,
1576960,1632701,9788424,9,10,19584,0,1080,1920,1032,208,1384,560,123904,0.06,,
1576961,1632701,9788424,9,10,19608,0,1080,1920,1068,172,1420,525,124256,0.06,,
1576962,1632701,9788424,9,10,19632,0,1080,1920,604,208,956,560,123904,0.06,,
1576963,1632701,9788424,9,10,19656,0,1080,1920,554,175,977,598,178929,0.086,,
1576964,1632701,9788424,9,10,19680,0,1080,1920,569,244,921,596,123904,0.06,,
1576965,1632701,9788424,9,10,19704,0,1080,1920,569,244,921,596,123904,0.06,,
1576966,1632701,9788424,9,10,19728,0,1080,1920,1012,223,1216,427,41616,0.02,,
1576967,1632701,9788424,9,10,19752,0,1080,1920,1012,223,1216,427,41616,0.02,,
1576968,1632701,9788424,9,10,19776,0,1080,1920,1012,223,1216,427,41616,0.02,,
1576969,1632701,9788424,9,10,19800,0,1080,1920,929,223,1133,427,41616,0.02,,
1576970,1632701,9788424,9,10,19824,0,1080,1920,856,206,1100,450,59536,0.029,,
1576971,1632701,9788424,9,10,19848,0,1080,1920,867,223,1071,427,41616,0.02,,
1576972,1632701,9788424,9,10,19872,0,1080,1920,847,223,1051,427,41616,0.02,,
1576973,1632701,9788424,9,10,19896,0,1080,1920,756,181,1001,426,60025,0.029,,
1576974,1632701,9788424,9,10,19920,0,1080,1920,616,212,758,353,20022,0.01,,
1576975,1632701,9788424,9,10,19944,0,1080,1920,1175,111,1317,253,20164,0.01,,
1576976,1632701,9788424,9,10,19968,0,1080,1920,559,231,677,349,13924,0.007,,
1576977,1632701,9788424,9,10,19992,0,1080,1920,559,219,677,337,13924,0.007,,
1576978,1632701,9788424,9,10,20016,0,1080,1920,1175,154,1317,296,20164,0.01,,
1576979,1632701,9788424,9,10,20040,0,1080,1920,1161,154,1302,296,20022,0.01,,
1576980,1632701,9788424,9,10,20064,0,1080,1920,1161,154,1302,296,20022,0.01,,
1576981,1632701,9788424,9,10,20088,0,1080,1920,547,208,665,325,13806,0.007,,
1576982,1632701,9788424,9,10,20112,0,1080,1920,530,197,672,339,20164,0.01,,
1576983,1632701,9788424,9,10,20136,0,1080,1920,1161,154,1302,296,20022,0.01,,
1576984,1632701,9788424,9,10,20160,0,1080,1920,1161,154,1302,296,20022,0.01,,
1576985,1632701,9788424,9,10,20184,0,1080,1920,571,208,689,325,13806,0.007,,
1576986,1632701,9788424,9,10,20208,0,1080,1920,535,208,653,325,13806,0.007,,
1576987,1632701,9788424,9,10,20232,0,1080,1920,1470,327,1527,384,3249,0.002,,
1576988,1632701,9788424,9,10,20256,0,1080,1920,1513,287,1595,369,6724,0.003,,
1576989,1632701,9788424,9,10,20280,0,1080,1920,1463,262,1545,344,6724,0.003,,
1576990,1632701,9788424,9,10,20304,0,1080,1920,1502,237,1600,336,9702,0.005,,
1576991,1632701,9788424,9,10,20328,0,1080,1920,1413,217,1511,316,9702,0.005,,
1576992,1632701,9788424,9,10,20352,0,1080,1920,578,182,782,385,41412,0.02,,
1576993,1632701,9788424,9,10,20376,0,1080,1920,534,181,778,426,59780,0.029,,
1576994,1632701,9788424,9,10,20400,0,1080,1920,1033,202,1236,406,41412,0.02,,
1576995,1632701,9788424,9,10,20424,0,1080,1920,1004,181,1249,426,60025,0.029,,
1576996,1632701,9788424,9,10,20448,0,1080,1920,1053,182,1257,385,41412,0.02,,
1576997,1632701,9788424,9,10,20472,0,1080,1920,413,202,617,406,41616,0.02,,
1576998,1632701,9788424,9,10,20496,0,1080,1920,393,202,597,406,41616,0.02,,
1576999,1632701,9788424,9,10,20520,0,1080,1920,393,202,597,406,41616,0.02,,
1577000,1632701,9788424,9,10,20544,0,1080,1920,475,202,679,406,41616,0.02,,
1577001,1632701,9788424,9,10,20568,0,1080,1920,1031,166,1324,459,85849,0.041,,
1577002,1632701,9788424,9,10,20592,0,1080,1920,1090,166,1384,459,86142,0.042,,
1577003,1632701,9788424,9,10,20616,0,1080,1920,1318,172,1670,525,124256,0.06,,
1577004,1632701,9788424,9,10,20640,0,1080,1920,1150,166,1443,459,85849,0.041,,
1577005,1632701,9788424,9,10,20664,0,1080,1920,608,206,852,450,59536,0.029,,
1577006,1632701,9788424,9,10,20688,0,1080,1920,633,206,877,450,59536,0.029,,
1577007,1632701,9788424,9,10,20712,0,1080,1920,657,206,902,450,59780,0.029,,
1577008,1632701,9788424,9,10,20736,0,1080,1920,1179,225,1473,519,86436,0.042,,
1577009,1632701,9788424,9,10,20760,0,1080,1920,1150,225,1443,519,86142,0.042,,
1577010,1632701,9788424,9,10,20784,0,1080,1920,1150,255,1443,548,85849,0.041,,
1577011,1632701,9788424,9,10,20808,0,1080,1920,1150,225,1443,519,86142,0.042,,
1577012,1632701,9788424,9,10,20832,0,1080,1920,1104,208,1456,560,123904,0.06,,
1577013,1632701,9788424,9,10,20856,0,1080,1920,1120,225,1413,519,86142,0.042,,
1577014,1632701,9788424,9,10,20880,0,1080,1920,1120,255,1413,548,85849,0.041,,
1577015,1632701,9788424,9,10,20904,0,1080,1920,1068,208,1420,560,123904,0.06,,
1577016,1632701,9788424,9,10,20928,0,1080,1920,534,231,778,475,59536,0.029,,
1577017,1632701,9788424,9,10,20952,0,1080,1920,496,195,789,489,86142,0.042,,
1577018,1632701,9788424,9,10,21000,0,1080,1920,679,411,797,529,13924,0.007,,
1577019,1632701,9788424,9,10,21024,0,1080,1920,559,255,700,396,19881,0.01,,
1577020,1632701,9788424,9,10,21048,0,1080,1920,512,208,630,325,13806,0.007,,
1577021,1632701,9788424,9,10,21096,0,1080,1920,1240,351,1358,469,13924,0.007,,
1577022,1632701,9788424,9,10,21120,0,1080,1920,1247,341,1388,482,19881,0.01,,
1577023,1632701,9788424,9,10,21144,0,1080,1920,1261,355,1403,497,20164,0.01,,
1577024,1632701,9788424,9,10,21168,0,1080,1920,1261,355,1403,497,20164,0.01,,
1577025,1632701,9788424,9,10,21192,0,1080,1920,428,136,546,254,13924,0.007,,
1577026,1632701,9788424,9,10,21216,0,1080,1920,416,136,534,254,13924,0.007,,
1577027,1632701,9788424,9,10,21240,0,1080,1920,404,136,522,254,13924,0.007,,
1577028,1632701,9788424,9,10,21264,0,1080,1920,404,136,522,254,13924,0.007,,
1577029,1632701,9788424,9,10,21288,0,1080,1920,404,136,522,254,13924,0.007,,
1577030,1632701,9788424,9,10,21336,0,1080,1920,1081,481,1120,521,1560,0.001,,
1577031,1632701,9788424,9,10,21360,0,1080,1920,1073,473,1112,513,1560,0.001,,
1577032,1632701,9788424,9,10,21384,0,1080,1920,476,196,594,314,13924,0.007,,
1577033,1632701,9788424,9,10,21408,0,1080,1920,476,184,594,302,13924,0.007,,
1577034,1632701,9788424,9,10,21432,0,1080,1920,476,196,594,314,13924,0.007,,
1577035,1632701,9788424,9,10,21456,0,1080,1920,1333,126,1474,267,19881,0.01,,
1577036,1632701,9788424,9,10,21480,0,1080,1920,1275,126,1417,267,20022,0.01,,
1577037,1632701,9788424,9,10,21504,0,1080,1920,1275,140,1417,282,20164,0.01,,
1577038,1632701,9788424,9,10,21528,0,1080,1920,493,162,574,244,6642,0.003,,
1577039,1632701,9788424,9,10,21552,0,1080,1920,501,154,583,236,6724,0.003,,
1577040,1632701,9788424,9,10,21576,0,1080,1920,501,154,583,236,6724,0.003,,
1577041,1632701,9788424,9,10,21600,0,1080,1920,501,154,583,236,6724,0.003,,
1577042,1632701,9788424,9,10,21624,0,1080,1920,501,162,583,244,6724,0.003,,
1577043,1632701,9788424,9,10,21648,0,1080,1920,501,162,583,244,6724,0.003,,
1577044,1632701,9788424,9,10,21672,0,1080,1920,1001,255,1295,548,86142,0.042,,
1577045,1632701,9788424,9,10,21696,0,1080,1920,961,208,1313,560,123904,0.06,,
1577046,1632701,9788424,9,10,21720,0,1080,1920,961,172,1313,525,124256,0.06,,
1577047,1632701,9788424,9,10,21744,0,1080,1920,466,195,760,489,86436,0.042,,
1577048,1632701,9788424,9,10,21768,0,1080,1920,509,206,753,450,59536,0.029,,
1577049,1632701,9788424,9,10,21792,0,1080,1920,1247,140,1388,282,20022,0.01,,
1577050,1632701,9788424,9,10,21816,0,1080,1920,1232,126,1374,267,20022,0.01,,
1577051,1632701,9788424,9,10,21840,0,1080,1920,542,162,624,244,6724,0.003,,
1577052,1632701,9788424,9,10,21840,1,1080,1920,1214,128,1312,226,9604,0.005,,
1577053,1632701,9788424,9,10,21864,0,1080,1920,1161,83,1302,224,19881,0.01,,
1577054,1632701,9788424,9,10,21864,1,1080,1920,634,187,715,269,6642,0.003,,
1577055,1632701,9788424,9,10,21888,0,1080,1920,726,158,824,256,9604,0.005,,
1577056,1632701,9788424,9,10,21888,1,1080,1920,1089,68,1231,210,20164,0.01,,
1577057,1632701,9788424,9,10,21912,0,1080,1920,683,179,765,261,6724,0.003,,
1577058,1632701,9788424,9,10,21912,1,1080,1920,1370,78,1539,248,28730,0.014,,
1577059,1632701,9788424,9,10,21936,0,1080,1920,626,168,725,266,9702,0.005,,
1577060,1632701,9788424,9,10,21960,0,1080,1920,500,172,618,290,13924,0.007,,
1577061,1632701,9788424,9,10,21984,0,1080,1920,1156,264,1360,468,41616,0.02,,
1577062,1632701,9788424,9,10,22008,0,1080,1920,1198,244,1401,447,41209,0.02,,
1577063,1632701,9788424,9,10,22032,0,1080,1920,1227,181,1472,426,60025,0.029,,
1577064,1632701,9788424,9,10,22056,0,1080,1920,1218,182,1422,385,41412,0.02,,
1577065,1632701,9788424,9,10,22080,0,1080,1920,1153,156,1397,401,59780,0.029,,
1577066,1632701,9788424,9,10,22104,0,1080,1920,615,225,908,519,86142,0.042,,
1577067,1632701,9788424,9,10,22128,0,1080,1920,569,208,921,560,123904,0.06,,
1577068,1632701,9788424,9,10,22152,0,1080,1920,615,225,908,519,86142,0.042,,
1577069,1632701,9788424,9,10,22176,0,1080,1920,604,208,956,560,123904,0.06,,
1577070,1632701,9788424,9,10,22200,0,1080,1920,604,172,956,525,124256,0.06,,
1577071,1632701,9788424,9,10,22224,0,1080,1920,604,172,956,525,124256,0.06,,
1577072,1632701,9788424,9,10,22248,0,1080,1920,604,208,956,560,123904,0.06,,
1577073,1632701,9788424,9,10,22272,0,1080,1920,604,172,956,525,124256,0.06,,
1577074,1632701,9788424,9,10,22296,0,1080,1920,1032,137,1384,489,123904,0.06,,
1577075,1632701,9788424,9,10,22320,0,1080,1920,1032,172,1384,525,124256,0.06,,
1577076,1632701,9788424,9,10,22344,0,1080,1920,569,208,921,560,123904,0.06,,
1577077,1632701,9788424,9,10,22368,0,1080,1920,585,225,878,519,86142,0.042,,
1577078,1632701,9788424,9,10,22392,0,1080,1920,1001,195,1295,489,86436,0.042,,
1577079,1632701,9788424,9,10,22416,0,1080,1920,1032,137,1384,489,123904,0.06,,
1577080,1632701,9788424,9,10,22440,0,1080,1920,997,137,1349,489,123904,0.06,,
1577081,1632701,9788424,9,10,22464,0,1080,1920,533,208,885,560,123904,0.06,,
1577082,1632701,9788424,9,10,22488,0,1080,1920,533,208,885,560,123904,0.06,,
1577083,1632701,9788424,9,10,22512,0,1080,1920,533,208,885,560,123904,0.06,,
1577084,1632701,9788424,9,10,22536,0,1080,1920,569,208,921,560,123904,0.06,,
1577085,1632701,9788424,9,10,22560,0,1080,1920,569,208,921,560,123904,0.06,,
1577086,1632701,9788424,9,10,22584,0,1080,1920,533,208,885,560,123904,0.06,,
1577087,1632701,9788424,9,10,22608,0,1080,1920,555,195,849,489,86436,0.042,,
1577088,1632701,9788424,9,10,22656,0,1080,1920,961,137,1313,489,123904,0.06,,
1577089,1632701,9788424,9,10,22680,0,1080,1920,635,456,682,503,2209,0.001,,
1577090,1632701,9788424,9,10,22704,0,1080,1920,685,449,724,489,1560,0.001,,
1577091,1632701,9788424,9,10,22728,0,1080,1920,697,408,744,455,2209,0.001,,
1577092,1632701,9788424,9,10,22728,1,1080,1920,1121,485,1160,525,1560,0.001,,
1577093,1632701,9788424,9,10,22752,0,1080,1920,803,403,850,450,2209,0.001,,
1577094,1632701,9788424,9,10,22752,1,1080,1920,1181,477,1220,517,1560,0.001,,
1577095,1632701,9788424,9,10,22776,0,1080,1920,964,379,1020,436,3192,0.002,,
1577096,1632701,9788424,9,10,22776,1,1080,1920,1287,470,1335,518,2304,0.001,,
1577097,1632701,9788424,9,10,22800,0,1080,1920,1021,350,1078,407,3249,0.002,,
1577098,1632701,9788424,9,10,22800,1,1080,1920,1389,453,1428,493,1560,0.001,,
1577099,1632701,9788424,9,10,22824,0,1080,1920,977,339,1045,407,4624,0.002,,
1577100,1632701,9788424,9,10,22824,1,1080,1920,1430,436,1487,493,3249,0.002,,
1577101,1632701,9788424,9,10,22848,0,1080,1920,409,529,448,569,1560,0.001,,
1577102,1632701,9788424,9,10,22896,0,1080,1920,1509,517,1548,557,1560,0.001,,
1577103,1632701,9788424,9,10,22896,1,1080,1920,297,537,336,577,1560,0.001,,
1577104,1632701,9788424,9,10,22920,0,1080,1920,1449,513,1488,553,1560,0.001,,
1577105,1632701,9788424,9,10,22920,1,1080,1920,297,529,336,569,1560,0.001,,
1577106,1632701,9788424,9,10,22944,0,1080,1920,424,147,594,317,28900,0.014,,
1577107,1632701,9788424,9,10,22968,0,1080,1920,1335,336,1505,506,28900,0.014,,
1577108,1632701,9788424,9,10,22992,0,1080,1920,1249,284,1419,454,28900,0.014,,
1577109,1632701,9788424,9,10,23016,0,1080,1920,1218,264,1422,468,41616,0.02,,
1577110,1632701,9788424,9,10,23040,0,1080,1920,1280,285,1484,489,41616,0.02,,
1577111,1632701,9788424,9,10,23064,0,1080,1920,434,202,638,406,41616,0.02,,
1577112,1632701,9788424,9,10,23088,0,1080,1920,756,156,1001,401,60025,0.029,,
1577113,1632701,9788424,9,10,23112,0,1080,1920,633,181,877,426,59780,0.029,,
1577114,1632701,9788424,9,10,23136,0,1080,1920,763,166,1057,459,86142,0.042,,
1577115,1632701,9788424,9,10,23160,0,1080,1920,974,341,1116,482,20022,0.01,,
1577116,1632701,9788424,9,10,23184,0,1080,1920,517,244,720,447,41209,0.02,,
1577117,1632701,9788424,9,10,23208,0,1080,1920,517,244,720,447,41209,0.02,,
1577118,1632701,9788424,9,10,23232,0,1080,1920,527,250,697,420,28900,0.014,,
1577119,1632701,9788424,9,10,23256,0,1080,1920,496,244,700,447,41412,0.02,,
1577120,1632701,9788424,9,10,23280,0,1080,1920,1031,225,1324,519,86142,0.042,,
1577121,1632701,9788424,9,10,23304,0,1080,1920,1078,255,1323,500,60025,0.029,,
1577122,1632701,9788424,9,10,23328,0,1080,1920,1103,280,1348,525,60025,0.029,,
1577123,1632701,9788424,9,10,23352,0,1080,1920,644,195,938,489,86436,0.042,,
1577124,1632701,9788424,9,10,23376,0,1080,1920,682,181,927,426,60025,0.029,,
1577125,1632701,9788424,9,10,23400,0,1080,1920,644,195,938,489,86436,0.042,,
1577126,1632701,9788424,9,10,23424,0,1080,1920,1150,166,1443,459,85849,0.041,,
1577127,1632701,9788424,9,10,23448,0,1080,1920,1150,166,1443,459,85849,0.041,,
1577128,1632701,9788424,9,10,23472,0,1080,1920,682,223,885,427,41412,0.02,,
1577129,1632701,9788424,9,10,23496,0,1080,1920,615,195,908,489,86142,0.042,,
1577130,1632701,9788424,9,10,23520,0,1080,1920,661,223,865,427,41616,0.02,,
1577131,1632701,9788424,9,10,23544,0,1080,1920,1104,172,1456,525,124256,0.06,,
1577132,1632701,9788424,9,10,23568,0,1080,1920,1061,195,1354,489,86142,0.042,,
1577133,1632701,9788424,9,10,23592,0,1080,1920,1090,195,1384,489,86436,0.042,,
1577134,1632701,9788424,9,10,23616,0,1080,1920,1061,225,1354,519,86142,0.042,,
1577135,1632701,9788424,9,10,23640,0,1080,1920,903,489,951,537,2304,0.001,,
1577136,1632701,9788424,9,10,23664,0,1080,1920,899,494,946,542,2256,0.001,,
1577137,1632701,9788424,9,10,23688,0,1080,1920,894,489,941,537,2256,0.001,,
1577138,1632701,9788424,9,10,23712,0,1080,1920,1124,227,1222,326,9702,0.005,,
1577139,1632701,9788424,9,10,23736,0,1080,1920,1124,237,1222,336,9702,0.005,,
1577140,1632701,9788424,9,10,23760,0,1080,1920,1114,237,1212,336,9702,0.005,,
1577141,1632701,9788424,9,10,23784,0,1080,1920,1124,237,1222,336,9702,0.005,,
1577142,1632701,9788424,9,10,23784,1,1080,1920,625,312,707,394,6724,0.003,,
1577143,1632701,9788424,9,10,23808,0,1080,1920,1124,247,1222,346,9702,0.005,,
1577144,1632701,9788424,9,10,23832,0,1080,1920,1124,247,1222,346,9702,0.005,,
1577145,1632701,9788424,9,10,23856,0,1080,1920,1124,247,1222,346,9702,0.005,,
1577146,1632701,9788424,9,10,23880,0,1080,1920,1124,247,1222,346,9702,0.005,,
1577147,1632701,9788424,9,10,23904,0,1080,1920,1124,247,1222,346,9702,0.005,,
1577148,1632701,9788424,9,10,23928,0,1080,1920,1124,247,1222,346,9702,0.005,,
1577149,1632701,9788424,9,10,23952,0,1080,1920,410,132,654,376,59536,0.029,,
1577150,1632701,9788424,9,10,23976,0,1080,1920,435,181,679,426,59780,0.029,,
1577151,1632701,9788424,9,10,24000,0,1080,1920,1120,106,1413,400,86142,0.042,,
1577152,1632701,9788424,9,10,24024,0,1080,1920,1120,106,1413,400,86142,0.042,,
1577153,1632701,9788424,9,10,24048,0,1080,1920,533,208,885,560,123904,0.06,,
1577154,1632701,9788424,9,10,24072,0,1080,1920,533,208,885,560,123904,0.06,,
1577155,1632701,9788424,9,10,24096,0,1080,1920,569,172,921,525,124256,0.06,,
1577156,1632701,9788424,9,10,24120,0,1080,1920,533,208,885,560,123904,0.06,,
1577157,1632701,9788424,9,10,24144,0,1080,1920,1025,218,1448,640,178506,0.086,,
1577158,1632701,9788424,9,10,24168,0,1080,1920,1025,218,1448,640,178506,0.086,,
1577159,1632701,9788424,9,10,24192,0,1080,1920,1025,218,1448,640,178506,0.086,,
1577160,1632701,9788424,9,10,24216,0,1080,1920,1196,261,1619,683,178506,0.086,,
1577161,1632701,9788424,9,10,24240,0,1080,1920,674,166,968,459,86142,0.042,,
1577162,1632701,9788424,9,10,24264,0,1080,1920,704,136,997,429,85849,0.041,,
1577163,1632701,9788424,9,10,24288,0,1080,1920,764,161,968,365,41616,0.02,,
1577164,1632701,9788424,9,10,24312,0,1080,1920,763,136,1057,429,86142,0.042,,
1577165,1632701,9788424,9,10,24336,0,1080,1920,1129,302,1299,471,28730,0.014,,
1577166,1632701,9788424,9,10,24336,1,1080,1920,793,166,1087,459,86142,0.042,,
1577167,1632701,9788424,9,10,24360,0,1080,1920,781,156,1026,401,60025,0.029,,
1577168,1632701,9788424,9,10,24360,1,1080,1920,1266,302,1436,471,28730,0.014,,
1577169,1632701,9788424,9,10,24384,0,1080,1920,707,156,952,401,60025,0.029,,
1577170,1632701,9788424,9,10,24384,1,1080,1920,1252,231,1496,475,59536,0.029,,
1577171,1632701,9788424,9,10,24408,0,1080,1920,615,166,908,459,85849,0.041,,
1577172,1632701,9788424,9,10,24408,1,1080,1920,1277,206,1521,450,59536,0.029,,
1577173,1632701,9788424,9,10,24432,0,1080,1920,583,156,828,401,60025,0.029,,
1577174,1632701,9788424,9,10,24432,1,1080,1920,1260,244,1463,447,41209,0.02,,
1577175,1632701,9788424,9,10,24576,0,1080,1920,166,161,370,365,41616,0.02,,
1577176,1632701,9788424,9,10,24600,0,1080,1920,768,164,938,334,28900,0.014,,
1577177,1632701,9788424,9,10,24672,0,1080,1920,1629,373,1668,413,1560,0.001,,
1577178,1632701,9788424,9,10,24672,1,1080,1920,1333,421,1372,461,1560,0.001,,
1577179,1632701,9788424,9,10,24672,2,1080,1920,1475,336,1522,383,2209,0.001,,
1577180,1632701,9788424,9,10,24696,0,1080,1920,1325,405,1364,445,1560,0.001,,
1577181,1632701,9788424,9,10,24696,1,1080,1920,1465,310,1522,366,3192,0.002,,
1577182,1632701,9788424,9,10,24696,2,1080,1920,821,397,860,437,1560,0.001,,
1577183,1632701,9788424,9,10,24696,3,1080,1920,1633,357,1672,397,1560,0.001,,
1577184,1632701,9788424,9,10,24720,0,1080,1920,1264,320,1346,402,6724,0.003,,
1577185,1632701,9788424,9,10,24744,0,1080,1920,1330,312,1412,394,6724,0.003,,
1577186,1632701,9788424,9,10,24768,0,1080,1920,1423,297,1521,395,9604,0.005,,
1577187,1632701,9788424,9,10,24792,0,1080,1920,1462,269,1603,411,20022,0.01,,
1577188,1632701,9788424,9,10,24792,1,1080,1920,487,212,629,353,20022,0.01,,
1577189,1632701,9788424,9,10,24816,0,1080,1920,308,307,406,405,9604,0.005,,
1577190,1632701,9788424,9,10,24816,1,1080,1920,745,183,887,325,20164,0.01,,
1577191,1632701,9788424,9,10,24840,0,1080,1920,745,169,887,310,20022,0.01,,
1577192,1632701,9788424,9,10,24840,1,1080,1920,298,307,396,405,9604,0.005,,
1577193,1632701,9788424,9,10,24864,0,1080,1920,731,169,872,310,19881,0.01,,
1577194,1632701,9788424,9,10,24864,1,1080,1920,288,297,386,395,9604,0.005,,
1577195,1632701,9788424,9,10,24888,0,1080,1920,991,140,1195,344,41616,0.02,,
1577196,1632701,9788424,9,10,24912,0,1080,1920,991,161,1195,365,41616,0.02,,
1577197,1632701,9788424,9,10,24936,0,1080,1920,1519,183,1661,325,20164,0.01,,
1577198,1632701,9788424,9,10,24936,1,1080,1920,602,154,743,296,20022,0.01,,
1577199,1632701,9788424,9,10,24960,0,1080,1920,1519,183,1661,325,20164,0.01,,
1577200,1632701,9788424,9,10,24960,1,1080,1920,587,154,729,296,20164,0.01,,
1577201,1632701,9788424,9,10,24984,0,1080,1920,1505,183,1646,325,20022,0.01,,
1577202,1632701,9788424,9,10,24984,1,1080,1920,587,154,729,296,20164,0.01,,
1577203,1632701,9788424,9,10,25008,0,1080,1920,1562,317,1660,415,9604,0.005,,
1577204,1632701,9788424,9,10,25032,0,1080,1920,1538,320,1620,402,6724,0.003,,
1577205,1632701,9788424,9,10,25056,0,1080,1920,1521,336,1603,418,6724,0.003,,
1577206,1632701,9788424,9,10,25080,0,1080,1920,1184,256,1253,324,4692,0.002,,
1577207,1632701,9788424,9,10,25080,1,1080,1920,1675,291,1743,359,4624,0.002,,
1577208,1632701,9788424,9,10,25080,2,1080,1920,457,317,555,415,9604,0.005,,
1577209,1632701,9788424,9,10,25104,0,1080,1920,1675,291,1743,359,4624,0.002,,
1577210,1632701,9788424,9,10,25104,1,1080,1920,1184,263,1253,331,4692,0.002,,
1577211,1632701,9788424,9,10,25104,2,1080,1920,542,303,624,385,6724,0.003,,
1577212,1632701,9788424,9,10,25128,0,1080,1920,1446,312,1528,394,6724,0.003,,
1577213,1632701,9788424,9,10,25152,0,1080,1920,1442,307,1541,405,9702,0.005,,
1577214,1632701,9788424,9,10,25176,0,1080,1920,1442,297,1541,395,9702,0.005,,
1577215,1632701,9788424,9,10,25200,0,1080,1920,1462,307,1561,405,9702,0.005,,
1577216,1632701,9788424,9,10,25200,1,1080,1920,335,57,580,302,60025,0.029,,
1577217,1632701,9788424,9,10,25224,0,1080,1920,1661,545,1700,585,1560,0.001,,
1577218,1632701,9788424,9,10,25248,0,1080,1920,1665,545,1704,585,1560,0.001,,
1577219,1632701,9788424,9,10,25272,0,1080,1920,1665,545,1704,585,1560,0.001,,
1577220,1632701,9788424,9,10,25296,0,1080,1920,537,198,635,296,9604,0.005,,
1577221,1632701,9788424,9,10,25296,1,1080,1920,1372,243,1489,361,13806,0.007,,
1577222,1632701,9788424,9,10,25320,0,1080,1920,507,217,605,316,9702,0.005,,
1577223,1632701,9788424,9,10,25320,1,1080,1920,1407,219,1525,337,13924,0.007,,
1577224,1632701,9788424,9,10,25344,0,1080,1920,706,377,804,475,9604,0.005,,
1577225,1632701,9788424,9,10,25344,1,1080,1920,1443,243,1561,361,13924,0.007,,
1577226,1632701,9788424,9,10,25368,0,1080,1920,0,148,98,246,9604,0.005,,
1577227,1632701,9788424,9,10,25368,1,1080,1920,798,267,916,385,13924,0.007,,
1577228,1632701,9788424,9,10,25392,0,1080,1920,547,184,665,302,13924,0.007,,
1577229,1632701,9788424,9,10,25416,0,1080,1920,774,212,915,353,19881,0.01,,
1577230,1632701,9788424,9,10,25416,1,1080,1920,1013,315,1131,433,13924,0.007,,
1577231,1632701,9788424,9,10,25440,0,1080,1920,415,212,557,353,20022,0.01,,
1577232,1632701,9788424,9,10,25464,0,1080,1920,401,212,543,353,20022,0.01,,
1577233,1632701,9788424,9,10,25488,0,1080,1920,372,198,542,368,28900,0.014,,
1577234,1632701,9788424,9,10,25488,1,1080,1920,867,202,1071,406,41616,0.02,,
1577235,1632701,9788424,9,10,25512,0,1080,1920,1383,326,1587,530,41616,0.02,,
1577236,1632701,9788424,9,10,25512,1,1080,1920,459,231,704,475,59780,0.029,,
1577237,1632701,9788424,9,10,25536,0,1080,1920,1383,347,1587,551,41616,0.02,,
1577238,1632701,9788424,9,10,25536,1,1080,1920,608,206,852,450,59536,0.029,,
1577239,1632701,9788424,9,10,25560,0,1080,1920,1326,305,1571,550,60025,0.029,,
1577240,1632701,9788424,9,10,25560,1,1080,1920,526,166,819,459,85849,0.041,,
1577241,1632701,9788424,9,10,25584,0,1080,1920,1031,136,1324,429,85849,0.041,,
1577242,1632701,9788424,9,10,25608,0,1080,1920,942,136,1235,429,85849,0.041,,
1577243,1632701,9788424,9,10,25632,0,1080,1920,734,166,1027,459,85849,0.041,,
1577244,1632701,9788424,9,10,25656,0,1080,1920,527,181,697,351,28900,0.014,,
1577245,1632701,9788424,9,10,25680,0,1080,1920,517,182,720,385,41209,0.02,,
1577246,1632701,9788424,9,10,25680,1,1080,1920,0,341,127,482,17907,0.009,,
1577247,1632701,9788424,9,10,25704,0,1080,1920,527,181,697,351,28900,0.014,,
1577248,1632701,9788424,9,10,25704,1,1080,1920,0,326,127,468,18034,0.009,,
1577249,1632701,9788424,9,10,25728,0,1080,1920,517,161,720,365,41412,0.02,,
1577250,1632701,9788424,9,10,25728,1,1080,1920,0,312,127,454,18034,0.009,,
1577251,1632701,9788424,9,10,25752,0,1080,1920,0,312,127,454,18034,0.009,,
1577252,1632701,9788424,9,10,25752,1,1080,1920,537,161,741,365,41616,0.02,,
1577253,1632701,9788424,9,10,25752,2,1080,1920,1318,65,1670,418,124256,0.06,,
1577254,1632701,9788424,9,10,25776,0,1080,1920,215,197,356,339,20022,0.01,,
1577255,1632701,9788424,9,10,25776,1,1080,1920,1549,156,1794,401,60025,0.029,,
1577256,1632701,9788424,9,10,25776,2,1080,1920,836,198,1006,368,28900,0.014,,
1577257,1632701,9788424,9,10,25800,0,1080,1920,1031,195,1324,489,86142,0.042,,
1577258,1632701,9788424,9,10,25824,0,1080,1920,1031,195,1324,489,86142,0.042,,
1577259,1632701,9788424,9,10,25848,0,1080,1920,997,172,1349,525,124256,0.06,,
1577260,1632701,9788424,9,10,25872,0,1080,1920,905,181,1150,426,60025,0.029,,
1577261,1632701,9788424,9,10,25872,1,1080,1920,475,182,679,385,41412,0.02,,
1577262,1632701,9788424,9,10,25896,0,1080,1920,905,181,1150,426,60025,0.029,,
1577263,1632701,9788424,9,10,25896,1,1080,1920,434,182,638,385,41412,0.02,,
1577264,1632701,9788424,9,10,25920,0,1080,1920,1001,166,1295,459,86142,0.042,,
1577265,1632701,9788424,9,10,25920,1,1080,1920,831,181,1075,426,59780,0.029,,
1577266,1632701,9788424,9,10,25944,0,1080,1920,942,166,1235,459,85849,0.041,,
1577267,1632701,9788424,9,10,25968,0,1080,1920,912,166,1205,459,85849,0.041,,
1577268,1632701,9788424,9,10,25992,0,1080,1920,1031,195,1324,489,86142,0.042,,
1577269,1632701,9788424,9,10,26016,0,1080,1920,997,172,1349,525,124256,0.06,,
1577270,1632701,9788424,9,10,26040,0,1080,1920,890,172,1242,525,124256,0.06,,
1577271,1632701,9788424,9,10,26064,0,1080,1920,942,195,1235,489,86142,0.042,,
1577272,1632701,9788424,9,10,26088,0,1080,1920,961,137,1313,489,123904,0.06,,
1577273,1632701,9788424,9,10,26088,1,1080,1920,331,161,535,365,41616,0.02,,
1577274,1632701,9788424,9,10,26112,0,1080,1920,406,198,576,368,28900,0.014,,
1577275,1632701,9788424,9,10,26136,0,1080,1920,475,198,645,368,28900,0.014,,
1577276,1632701,9788424,9,10,26160,0,1080,1920,530,183,672,325,20164,0.01,,
1577277,1632701,9788424,9,10,26160,1,1080,1920,1054,257,1153,356,9801,0.005,,
1577278,1632701,9788424,9,10,26160,2,1080,1920,1621,303,1702,385,6642,0.003,,
1577279,1632701,9788424,9,10,26184,0,1080,1920,915,247,1013,346,9702,0.005,,
1577280,1632701,9788424,9,10,26184,1,1080,1920,1592,287,1690,385,9604,0.005,,
1577281,1632701,9788424,9,10,26184,2,1080,1920,527,147,697,317,28900,0.014,,
1577282,1632701,9788424,9,10,26208,0,1080,1920,942,270,1011,338,4692,0.002,,
1577283,1632701,9788424,9,10,26208,1,1080,1920,1283,267,1382,366,9801,0.005,,
1577284,1632701,9788424,9,10,26208,2,1080,1920,203,311,271,380,4692,0.002,,
1577285,1632701,9788424,9,10,26232,0,1080,1920,887,249,955,317,4624,0.002,,
1577286,1632701,9788424,9,10,26232,1,1080,1920,1360,196,1478,314,13924,0.007,,
1577287,1632701,9788424,9,10,26232,2,1080,1920,203,297,271,366,4692,0.002,,
1577288,1632701,9788424,9,10,26256,0,1080,1920,882,195,1176,489,86436,0.042,,
1577289,1632701,9788424,9,10,26280,0,1080,1920,806,156,1051,401,60025,0.029,,
1577290,1632701,9788424,9,10,26304,0,1080,1920,905,107,1150,351,59780,0.029,,
1577291,1632701,9788424,9,10,26328,0,1080,1920,806,156,1051,401,60025,0.029,,
1577292,1632701,9788424,9,10,26352,0,1080,1920,1479,291,1597,409,13924,0.007,,
1577293,1632701,9788424,9,10,26352,1,1080,1920,766,247,864,346,9702,0.005,,
1577294,1632701,9788424,9,10,26352,2,1080,1920,645,269,786,411,20022,0.01,,
1577295,1632701,9788424,9,10,26352,3,1080,1920,534,156,778,401,59780,0.029,,
1577296,1632701,9788424,9,10,26376,0,1080,1920,825,247,924,346,9801,0.005,,
1577297,1632701,9788424,9,10,26376,1,1080,1920,1423,297,1521,395,9604,0.005,,
1577298,1632701,9788424,9,10,26400,0,1080,1920,479,325,548,393,4692,0.002,,
1577299,1632701,9788424,9,10,26400,1,1080,1920,1641,369,1680,409,1560,0.001,,
1577300,1632701,9788424,9,10,26400,2,1080,1920,341,413,398,470,3249,0.002,,
1577301,1632701,9788424,9,10,26424,0,1080,1920,318,402,375,459,3249,0.002,,
1577302,1632701,9788424,9,10,26424,1,1080,1920,479,332,548,400,4692,0.002,,
1577303,1632701,9788424,9,10,26424,2,1080,1920,1645,373,1684,413,1560,0.001,,
1577304,1632701,9788424,9,10,26448,0,1080,1920,1641,369,1680,409,1560,0.001,,
1577305,1632701,9788424,9,10,26448,1,1080,1920,526,320,608,402,6724,0.003,,
1577306,1632701,9788424,9,10,26448,2,1080,1920,308,403,356,450,2256,0.001,,
1577307,1632701,9788424,9,10,26472,0,1080,1920,1641,369,1680,409,1560,0.001,,
1577308,1632701,9788424,9,10,26472,1,1080,1920,534,320,616,402,6724,0.003,,
1577309,1632701,9788424,9,10,26472,2,1080,1920,267,396,323,453,3192,0.002,,
1577310,1632701,9788424,9,10,26496,0,1080,1920,1641,369,1680,409,1560,0.001,,
1577311,1632701,9788424,9,10,26496,1,1080,1920,548,325,617,393,4692,0.002,,
1577312,1632701,9788424,9,10,26496,2,1080,1920,236,393,284,441,2304,0.001,,
1577313,1632701,9788424,9,10,26496,3,1080,1920,1430,327,1487,384,3249,0.002,,
1577314,1632701,9788424,9,10,26520,0,1080,1920,1641,365,1680,405,1560,0.001,,
1577315,1632701,9788424,9,10,26520,1,1080,1920,541,325,610,393,4692,0.002,,
1577316,1632701,9788424,9,10,26520,2,1080,1920,222,384,269,431,2209,0.001,,
1577317,1632701,9788424,9,10,26544,0,1080,1920,619,243,737,361,13924,0.007,,
1577318,1632701,9788424,9,10,26544,1,1080,1920,825,247,924,346,9801,0.005,,
1577319,1632701,9788424,9,10,26544,2,1080,1920,1462,287,1561,385,9702,0.005,,
1577320,1632701,9788424,9,10,26568,0,1080,1920,607,243,725,361,13924,0.007,,
1577321,1632701,9788424,9,10,26568,1,1080,1920,798,219,916,337,13924,0.007,,
1577322,1632701,9788424,9,10,26568,2,1080,1920,1455,295,1537,377,6724,0.003,,
1577323,1632701,9788424,9,10,26592,0,1080,1920,845,227,944,326,9801,0.005,,
1577324,1632701,9788424,9,10,26592,1,1080,1920,1433,287,1531,385,9604,0.005,,
1577325,1632701,9788424,9,10,26592,2,1080,1920,607,243,725,361,13924,0.007,,
1577326,1632701,9788424,9,10,26616,0,1080,1920,1582,277,1680,375,9604,0.005,,
1577327,1632701,9788424,9,10,26616,1,1080,1920,815,227,914,326,9801,0.005,,
1577328,1632701,9788424,9,10,26616,2,1080,1920,607,231,725,349,13924,0.007,,
1577329,1632701,9788424,9,10,26640,0,1080,1920,1582,267,1680,366,9702,0.005,,
1577330,1632701,9788424,9,10,26640,1,1080,1920,727,231,845,349,13924,0.007,,
1577331,1632701,9788424,9,10,26640,2,1080,1920,631,219,749,337,13924,0.007,,
1577332,1632701,9788424,9,10,26664,0,1080,1920,733,198,903,368,28900,0.014,,
1577333,1632701,9788424,9,10,26688,0,1080,1920,716,198,886,368,28900,0.014,,
1577334,1632701,9788424,9,10,26712,0,1080,1920,1025,242,1094,310,4692,0.002,,
1577335,1632701,9788424,9,10,26736,0,1080,1920,908,242,976,310,4624,0.002,,
1577336,1632701,9788424,9,10,26760,0,1080,1920,1060,249,1128,317,4624,0.002,,
1577337,1632701,9788424,9,10,26784,0,1080,1920,1582,277,1680,375,9604,0.005,,
1577338,1632701,9788424,9,10,26808,0,1080,1920,1446,287,1528,369,6724,0.003,,
1577339,1632701,9788424,9,10,26832,0,1080,1920,1363,277,1461,375,9604,0.005,,
1577340,1632701,9788424,9,10,26856,0,1080,1920,1522,446,1620,545,9702,0.005,,
1577341,1632701,9788424,9,10,26904,0,1080,1920,1173,177,1212,217,1560,0.001,,
1577342,1632701,9788424,9,10,26904,1,1080,1920,1372,129,1454,211,6724,0.003,,
1577343,1632701,9788424,9,10,26904,2,1080,1920,601,205,640,245,1560,0.001,,
1577344,1632701,9788424,9,10,26928,0,1080,1920,1373,277,1471,375,9604,0.005,,
1577345,1632701,9788424,9,10,26952,0,1080,1920,616,317,715,415,9702,0.005,,
1577346,1632701,9788424,9,10,26952,1,1080,1920,1293,277,1391,375,9604,0.005,,
1577347,1632701,9788424,9,10,26976,0,1080,1920,1121,185,1160,225,1560,0.001,,
1577348,1632701,9788424,9,10,26976,1,1080,1920,1363,129,1445,211,6724,0.003,,
1577349,1632701,9788424,9,10,26976,2,1080,1920,596,221,644,268,2256,0.001,,
1577350,1632701,9788424,9,10,27000,0,1080,1920,1105,189,1144,229,1560,0.001,,
1577351,1632701,9788424,9,10,27000,1,1080,1920,1355,137,1437,219,6724,0.003,,
1577352,1632701,9788424,9,10,27000,2,1080,1920,303,201,351,249,2304,0.001,,
1577353,1632701,9788424,9,10,27000,3,1080,1920,621,209,660,249,1560,0.001,,
1577354,1632701,9788424,9,10,27024,0,1080,1920,1378,138,1446,207,4692,0.002,,
1577355,1632701,9788424,9,10,27024,1,1080,1920,303,197,351,244,2256,0.001,,
1577356,1632701,9788424,9,10,27024,2,1080,1920,1105,189,1144,229,1560,0.001,,
1577357,1632701,9788424,9,10,27024,3,1080,1920,629,209,668,249,1560,0.001,,
1577358,1632701,9788424,9,10,27048,0,1080,1920,1109,189,1148,229,1560,0.001,,
1577359,1632701,9788424,9,10,27048,1,1080,1920,1372,129,1454,211,6724,0.003,,
1577360,1632701,9788424,9,10,27048,2,1080,1920,303,201,351,249,2304,0.001,,
1577361,1632701,9788424,9,10,27048,3,1080,1920,609,213,648,253,1560,0.001,,
1577362,1632701,9788424,9,10,27072,0,1080,1920,723,182,927,385,41412,0.02,,
1577363,1632701,9788424,9,10,27096,0,1080,1920,971,166,1265,459,86142,0.042,,
1577364,1632701,9788424,9,10,27120,0,1080,1920,1001,166,1295,459,86142,0.042,,
1577365,1632701,9788424,9,10,27144,0,1080,1920,940,147,1110,317,28900,0.014,,
1577366,1632701,9788424,9,10,27168,0,1080,1920,940,130,1110,299,28730,0.014,,
1577367,1632701,9788424,9,10,27192,0,1080,1920,940,147,1110,317,28900,0.014,,
1577368,1632701,9788424,9,10,27216,0,1080,1920,929,140,1133,344,41616,0.02,,
1577369,1632701,9788424,9,10,27240,0,1080,1920,940,130,1110,299,28730,0.014,,
1577370,1632701,9788424,9,10,27264,0,1080,1920,957,147,1127,317,28900,0.014,,
1577371,1632701,9788424,9,10,27288,0,1080,1920,1178,181,1422,426,59780,0.029,,
1577372,1632701,9788424,9,10,27312,0,1080,1920,1128,132,1373,376,59780,0.029,,
1577373,1632701,9788424,9,10,27336,0,1080,1920,1177,161,1381,365,41616,0.02,,
1577374,1632701,9788424,9,10,27360,0,1080,1920,1178,156,1422,401,59780,0.029,,
1577375,1632701,9788424,9,10,27384,0,1080,1920,1153,181,1397,426,59780,0.029,,
1577376,1632701,9788424,9,10,27408,0,1080,1920,208,267,307,366,9801,0.005,,
1577377,1632701,9788424,9,10,27408,1,1080,1920,1008,112,1178,282,28900,0.014,,
1577378,1632701,9788424,9,10,27432,0,1080,1920,208,267,307,366,9801,0.005,,
1577379,1632701,9788424,9,10,27432,1,1080,1920,991,130,1161,299,28730,0.014,,
1577380,1632701,9788424,9,10,27456,0,1080,1920,198,267,297,366,9801,0.005,,
1577381,1632701,9788424,9,10,27456,1,1080,1920,991,130,1161,299,28730,0.014,,
1577382,1632701,9788424,9,10,27480,0,1080,1920,188,267,287,366,9801,0.005,,
1577383,1632701,9788424,9,10,27480,1,1080,1920,974,130,1144,299,28730,0.014,,
1577384,1632701,9788424,9,10,27504,0,1080,1920,168,267,267,366,9801,0.005,,
1577385,1632701,9788424,9,10,27504,1,1080,1920,940,130,1110,299,28730,0.014,,
1577386,1632701,9788424,9,10,27528,0,1080,1920,1283,287,1382,385,9702,0.005,,
1577387,1632701,9788424,9,10,27552,0,1080,1920,1297,295,1379,377,6724,0.003,,
1577388,1632701,9788424,9,10,27576,0,1080,1920,1283,297,1382,395,9702,0.005,,
1577389,1632701,9788424,9,10,27600,0,1080,1920,1283,297,1382,395,9702,0.005,,
1577390,1632701,9788424,9,10,27624,0,1080,1920,1710,242,1778,310,4624,0.002,,
1577391,1632701,9788424,9,10,27624,1,1080,1920,537,267,635,366,9702,0.005,,
1577392,1632701,9788424,9,10,27624,2,1080,1920,1081,235,1149,303,4624,0.002,,
1577393,1632701,9788424,9,10,27648,0,1080,1920,1710,242,1778,310,4624,0.002,,
1577394,1632701,9788424,9,10,27648,1,1080,1920,537,267,635,366,9702,0.005,,
1577395,1632701,9788424,9,10,27648,2,1080,1920,1081,235,1149,303,4624,0.002,,
1577396,1632701,9788424,9,10,27672,0,1080,1920,1703,242,1771,310,4624,0.002,,
1577397,1632701,9788424,9,10,27672,1,1080,1920,1088,235,1156,303,4624,0.002,,
1577398,1632701,9788424,9,10,27672,2,1080,1920,527,267,625,366,9702,0.005,,
1577399,1632701,9788424,9,10,27696,0,1080,1920,1703,242,1771,310,4624,0.002,,
1577400,1632701,9788424,9,10,27696,1,1080,1920,1081,228,1149,297,4692,0.002,,
1577401,1632701,9788424,9,10,27696,2,1080,1920,527,267,625,366,9702,0.005,,
1577402,1632701,9788424,9,10,27720,0,1080,1920,1094,95,1264,265,28900,0.014,,
1577403,1632701,9788424,9,10,27720,1,1080,1920,228,267,326,366,9702,0.005,,
1577404,1632701,9788424,9,10,27744,0,1080,1920,1094,95,1264,265,28900,0.014,,
1577405,1632701,9788424,9,10,27744,1,1080,1920,248,267,346,366,9702,0.005,,
1577406,1632701,9788424,9,10,27768,0,1080,1920,1094,95,1264,265,28900,0.014,,
1577407,1632701,9788424,9,10,27768,1,1080,1920,238,257,336,356,9702,0.005,,
1577408,1632701,9788424,9,10,27792,0,1080,1920,238,267,336,366,9702,0.005,,
1577409,1632701,9788424,9,10,27792,1,1080,1920,1077,95,1247,265,28900,0.014,,
1577410,1632701,9788424,9,10,27816,0,1080,1920,225,255,343,373,13924,0.007,,
1577411,1632701,9788424,9,10,27816,1,1080,1920,1077,112,1247,282,28900,0.014,,
1577412,1632701,9788424,9,10,27840,0,1080,1920,1043,112,1213,282,28900,0.014,,
1577413,1632701,9788424,9,10,27840,1,1080,1920,225,255,343,373,13924,0.007,,
1577414,1632701,9788424,9,10,27864,0,1080,1920,1397,171,1479,253,6724,0.003,,
1577415,1632701,9788424,9,10,27864,1,1080,1920,679,219,797,337,13924,0.007,,
1577416,1632701,9788424,9,10,27888,0,1080,1920,1128,107,1373,351,59780,0.029,,
1577417,1632701,9788424,9,10,27912,0,1080,1920,1128,107,1373,351,59780,0.029,,
1577418,1632701,9788424,9,10,27936,0,1080,1920,426,137,778,489,123904,0.06,,
1577419,1632701,9788424,9,10,27960,0,1080,1920,426,172,778,525,124256,0.06,,
1577420,1632701,9788424,9,10,27984,0,1080,1920,1333,247,1431,346,9702,0.005,,
1577421,1632701,9788424,9,10,28032,0,1080,1920,1587,262,1669,344,6724,0.003,,
1577422,1632701,9788424,9,10,28056,0,1080,1920,1353,267,1451,366,9702,0.005,,
1577423,1632701,9788424,9,10,28080,0,1080,1920,1330,278,1412,360,6724,0.003,,
1577424,1632701,9788424,9,10,28104,0,1080,1920,1233,257,1332,356,9801,0.005,,
1577425,1632701,9788424,9,10,28128,0,1080,1920,526,195,819,489,86142,0.042,,
1577426,1632701,9788424,9,10,28152,0,1080,1920,496,195,789,489,86142,0.042,,
1577427,1632701,9788424,9,10,28176,0,1080,1920,496,195,789,489,86142,0.042,,
1577428,1632701,9788424,9,10,28200,0,1080,1920,390,208,742,560,123904,0.06,,
1577429,1632701,9788424,9,10,28224,0,1080,1920,212,172,564,525,124256,0.06,,
1577430,1632701,9788424,9,10,28248,0,1080,1920,1032,172,1384,525,124256,0.06,,
1577431,1632701,9788424,9,10,28272,0,1080,1920,1150,166,1443,459,85849,0.041,,
1577432,1632701,9788424,9,10,28296,0,1080,1920,882,136,1176,429,86142,0.042,,
1577433,1632701,9788424,9,10,28320,0,1080,1920,676,172,1028,525,124256,0.06,,
1577434,1632701,9788424,9,10,28344,0,1080,1920,747,172,1099,525,124256,0.06,,
1577435,1632701,9788424,9,10,28368,0,1080,1920,615,225,908,519,86142,0.042,,
1577436,1632701,9788424,9,10,28392,0,1080,1920,604,208,956,560,123904,0.06,,
1577437,1632701,9788424,9,10,28416,0,1080,1920,1060,147,1230,317,28900,0.014,,
1577438,1632701,9788424,9,10,28440,0,1080,1920,1033,140,1236,344,41412,0.02,,
1577439,1632701,9788424,9,10,28464,0,1080,1920,1328,493,1621,786,85849,0.041,,
1577440,1632701,9788424,9,10,28488,0,1080,1920,604,137,956,489,123904,0.06,,
1577441,1632701,9788424,9,10,28512,0,1080,1920,711,208,1063,560,123904,0.06,,
1577442,1632701,9788424,9,10,28536,0,1080,1920,228,255,522,548,86142,0.042,,
1577443,1632701,9788424,9,10,28560,0,1080,1920,1053,120,1257,324,41616,0.02,,
1577444,1632701,9788424,9,10,28584,0,1080,1920,1033,120,1236,324,41412,0.02,,
1577445,1632701,9788424,9,10,28608,0,1080,1920,906,212,963,268,3192,0.002,,
1577446,1632701,9788424,9,10,28608,1,1080,1920,1349,237,1388,277,1560,0.001,,
1577447,1632701,9788424,9,10,28632,0,1080,1920,900,206,957,263,3249,0.002,,
1577448,1632701,9788424,9,10,28632,1,1080,1920,1321,237,1360,277,1560,0.001,,
1577449,1632701,9788424,9,10,28656,0,1080,1920,917,212,974,268,3192,0.002,,
1577450,1632701,9788424,9,10,28656,1,1080,1920,1317,241,1356,281,1560,0.001,,
1577451,1632701,9788424,9,10,28680,0,1080,1920,908,206,956,254,2304,0.001,,
1577452,1632701,9788424,9,10,28680,1,1080,1920,1313,233,1352,273,1560,0.001,,
1577453,1632701,9788424,9,10,28704,0,1080,1920,913,211,960,258,2209,0.001,,
1577454,1632701,9788424,9,10,28704,1,1080,1920,1317,233,1356,273,1560,0.001,,
1577455,1632701,9788424,9,10,28728,0,1080,1920,578,161,782,365,41616,0.02,,
1577456,1632701,9788424,9,10,28752,0,1080,1920,248,172,600,525,124256,0.06,,
1577457,1632701,9788424,9,10,28752,1,1080,1920,1524,422,1694,592,28900,0.014,,
1577458,1632701,9788424,9,10,28776,0,1080,1920,1085,281,1124,321,1560,0.001,,
1577459,1632701,9788424,9,10,28776,1,1080,1920,533,309,572,349,1560,0.001,,
1577460,1632701,9788424,9,10,28776,2,1080,1920,251,297,298,345,2256,0.001,,
1577461,1632701,9788424,9,10,28800,0,1080,1920,1081,281,1120,321,1560,0.001,,
1577462,1632701,9788424,9,10,28800,1,1080,1920,561,305,600,345,1560,0.001,,
1577463,1632701,9788424,9,10,28800,2,1080,1920,232,298,289,355,3249,0.002,,
1577464,1632701,9788424,9,10,28824,0,1080,1920,1081,281,1120,321,1560,0.001,,
1577465,1632701,9788424,9,10,28824,1,1080,1920,241,302,288,349,2209,0.001,,
1577466,1632701,9788424,9,10,28848,0,1080,1920,1069,281,1108,321,1560,0.001,,
1577467,1632701,9788424,9,10,28872,0,1080,1920,1029,281,1068,321,1560,0.001,,
1577468,1632701,9788424,9,10,28896,0,1080,1920,973,281,1012,321,1560,0.001,,
1577469,1632701,9788424,9,10,28920,0,1080,1920,436,166,730,459,86142,0.042,,
1577470,1632701,9788424,9,10,28944,0,1080,1920,436,195,730,489,86436,0.042,,
1577471,1632701,9788424,9,10,28968,0,1080,1920,436,195,730,489,86436,0.042,,
1577472,1632701,9788424,9,10,28992,0,1080,1920,496,195,789,489,86142,0.042,,
1577473,1632701,9788424,9,10,29016,0,1080,1920,1044,307,1143,405,9702,0.005,,
1577474,1632701,9788424,9,10,29040,0,1080,1920,1074,307,1172,405,9604,0.005,,
1577475,1632701,9788424,9,10,29064,0,1080,1920,965,327,1063,425,9604,0.005,,
1577476,1632701,9788424,9,10,29088,0,1080,1920,894,267,1012,385,13924,0.007,,
1577477,1632701,9788424,9,10,29112,0,1080,1920,954,267,1071,385,13806,0.007,,
1577478,1632701,9788424,9,10,29136,0,1080,1920,925,267,1023,366,9702,0.005,,
1577479,1632701,9788424,9,10,29160,0,1080,1920,1202,231,1447,475,59780,0.029,,
1577480,1632701,9788424,9,10,29184,0,1080,1920,1301,231,1546,475,59780,0.029,,
1577481,1632701,9788424,9,10,29208,0,1080,1920,1326,231,1571,475,59780,0.029,,
1577482,1632701,9788424,9,10,29232,0,1080,1920,1326,231,1571,475,59780,0.029,,
1577483,1632701,9788424,9,10,29256,0,1080,1920,1269,195,1562,489,86142,0.042,,
1577484,1632701,9788424,9,10,29280,0,1080,1920,1239,195,1532,489,86142,0.042,,
1577485,1632701,9788424,9,10,29304,0,1080,1920,1252,231,1496,475,59536,0.029,,
1577486,1632701,9788424,9,10,29328,0,1080,1920,1227,255,1472,500,60025,0.029,,
1577487,1632701,9788424,9,10,29424,0,1080,1920,1401,292,1458,349,3249,0.002,,
1577488,1632701,9788424,9,10,29424,1,1080,1920,585,401,624,441,1560,0.001,,
1577489,1632701,9788424,9,10,29424,2,1080,1920,913,475,960,522,2209,0.001,,
1577490,1632701,9788424,9,10,29448,0,1080,1920,1413,292,1470,349,3249,0.002,,
1577491,1632701,9788424,9,10,29448,1,1080,1920,581,401,620,441,1560,0.001,,
1577492,1632701,9788424,9,10,29448,2,1080,1920,913,475,960,522,2209,0.001,,
1577493,1632701,9788424,9,10,29448,3,1080,1920,385,408,432,455,2209,0.001,,
1577494,1632701,9788424,9,10,29472,0,1080,1920,1419,292,1475,349,3192,0.002,,
1577495,1632701,9788424,9,10,29472,1,1080,1920,581,401,620,441,1560,0.001,,
1577496,1632701,9788424,9,10,29472,2,1080,1920,917,481,956,521,1560,0.001,,
1577497,1632701,9788424,9,10,29472,3,1080,1920,380,403,428,450,2256,0.001,,
1577498,1632701,9788424,9,10,29496,0,1080,1920,581,397,620,437,1560,0.001,,
1577499,1632701,9788424,9,10,29496,1,1080,1920,375,398,423,445,2256,0.001,,
1577500,1632701,9788424,9,10,29496,2,1080,1920,913,475,960,522,2209,0.001,,
1577501,1632701,9788424,9,10,29496,3,1080,1920,1424,292,1481,349,3249,0.002,,
1577502,1632701,9788424,9,10,29520,0,1080,1920,577,397,616,437,1560,0.001,,
1577503,1632701,9788424,9,10,29520,1,1080,1920,364,396,421,453,3249,0.002,,
1577504,1632701,9788424,9,10,29520,2,1080,1920,733,381,772,421,1560,0.001,,
1577505,1632701,9788424,9,10,29520,3,1080,1920,913,475,960,522,2209,0.001,,
1577506,1632701,9788424,9,10,29544,0,1080,1920,359,390,416,447,3249,0.002,,
1577507,1632701,9788424,9,10,29544,1,1080,1920,577,393,616,433,1560,0.001,,
1577508,1632701,9788424,9,10,29544,2,1080,1920,918,475,965,522,2209,0.001,,
1577509,1632701,9788424,9,10,29544,3,1080,1920,733,377,772,417,1560,0.001,,
1577510,1632701,9788424,9,10,29568,0,1080,1920,359,384,416,441,3249,0.002,,
1577511,1632701,9788424,9,10,29568,1,1080,1920,918,470,965,518,2256,0.001,,
1577512,1632701,9788424,9,10,29568,2,1080,1920,585,389,624,429,1560,0.001,,
1577513,1632701,9788424,9,10,29568,3,1080,1920,733,373,772,413,1560,0.001,,
1577514,1632701,9788424,9,10,29592,0,1080,1920,577,385,616,425,1560,0.001,,
1577515,1632701,9788424,9,10,29592,1,1080,1920,918,465,965,513,2256,0.001,,
1577516,1632701,9788424,9,10,29592,2,1080,1920,733,369,772,409,1560,0.001,,
1577517,1632701,9788424,9,10,29592,3,1080,1920,359,384,416,441,3249,0.002,,
1577518,1632701,9788424,9,10,29592,4,1080,1920,1470,275,1527,332,3249,0.002,,
1577519,1632701,9788424,9,10,29616,0,1080,1920,923,460,970,508,2256,0.001,,
1577520,1632701,9788424,9,10,29616,1,1080,1920,577,381,616,421,1560,0.001,,
1577521,1632701,9788424,9,10,29616,2,1080,1920,733,361,772,401,1560,0.001,,
1577522,1632701,9788424,9,10,29616,3,1080,1920,359,379,416,436,3249,0.002,,
1577523,1632701,9788424,9,10,29616,4,1080,1920,1475,263,1543,331,4624,0.002,,
1577524,1632701,9788424,9,10,29640,0,1080,1920,923,460,970,508,2256,0.001,,
1577525,1632701,9788424,9,10,29640,1,1080,1920,569,377,608,417,1560,0.001,,
1577526,1632701,9788424,9,10,29640,2,1080,1920,729,361,768,401,1560,0.001,,
1577527,1632701,9788424,9,10,29640,3,1080,1920,359,379,416,436,3249,0.002,,
1577528,1632701,9788424,9,10,29640,4,1080,1920,1481,263,1550,331,4692,0.002,,
1577529,1632701,9788424,9,10,29664,0,1080,1920,573,373,612,413,1560,0.001,,
1577530,1632701,9788424,9,10,29664,1,1080,1920,729,361,768,401,1560,0.001,,
1577531,1632701,9788424,9,10,29664,2,1080,1920,918,460,965,508,2256,0.001,,
1577532,1632701,9788424,9,10,29664,3,1080,1920,1495,256,1564,324,4692,0.002,,
1577533,1632701,9788424,9,10,29664,4,1080,1920,353,373,410,430,3249,0.002,,
1577534,1632701,9788424,9,10,29688,0,1080,1920,565,373,604,413,1560,0.001,,
1577535,1632701,9788424,9,10,29688,1,1080,1920,918,460,965,508,2256,0.001,,
1577536,1632701,9788424,9,10,29688,2,1080,1920,1509,249,1577,317,4624,0.002,,
1577537,1632701,9788424,9,10,29712,0,1080,1920,578,615,782,819,41616,0.02,,
1577538,1632701,9788424,9,10,29736,0,1080,1920,537,615,741,819,41616,0.02,,
1577539,1632701,9788424,9,10,29736,1,1080,1920,1318,154,1460,296,20164,0.01,,
1577540,1632701,9788424,9,10,29760,0,1080,1920,475,615,679,819,41616,0.02,,
1577541,1632701,9788424,9,10,29760,1,1080,1920,1232,154,1374,296,20164,0.01,,
1577542,1632701,9788424,9,10,29784,0,1080,1920,475,615,679,819,41616,0.02,,
1577543,1632701,9788424,9,10,29784,1,1080,1920,903,226,1044,368,20022,0.01,,
1577544,1632701,9788424,9,10,29808,0,1080,1920,1266,112,1436,282,28900,0.014,,
1577545,1632701,9788424,9,10,29808,1,1080,1920,393,244,597,447,41412,0.02,,
1577546,1632701,9788424,9,10,29832,0,1080,1920,415,527,557,669,20164,0.01,,
1577547,1632701,9788424,9,10,29832,1,1080,1920,1610,112,1728,230,13924,0.007,,
1577548,1632701,9788424,9,10,29832,2,1080,1920,895,188,993,286,9604,0.005,,
1577549,1632701,9788424,9,10,29856,0,1080,1920,1551,136,1669,254,13924,0.007,,
1577550,1632701,9788424,9,10,29856,1,1080,1920,925,217,1023,316,9702,0.005,,
1577551,1632701,9788424,9,10,29880,0,1080,1920,995,337,1093,435,9604,0.005,,
1577552,1632701,9788424,9,10,29880,1,1080,1920,1491,267,1609,385,13924,0.007,,
1577553,1632701,9788424,9,10,29904,0,1080,1920,975,327,1073,425,9604,0.005,,
1577554,1632701,9788424,9,10,29904,1,1080,1920,1587,255,1704,373,13806,0.007,,
1577555,1632701,9788424,9,10,29928,0,1080,1920,955,327,1053,425,9604,0.005,,
1577556,1632701,9788424,9,10,29928,1,1080,1920,1587,267,1704,385,13806,0.007,,
1577557,1632701,9788424,9,10,29952,0,1080,1920,1215,130,1385,299,28730,0.014,,
1577558,1632701,9788424,9,10,29952,1,1080,1920,372,216,542,385,28730,0.014,,
1577559,1632701,9788424,9,10,29976,0,1080,1920,355,233,525,403,28900,0.014,,
1577560,1632701,9788424,9,10,29976,1,1080,1920,1198,112,1367,282,28730,0.014,,
1577561,1632701,9788424,9,10,30000,0,1080,1920,1180,130,1350,299,28730,0.014,,
1577562,1632701,9788424,9,10,30000,1,1080,1920,331,202,535,406,41616,0.02,,
1577563,1632701,9788424,9,10,30024,0,1080,1920,1215,130,1385,299,28730,0.014,,
1577564,1632701,9788424,9,10,30024,1,1080,1920,331,202,535,406,41616,0.02,,
1577565,1632701,9788424,9,10,30048,0,1080,1920,1215,130,1385,299,28730,0.014,,
1577566,1632701,9788424,9,10,30048,1,1080,1920,310,223,514,427,41616,0.02,,
1577567,1632701,9788424,9,10,30072,0,1080,1920,1040,229,1122,311,6724,0.003,,
1577568,1632701,9788424,9,10,30072,1,1080,1920,1515,160,1633,278,13924,0.007,,
1577569,1632701,9788424,9,10,30096,0,1080,1920,1249,216,1419,385,28730,0.014,,
1577570,1632701,9788424,9,10,30096,1,1080,1920,360,107,605,351,59780,0.029,,
1577571,1632701,9788424,9,10,30120,0,1080,1920,413,120,617,324,41616,0.02,,
1577572,1632701,9788424,9,10,30120,1,1080,1920,1249,181,1419,351,28900,0.014,,
1577573,1632701,9788424,9,10,30144,0,1080,1920,818,284,886,352,4624,0.002,,
1577574,1632701,9788424,9,10,30144,1,1080,1920,637,341,676,381,1560,0.001,,
1577575,1632701,9788424,9,10,30144,2,1080,1920,230,339,299,407,4692,0.002,,
1577576,1632701,9788424,9,10,30144,3,1080,1920,462,331,509,378,2209,0.001,,
1577577,1632701,9788424,9,10,30144,4,1080,1920,1645,312,1727,394,6724,0.003,,
1577578,1632701,9788424,9,10,30168,0,1080,1920,433,326,480,373,2209,0.001,,
1577579,1632701,9788424,9,10,30168,1,1080,1920,825,286,882,343,3249,0.002,,
1577580,1632701,9788424,9,10,30168,2,1080,1920,633,341,672,381,1560,0.001,,
1577581,1632701,9788424,9,10,30168,3,1080,1920,211,328,292,410,6642,0.003,,
1577582,1632701,9788424,9,10,30168,4,1080,1920,1654,312,1736,394,6724,0.003,,
1577583,1632701,9788424,9,10,30192,0,1080,1920,433,331,480,378,2209,0.001,,
1577584,1632701,9788424,9,10,30192,1,1080,1920,818,291,886,359,4624,0.002,,
1577585,1632701,9788424,9,10,30192,2,1080,1920,633,345,672,385,1560,0.001,,
1577586,1632701,9788424,9,10,30192,3,1080,1920,1671,307,1770,405,9702,0.005,,
1577587,1632701,9788424,9,10,30192,4,1080,1920,217,339,285,407,4624,0.002,,
1577588,1632701,9788424,9,10,30216,0,1080,1920,438,331,485,378,2209,0.001,,
1577589,1632701,9788424,9,10,30216,1,1080,1920,818,291,886,359,4624,0.002,,
1577590,1632701,9788424,9,10,30216,2,1080,1920,224,332,292,400,4624,0.002,,
1577591,1632701,9788424,9,10,30216,3,1080,1920,1671,307,1770,405,9702,0.005,,
1577592,1632701,9788424,9,10,30216,4,1080,1920,629,341,668,381,1560,0.001,,
1577593,1632701,9788424,9,10,30240,0,1080,1920,837,298,894,355,3249,0.002,,
1577594,1632701,9788424,9,10,30240,1,1080,1920,438,331,485,378,2209,0.001,,
1577595,1632701,9788424,9,10,30240,2,1080,1920,629,341,668,381,1560,0.001,,
1577596,1632701,9788424,9,10,30240,3,1080,1920,203,332,271,400,4624,0.002,,
1577597,1632701,9788424,9,10,30240,4,1080,1920,1364,355,1412,402,2256,0.001,,
1577598,1632701,9788424,9,10,30264,0,1080,1920,781,132,1026,376,59780,0.029,,
1577599,1632701,9788424,9,10,30288,0,1080,1920,806,156,1051,401,60025,0.029,,
1577600,1632701,9788424,9,10,30312,0,1080,1920,1129,130,1299,299,28730,0.014,,
1577601,1632701,9788424,9,10,30312,1,1080,1920,736,377,834,475,9604,0.005,,
1577602,1632701,9788424,9,10,30312,2,1080,1920,237,291,355,409,13924,0.007,,
1577603,1632701,9788424,9,10,30336,0,1080,1920,736,387,834,485,9604,0.005,,
1577604,1632701,9788424,9,10,30336,1,1080,1920,249,291,367,409,13924,0.007,,
1577605,1632701,9788424,9,10,30336,2,1080,1920,1146,130,1316,299,28730,0.014,,
1577606,1632701,9788424,9,10,30360,0,1080,1920,736,387,834,485,9604,0.005,,
1577607,1632701,9788424,9,10,30360,1,1080,1920,285,303,403,421,13924,0.007,,
1577608,1632701,9788424,9,10,30384,0,1080,1920,726,377,824,475,9604,0.005,,
1577609,1632701,9788424,9,10,30384,1,1080,1920,201,291,319,409,13924,0.007,,
1577610,1632701,9788424,9,10,30408,0,1080,1920,726,377,824,475,9604,0.005,,
1577611,1632701,9788424,9,10,30408,1,1080,1920,228,297,326,395,9604,0.005,,
1577612,1632701,9788424,9,10,30432,0,1080,1920,912,225,1205,519,86142,0.042,,
1577613,1632701,9788424,9,10,30456,0,1080,1920,475,140,679,344,41616,0.02,,
1577614,1632701,9788424,9,10,30480,0,1080,1920,517,140,720,344,41412,0.02,,
1577615,1632701,9788424,9,10,30504,0,1080,1920,389,95,559,265,28900,0.014,,
1577616,1632701,9788424,9,10,30504,1,1080,1920,1232,216,1402,385,28730,0.014,,
1577617,1632701,9788424,9,10,30528,0,1080,1920,389,95,559,265,28900,0.014,,
1577618,1632701,9788424,9,10,30528,1,1080,1920,1232,198,1402,368,28900,0.014,,
1577619,1632701,9788424,9,10,30552,0,1080,1920,852,225,1146,519,86436,0.042,,
1577620,1632701,9788424,9,10,30576,0,1080,1920,854,172,1206,525,124256,0.06,,
1577621,1632701,9788424,9,10,30600,0,1080,1920,854,208,1206,560,123904,0.06,,
1577622,1632701,9788424,9,10,30624,0,1080,1920,852,195,1146,489,86436,0.042,,
1577623,1632701,9788424,9,10,30648,0,1080,1920,615,166,908,459,85849,0.041,,
1577624,1632701,9788424,9,10,30672,0,1080,1920,615,166,908,459,85849,0.041,,
1577625,1632701,9788424,9,10,30696,0,1080,1920,818,208,1170,560,123904,0.06,,
1577626,1632701,9788424,9,10,30720,0,1080,1920,615,136,908,429,85849,0.041,,
1577627,1632701,9788424,9,10,30744,0,1080,1920,615,166,908,459,85849,0.041,,
1577628,1632701,9788424,9,10,30768,0,1080,1920,747,244,1099,596,123904,0.06,,
1577629,1632701,9788424,9,10,30792,0,1080,1920,783,244,1135,596,123904,0.06,,
1577630,1632701,9788424,9,10,30816,0,1080,1920,790,291,859,359,4692,0.002,,
1577631,1632701,9788424,9,10,30816,1,1080,1920,625,341,664,381,1560,0.001,,
1577632,1632701,9788424,9,10,30816,2,1080,1920,111,312,193,394,6724,0.003,,
1577633,1632701,9788424,9,10,30816,3,1080,1920,1661,297,1760,395,9702,0.005,,
1577634,1632701,9788424,9,10,30816,4,1080,1920,423,307,471,354,2256,0.001,,
1577635,1632701,9788424,9,10,30840,0,1080,1920,414,316,461,364,2256,0.001,,
1577636,1632701,9788424,9,10,30840,1,1080,1920,779,304,836,361,3249,0.002,,
1577637,1632701,9788424,9,10,30840,2,1080,1920,637,341,676,381,1560,0.001,,
1577638,1632701,9788424,9,10,30840,3,1080,1920,1671,307,1770,405,9702,0.005,,
1577639,1632701,9788424,9,10,30840,4,1080,1920,113,318,181,386,4624,0.002,,
1577640,1632701,9788424,9,10,30864,0,1080,1920,1671,307,1770,405,9702,0.005,,
1577641,1632701,9788424,9,10,30864,1,1080,1920,409,321,456,369,2256,0.001,,
1577642,1632701,9788424,9,10,30864,2,1080,1920,637,341,676,381,1560,0.001,,
1577643,1632701,9788424,9,10,30864,3,1080,1920,119,312,201,394,6724,0.003,,
1577644,1632701,9788424,9,10,30864,4,1080,1920,779,298,836,355,3249,0.002,,
1577645,1632701,9788424,9,10,30888,0,1080,1920,1691,297,1790,395,9702,0.005,,
1577646,1632701,9788424,9,10,30888,1,1080,1920,637,337,676,377,1560,0.001,,
1577647,1632701,9788424,9,10,30888,2,1080,1920,814,304,871,361,3249,0.002,,
1577648,1632701,9788424,9,10,30888,3,1080,1920,404,331,452,378,2256,0.001,,
1577649,1632701,9788424,9,10,30912,0,1080,1920,880,360,948,428,4624,0.002,,
1577650,1632701,9788424,9,10,30912,1,1080,1920,1563,279,1681,397,13924,0.007,,
1577651,1632701,9788424,9,10,30936,0,1080,1920,833,353,915,435,6724,0.003,,
1577652,1632701,9788424,9,10,30936,1,1080,1920,1563,267,1681,385,13924,0.007,,
1577653,1632701,9788424,9,10,30960,0,1080,1920,815,357,914,455,9702,0.005,,
1577654,1632701,9788424,9,10,30960,1,1080,1920,1563,267,1681,385,13924,0.007,,
1577655,1632701,9788424,9,10,30984,0,1080,1920,815,357,914,455,9702,0.005,,
1577656,1632701,9788424,9,10,30984,1,1080,1920,1551,267,1669,385,13924,0.007,,
1577657,1632701,9788424,9,10,31008,0,1080,1920,1232,111,1374,253,20164,0.01,,
1577658,1632701,9788424,9,10,31008,1,1080,1920,746,377,844,475,9604,0.005,,
1577659,1632701,9788424,9,10,31008,2,1080,1920,261,303,379,421,13924,0.007,,
1577660,1632701,9788424,9,10,31032,0,1080,1920,1198,112,1367,282,28730,0.014,,
1577661,1632701,9788424,9,10,31032,1,1080,1920,261,303,379,421,13924,0.007,,
1577662,1632701,9788424,9,10,31032,2,1080,1920,726,357,824,455,9604,0.005,,
1577663,1632701,9788424,9,10,31056,0,1080,1920,1218,120,1422,324,41616,0.02,,
1577664,1632701,9788424,9,10,31056,1,1080,1920,372,161,576,365,41616,0.02,,
1577665,1632701,9788424,9,10,31080,0,1080,1920,1232,147,1402,317,28900,0.014,,
1577666,1632701,9788424,9,10,31080,1,1080,1920,389,181,559,351,28900,0.014,,
1577667,1632701,9788424,9,10,31104,0,1080,1920,406,181,576,351,28900,0.014,,
1577668,1632701,9788424,9,10,31104,1,1080,1920,1227,107,1472,351,59780,0.029,,
1577669,1632701,9788424,9,10,31128,0,1080,1920,657,156,902,401,60025,0.029,,
1577670,1632701,9788424,9,10,31152,0,1080,1920,682,140,885,344,41412,0.02,,
1577671,1632701,9788424,9,10,31176,0,1080,1920,1260,120,1463,324,41412,0.02,,
1577672,1632701,9788424,9,10,31176,1,1080,1920,372,164,542,334,28900,0.014,,
1577673,1632701,9788424,9,10,31200,0,1080,1920,1284,130,1453,299,28561,0.014,,
1577674,1632701,9788424,9,10,31200,1,1080,1920,372,181,542,351,28900,0.014,,
1577675,1632701,9788424,9,10,31224,0,1080,1920,1239,120,1443,324,41616,0.02,,
1577676,1632701,9788424,9,10,31224,1,1080,1920,372,164,542,334,28900,0.014,,
1577677,1632701,9788424,9,10,31248,0,1080,1920,1239,120,1443,324,41616,0.02,,
1577678,1632701,9788424,9,10,31248,1,1080,1920,415,183,557,325,20164,0.01,,
1577679,1632701,9788424,9,10,31272,0,1080,1920,1239,120,1443,324,41616,0.02,,
1577680,1632701,9788424,9,10,31272,1,1080,1920,441,181,611,351,28900,0.014,,
1577681,1632701,9788424,9,10,31296,0,1080,1920,1218,120,1422,324,41616,0.02,,
1577682,1632701,9788424,9,10,31296,1,1080,1920,441,181,611,351,28900,0.014,,
1577683,1632701,9788424,9,10,31320,0,1080,1920,441,181,611,351,28900,0.014,,
1577684,1632701,9788424,9,10,31320,1,1080,1920,1318,147,1488,317,28900,0.014,,
1577685,1632701,9788424,9,10,31344,0,1080,1920,1094,112,1264,282,28900,0.014,,
1577686,1632701,9788424,9,10,31344,1,1080,1920,756,257,854,356,9702,0.005,,
1577687,1632701,9788424,9,10,31344,2,1080,1920,213,327,331,445,13924,0.007,,
1577688,1632701,9788424,9,10,31368,0,1080,1920,736,247,834,346,9702,0.005,,
1577689,1632701,9788424,9,10,31368,1,1080,1920,249,327,367,445,13924,0.007,,
1577690,1632701,9788424,9,10,31392,0,1080,1920,746,267,844,366,9702,0.005,,
1577691,1632701,9788424,9,10,31392,1,1080,1920,249,327,367,445,13924,0.007,,
1577692,1632701,9788424,9,10,31416,0,1080,1920,746,267,844,366,9702,0.005,,
1577693,1632701,9788424,9,10,31416,1,1080,1920,237,327,355,445,13924,0.007,,
1577694,1632701,9788424,9,10,31440,0,1080,1920,1551,291,1669,409,13924,0.007,,
1577695,1632701,9788424,9,10,31440,1,1080,1920,1144,307,1242,405,9604,0.005,,
1577696,1632701,9788424,9,10,31440,2,1080,1920,530,97,672,239,20164,0.01,,
1577697,1632701,9788424,9,10,31464,0,1080,1920,731,169,872,310,19881,0.01,,
1577698,1632701,9788424,9,10,31488,0,1080,1920,517,120,720,324,41412,0.02,,
1577699,1632701,9788424,9,10,31488,1,1080,1920,1008,233,1178,403,28900,0.014,,
1577700,1632701,9788424,9,10,31560,0,1080,1920,1156,220,1238,302,6724,0.003,,
1577701,1632701,9788424,9,10,31608,0,1080,1920,1077,147,1247,317,28900,0.014,,
1577702,1632701,9788424,9,10,31632,0,1080,1920,1026,147,1195,317,28730,0.014,,
1577703,1632701,9788424,9,10,31656,0,1080,1920,1008,147,1178,317,28900,0.014,,
1577704,1632701,9788424,9,10,31680,0,1080,1920,1060,164,1230,334,28900,0.014,,
1577705,1632701,9788424,9,10,31680,1,1080,1920,1292,552,1340,599,2256,0.001,,
1577706,1632701,9788424,9,10,31704,0,1080,1920,496,161,700,365,41616,0.02,,
1577707,1632701,9788424,9,10,31728,0,1080,1920,640,161,844,365,41616,0.02,,
1577708,1632701,9788424,9,10,31752,0,1080,1920,497,137,849,489,123904,0.06,,
1577709,1632701,9788424,9,10,31776,0,1080,1920,462,172,814,525,124256,0.06,,
1577710,1632701,9788424,9,10,31800,0,1080,1920,355,208,707,560,123904,0.06,,
1577711,1632701,9788424,9,10,32064,0,1080,1920,1545,574,1602,631,3249,0.002,,
1577712,1632701,9788424,9,10,32088,0,1080,1920,1540,569,1596,626,3192,0.002,,
1577713,1632701,9788424,9,10,32112,0,1080,1920,1534,563,1591,620,3249,0.002,,
1577714,1632701,9788424,9,10,32136,0,1080,1920,1528,569,1585,626,3249,0.002,,
1577715,1632701,9788424,9,10,32160,0,1080,1920,1523,567,1591,635,4624,0.002,,
1577716,1632701,9788424,9,10,32208,0,1080,1920,929,528,986,585,3249,0.002,,
1577717,1632701,9788424,9,10,32208,1,1080,1920,1522,563,1579,620,3249,0.002,,
1577718,1632701,9788424,9,10,32232,0,1080,1920,1516,553,1584,621,4624,0.002,,
1577719,1632701,9788424,9,10,32280,0,1080,1920,1156,223,1360,427,41616,0.02,,
1577720,1632701,9788424,9,10,32304,0,1080,1920,1177,161,1381,365,41616,0.02,,
1577721,1632701,9788424,9,10,32328,0,1080,1920,1177,161,1381,365,41616,0.02,,
1577722,1632701,9788424,9,10,32352,0,1080,1920,1156,182,1360,385,41412,0.02,,
1577723,1632701,9788424,9,10,32376,0,1080,1920,1177,182,1381,385,41412,0.02,,
1577724,1632701,9788424,9,10,32400,0,1080,1920,1177,182,1381,385,41412,0.02,,
1577725,1632701,9788424,9,10,32424,0,1080,1920,1156,161,1360,365,41616,0.02,,
1577726,1632701,9788424,9,10,32448,0,1080,1920,1128,181,1373,426,60025,0.029,,
1577727,1632701,9788424,9,10,32472,0,1080,1920,1136,223,1340,427,41616,0.02,,
1577728,1632701,9788424,9,10,32496,0,1080,1920,496,202,700,406,41616,0.02,,
1577729,1632701,9788424,9,10,32520,0,1080,1920,455,161,658,365,41412,0.02,,
1577730,1632701,9788424,9,10,32544,0,1080,1920,496,202,700,406,41616,0.02,,
1577731,1632701,9788424,9,10,32568,0,1080,1920,475,161,679,365,41616,0.02,,
1577732,1632701,9788424,9,10,32592,0,1080,1920,475,182,679,385,41412,0.02,,
1577733,1632701,9788424,9,10,32616,0,1080,1920,475,182,679,385,41412,0.02,,
1577734,1632701,9788424,9,10,32640,0,1080,1920,475,182,679,385,41412,0.02,,
1577735,1632701,9788424,9,10,32664,0,1080,1920,475,182,679,385,41412,0.02,,
1577736,1632701,9788424,9,10,32688,0,1080,1920,434,182,638,385,41412,0.02,,
1577737,1632701,9788424,9,10,32712,0,1080,1920,1115,202,1319,406,41616,0.02,,
1577738,1632701,9788424,9,10,32736,0,1080,1920,1115,202,1319,406,41616,0.02,,
1577739,1632701,9788424,9,10,32760,0,1080,1920,434,202,638,406,41616,0.02,,
1577740,1632701,9788424,9,10,32808,0,1080,1920,1004,82,1249,327,60025,0.029,,
1577741,1632701,9788424,9,10,32832,0,1080,1920,979,107,1224,351,59780,0.029,,
1577742,1632701,9788424,9,10,32856,0,1080,1920,587,183,729,325,20164,0.01,,
1577743,1632701,9788424,9,10,32880,0,1080,1920,682,99,885,303,41412,0.02,,
1577744,1632701,9788424,9,10,32904,0,1080,1920,647,147,817,317,28900,0.014,,
1577745,1632701,9788424,9,10,32928,0,1080,1920,620,182,824,385,41412,0.02,,
1577746,1632701,9788424,9,10,32952,0,1080,1920,620,182,824,385,41412,0.02,,
1577747,1632701,9788424,9,10,32976,0,1080,1920,1004,107,1249,351,59780,0.029,,
1577748,1632701,9788424,9,10,33000,0,1080,1920,979,107,1224,351,59780,0.029,,
1577749,1632701,9788424,9,10,33024,0,1080,1920,979,132,1224,376,59780,0.029,,
1577750,1632701,9788424,9,10,33048,0,1080,1920,1004,107,1249,351,59780,0.029,,
1577751,1632701,9788424,9,10,33072,0,1080,1920,1004,107,1249,351,59780,0.029,,
1577752,1632701,9788424,9,10,33096,0,1080,1920,647,147,817,317,28900,0.014,,
1577753,1632701,9788424,9,10,33120,0,1080,1920,664,147,834,317,28900,0.014,,
1577754,1632701,9788424,9,10,33144,0,1080,1920,1120,166,1413,459,85849,0.041,,
1577755,1632701,9788424,9,10,33168,0,1080,1920,1104,172,1456,525,124256,0.06,,
1577756,1632701,9788424,9,10,33192,0,1080,1920,1104,172,1456,525,124256,0.06,,
1577757,1632701,9788424,9,10,33216,0,1080,1920,1139,208,1491,560,123904,0.06,,
1577758,1632701,9788424,9,10,33240,0,1080,1920,1139,172,1491,525,124256,0.06,,
1577759,1632701,9788424,9,10,33264,0,1080,1920,1139,137,1491,489,123904,0.06,,
1577760,1632701,9788424,9,10,33288,0,1080,1920,1139,208,1491,560,123904,0.06,,
1577761,1632701,9788424,9,10,33312,0,1080,1920,676,172,1028,525,124256,0.06,,
1577762,1632701,9788424,9,10,33336,0,1080,1920,711,208,1063,560,123904,0.06,,
1577763,1632701,9788424,9,10,33360,0,1080,1920,1266,250,1436,420,28900,0.014,,
1577764,1632701,9788424,9,10,33384,0,1080,1920,1284,250,1453,420,28730,0.014,,
1577765,1632701,9788424,9,10,33408,0,1080,1920,1301,233,1471,403,28900,0.014,,
1577766,1632701,9788424,9,10,33432,0,1080,1920,458,284,628,454,28900,0.014,,
1577767,1632701,9788424,9,10,33456,0,1080,1920,441,284,611,454,28900,0.014,,
1577768,1632701,9788424,9,10,33480,0,1080,1920,441,284,611,454,28900,0.014,,
1577769,1632701,9788424,9,10,33504,0,1080,1920,955,107,1199,351,59536,0.029,,
1577770,1632701,9788424,9,10,33528,0,1080,1920,955,107,1199,351,59536,0.029,,
1577771,1632701,9788424,9,10,33552,0,1080,1920,979,107,1224,351,59780,0.029,,
1577772,1632701,9788424,9,10,33576,0,1080,1920,955,107,1199,351,59536,0.029,,
1577773,1632701,9788424,9,10,33600,0,1080,1920,979,107,1224,351,59780,0.029,,
1577774,1632701,9788424,9,10,33624,0,1080,1920,955,132,1199,376,59536,0.029,,
1577775,1632701,9788424,9,10,33648,0,1080,1920,955,132,1199,376,59536,0.029,,
1577776,1632701,9788424,9,10,33672,0,1080,1920,674,195,968,489,86436,0.042,,
1577777,1632701,9788424,9,10,33696,0,1080,1920,583,206,828,450,59780,0.029,,
1577778,1632701,9788424,9,10,33720,0,1080,1920,674,195,968,489,86436,0.042,,
1577779,1632701,9788424,9,10,33744,0,1080,1920,704,225,997,519,86142,0.042,,
1577780,1632701,9788424,9,10,33768,0,1080,1920,674,225,968,519,86436,0.042,,
1577781,1632701,9788424,9,10,33792,0,1080,1920,1033,78,1236,282,41412,0.02,,
1577782,1632701,9788424,9,10,33816,0,1080,1920,930,33,1174,277,59536,0.029,,
1577783,1632701,9788424,9,10,33840,0,1080,1920,1054,355,1298,599,59536,0.029,,
1577784,1632701,9788424,9,10,33864,0,1080,1920,917,68,1059,210,20164,0.01,,
1577785,1632701,9788424,9,10,33912,0,1080,1920,644,166,938,459,86142,0.042,,
1577786,1632701,9788424,9,10,33936,0,1080,1920,1078,255,1323,500,60025,0.029,,
1577787,1632701,9788424,9,10,33936,1,1080,1920,335,107,580,351,59780,0.029,,
1577788,1632701,9788424,9,10,33960,0,1080,1920,1103,280,1348,525,60025,0.029,,
1577789,1632701,9788424,9,10,33960,1,1080,1920,360,132,605,376,59780,0.029,,
1577790,1632701,9788424,9,10,33984,0,1080,1920,1128,255,1373,500,60025,0.029,,
1577791,1632701,9788424,9,10,33984,1,1080,1920,360,132,605,376,59780,0.029,,
1577792,1632701,9788424,9,10,34032,0,1080,1920,555,136,849,429,86142,0.042,,
1577793,1632701,9788424,9,10,34056,0,1080,1920,555,166,849,459,86142,0.042,,
1577794,1632701,9788424,9,10,34080,0,1080,1920,585,195,878,489,86142,0.042,,
1577795,1632701,9788424,9,10,34104,0,1080,1920,496,195,789,489,86142,0.042,,
1577796,1632701,9788424,9,10,34128,0,1080,1920,496,166,789,459,85849,0.041,,
1577797,1632701,9788424,9,10,34152,0,1080,1920,526,166,819,459,85849,0.041,,
1577798,1632701,9788424,9,10,34176,0,1080,1920,1068,172,1420,525,124256,0.06,,
1577799,1632701,9788424,9,10,34200,0,1080,1920,1068,172,1420,525,124256,0.06,,
1577800,1632701,9788424,9,10,34224,0,1080,1920,1104,172,1456,525,124256,0.06,,
1577801,1632701,9788424,9,10,34248,0,1080,1920,1104,172,1456,525,124256,0.06,,
1577802,1632701,9788424,9,10,34272,0,1080,1920,466,136,760,429,86142,0.042,,
1577803,1632701,9788424,9,10,34296,0,1080,1920,1104,208,1456,560,123904,0.06,,
1577804,1632701,9788424,9,10,34320,0,1080,1920,1104,208,1456,560,123904,0.06,,
1577805,1632701,9788424,9,10,34344,0,1080,1920,1104,208,1456,560,123904,0.06,,
1577806,1632701,9788424,9,10,34368,0,1080,1920,1068,208,1420,560,123904,0.06,,
1577807,1632701,9788424,9,10,34392,0,1080,1920,526,136,819,429,85849,0.041,,
1577808,1632701,9788424,9,10,34464,0,1080,1920,1068,208,1420,560,123904,0.06,,
1577809,1632701,9788424,9,10,34488,0,1080,1920,1068,208,1420,560,123904,0.06,,
1577810,1632701,9788424,9,10,34512,0,1080,1920,1032,244,1384,596,123904,0.06,,
1577811,1632701,9788424,9,10,34536,0,1080,1920,1032,244,1384,596,123904,0.06,,
1577812,1632701,9788424,9,10,34560,0,1080,1920,997,244,1349,596,123904,0.06,,
1577813,1632701,9788424,9,10,34584,0,1080,1920,1032,208,1384,560,123904,0.06,,
1577814,1632701,9788424,9,10,34608,0,1080,1920,1032,244,1384,596,123904,0.06,,
1577815,1632701,9788424,9,10,34632,0,1080,1920,1032,244,1384,596,123904,0.06,,
1577816,1632701,9788424,9,10,34656,0,1080,1920,229,693,268,733,1560,0.001,,
1577817,1632701,9788424,9,10,34656,1,1080,1920,165,837,204,877,1560,0.001,,
1577818,1632701,9788424,9,10,34680,0,1080,1920,53,637,92,677,1560,0.001,,
1577819,1632701,9788424,9,10,34680,1,1080,1920,3,917,85,999,6724,0.003,,
1577820,1632701,9788424,9,10,34704,0,1080,1920,37,774,105,843,4692,0.002,,
1577821,1632701,9788424,9,10,34704,1,1080,1920,174,643,221,690,2209,0.001,,
1577822,1632701,9788424,9,10,34728,0,1080,1920,71,638,128,695,3249,0.002,,
1577823,1632701,9788424,9,10,34752,0,1080,1920,106,560,174,628,4624,0.002,,
1577824,1632701,9788424,9,10,34776,0,1080,1920,62,216,232,385,28730,0.014,,
1577825,1632701,9788424,9,10,34800,0,1080,1920,630,255,772,396,20022,0.01,,
1577826,1632701,9788424,9,10,34824,0,1080,1920,903,212,1044,353,19881,0.01,,
1577827,1632701,9788424,9,10,34848,0,1080,1920,1433,169,1575,310,20022,0.01,,
1577828,1632701,9788424,9,10,34848,1,1080,1920,917,226,1059,368,20164,0.01,,
1577829,1632701,9788424,9,10,34872,0,1080,1920,1376,154,1517,296,20022,0.01,,
1577830,1632701,9788424,9,10,34872,1,1080,1920,888,212,1030,353,20022,0.01,,
1577831,1632701,9788424,9,10,34896,0,1080,1920,860,197,1001,339,20022,0.01,,
1577832,1632701,9788424,9,10,34896,1,1080,1920,1376,140,1517,282,20022,0.01,,
1577833,1632701,9788424,9,10,34920,0,1080,1920,466,255,760,548,86142,0.042,,
1577834,1632701,9788424,9,10,34944,0,1080,1920,484,280,729,525,60025,0.029,,
1577835,1632701,9788424,9,10,34944,1,1080,1920,383,175,806,598,178929,0.086,,
1577836,1632701,9788424,9,10,34968,0,1080,1920,997,208,1349,560,123904,0.06,,
1577837,1632701,9788424,9,10,34992,0,1080,1920,1031,195,1324,489,86142,0.042,,
1577838,1632701,9788424,9,10,35016,0,1080,1920,925,208,1277,560,123904,0.06,,
1577839,1632701,9788424,9,10,35040,0,1080,1920,925,208,1277,560,123904,0.06,,
1577840,1632701,9788424,9,10,35064,0,1080,1920,1031,225,1324,519,86142,0.042,,
1577841,1632701,9788424,9,10,35088,0,1080,1920,1226,311,1294,380,4692,0.002,,
1577842,1632701,9788424,9,10,35088,1,1080,1920,880,353,948,421,4624,0.002,,
1577843,1632701,9788424,9,10,35136,0,1080,1920,1782,528,1829,575,2209,0.001,,
1577844,1632701,9788424,9,10,35160,0,1080,1920,558,231,803,475,59780,0.029,,
1577845,1632701,9788424,9,10,35184,0,1080,1920,583,231,828,475,59780,0.029,,
1577846,1632701,9788424,9,10,35208,0,1080,1920,558,280,803,525,60025,0.029,,
1577847,1632701,9788424,9,10,35232,0,1080,1920,583,255,828,500,60025,0.029,,
1577848,1632701,9788424,9,10,35256,0,1080,1920,608,231,852,475,59536,0.029,,
1577849,1632701,9788424,9,10,35280,0,1080,1920,1260,161,1463,365,41412,0.02,,
1577850,1632701,9788424,9,10,35280,1,1080,1920,534,255,778,500,59780,0.029,,
1577851,1632701,9788424,9,10,35304,0,1080,1920,509,255,753,500,59780,0.029,,
1577852,1632701,9788424,9,10,35304,1,1080,1920,1260,182,1463,385,41209,0.02,,
1577853,1632701,9788424,9,10,35328,0,1080,1920,484,255,729,500,60025,0.029,,
1577854,1632701,9788424,9,10,35328,1,1080,1920,1252,156,1496,401,59780,0.029,,
1577855,1632701,9788424,9,10,35352,0,1080,1920,509,255,753,500,59780,0.029,,
1577856,1632701,9788424,9,10,35352,1,1080,1920,1260,182,1463,385,41209,0.02,,
1577857,1632701,9788424,9,10,35376,0,1080,1920,558,231,803,475,59780,0.029,,
1577858,1632701,9788424,9,10,35376,1,1080,1920,1260,182,1463,385,41209,0.02,,
1577859,1632701,9788424,9,10,35400,0,1080,1920,1120,225,1413,519,86142,0.042,,
1577860,1632701,9788424,9,10,35424,0,1080,1920,1032,208,1384,560,123904,0.06,,
1577861,1632701,9788424,9,10,35448,0,1080,1920,925,208,1277,560,123904,0.06,,
1577862,1632701,9788424,9,10,35472,0,1080,1920,509,255,753,500,59780,0.029,,
1577863,1632701,9788424,9,10,35496,0,1080,1920,1209,166,1503,459,86142,0.042,,
1577864,1632701,9788424,9,10,35520,0,1080,1920,1209,195,1503,489,86436,0.042,,
1577865,1632701,9788424,9,10,35544,0,1080,1920,509,231,753,475,59536,0.029,,
1577866,1632701,9788424,9,10,35568,0,1080,1920,1061,255,1354,548,85849,0.041,,
1577867,1632701,9788424,9,10,35592,0,1080,1920,1068,244,1420,596,123904,0.06,,
1577868,1632701,9788424,9,10,35616,0,1080,1920,484,255,729,500,60025,0.029,,
1577869,1632701,9788424,9,10,35616,1,1080,1920,1198,202,1401,406,41412,0.02,,
1577870,1632701,9788424,9,10,35640,0,1080,1920,484,231,729,475,59780,0.029,,
1577871,1632701,9788424,9,10,35640,1,1080,1920,1198,202,1401,406,41412,0.02,,
1577872,1632701,9788424,9,10,35664,0,1080,1920,509,255,753,500,59780,0.029,,
1577873,1632701,9788424,9,10,35664,1,1080,1920,1198,182,1401,385,41209,0.02,,
1577874,1632701,9788424,9,10,35688,0,1080,1920,558,255,803,500,60025,0.029,,
1577875,1632701,9788424,9,10,35688,1,1080,1920,1198,182,1401,385,41209,0.02,,
1577876,1632701,9788424,9,10,35712,0,1080,1920,1239,182,1443,385,41412,0.02,,
1577877,1632701,9788424,9,10,35712,1,1080,1920,558,255,803,500,60025,0.029,,
1577878,1632701,9788424,9,10,35736,0,1080,1920,509,280,753,525,59780,0.029,,
1577879,1632701,9788424,9,10,35736,1,1080,1920,1218,182,1422,385,41412,0.02,,
1577880,1632701,9788424,9,10,35760,0,1080,1920,509,280,753,525,59780,0.029,,
1577881,1632701,9788424,9,10,35784,0,1080,1920,555,195,849,489,86436,0.042,,
1577882,1632701,9788424,9,10,35808,0,1080,1920,1528,202,1732,406,41616,0.02,,
1577883,1632701,9788424,9,10,35808,1,1080,1920,555,225,849,519,86436,0.042,,
1577884,1632701,9788424,9,10,35832,0,1080,1920,1140,220,1221,302,6642,0.003,,
1577885,1632701,9788424,9,10,35832,1,1080,1920,774,183,915,325,20022,0.01,,
1577886,1632701,9788424,9,10,35856,0,1080,1920,1275,140,1417,282,20164,0.01,,
1577887,1632701,9788424,9,10,35856,1,1080,1920,1134,198,1232,296,9604,0.005,,
1577888,1632701,9788424,9,10,35856,2,1080,1920,786,208,904,325,13806,0.007,,
1577889,1632701,9788424,9,10,35880,0,1080,1920,1157,184,1275,302,13924,0.007,,
1577890,1632701,9788424,9,10,35904,0,1080,1920,1164,208,1262,306,9604,0.005,,
1577891,1632701,9788424,9,10,35928,0,1080,1920,1264,136,1382,254,13924,0.007,,
1577892,1632701,9788424,9,10,35928,1,1080,1920,1124,208,1222,306,9604,0.005,,
1577893,1632701,9788424,9,10,35952,0,1080,1920,1134,198,1232,296,9604,0.005,,
1577894,1632701,9788424,9,10,35952,1,1080,1920,1261,126,1403,267,20022,0.01,,
1577895,1632701,9788424,9,10,35976,0,1080,1920,974,240,1116,382,20164,0.01,,
1577896,1632701,9788424,9,10,35976,1,1080,1920,1232,147,1402,317,28900,0.014,,
1577897,1632701,9788424,9,10,36000,0,1080,1920,1249,147,1419,317,28900,0.014,,
1577898,1632701,9788424,9,10,36000,1,1080,1920,871,233,1041,403,28900,0.014,,
1577899,1632701,9788424,9,10,36000,2,1080,1920,475,202,679,406,41616,0.02,,
1577900,1632701,9788424,9,10,36024,0,1080,1920,1249,147,1419,317,28900,0.014,,
1577901,1632701,9788424,9,10,36024,1,1080,1920,917,240,1059,382,20164,0.01,,
1577902,1632701,9788424,9,10,36024,2,1080,1920,492,233,662,403,28900,0.014,,
1577903,1632701,9788424,9,10,36048,0,1080,1920,1260,120,1463,324,41412,0.02,,
1577904,1632701,9788424,9,10,36048,1,1080,1920,905,250,1075,420,28900,0.014,,
1577905,1632701,9788424,9,10,36072,0,1080,1920,1260,120,1463,324,41412,0.02,,
1577906,1632701,9788424,9,10,36072,1,1080,1920,917,240,1059,382,20164,0.01,,
1577907,1632701,9788424,9,10,36096,0,1080,1920,484,255,729,500,60025,0.029,,
1577908,1632701,9788424,9,10,36096,1,1080,1920,1075,283,1216,425,20022,0.01,,
1577909,1632701,9788424,9,10,36096,2,1080,1920,1239,161,1443,365,41616,0.02,,
1577910,1632701,9788424,9,10,36120,0,1080,1920,1227,132,1472,376,59780,0.029,,
1577911,1632701,9788424,9,10,36120,1,1080,1920,1075,283,1216,425,20022,0.01,,
1577912,1632701,9788424,9,10,36120,2,1080,1920,484,255,729,500,60025,0.029,,
1577913,1632701,9788424,9,10,36144,0,1080,1920,484,255,729,500,60025,0.029,,
1577914,1632701,9788424,9,10,36144,1,1080,1920,1060,269,1202,411,20164,0.01,,
1577915,1632701,9788424,9,10,36144,2,1080,1920,1218,161,1422,365,41616,0.02,,
1577916,1632701,9788424,9,10,36168,0,1080,1920,459,255,704,500,60025,0.029,,
1577917,1632701,9788424,9,10,36168,1,1080,1920,991,233,1161,403,28900,0.014,,
1577918,1632701,9788424,9,10,36168,2,1080,1920,1198,182,1401,385,41209,0.02,,
1577919,1632701,9788424,9,10,36192,0,1080,1920,459,231,704,475,59780,0.029,,
1577920,1632701,9788424,9,10,36192,1,1080,1920,1026,267,1195,437,28730,0.014,,
1577921,1632701,9788424,9,10,36192,2,1080,1920,1177,161,1381,365,41616,0.02,,
1577922,1632701,9788424,9,10,36216,0,1080,1920,459,255,704,500,60025,0.029,,
1577923,1632701,9788424,9,10,36216,1,1080,1920,1046,269,1188,411,20164,0.01,,
1577924,1632701,9788424,9,10,36216,2,1080,1920,1177,182,1381,385,41412,0.02,,
1577925,1632701,9788424,9,10,36240,0,1080,1920,512,261,934,683,178084,0.086,,
1577926,1632701,9788424,9,10,36264,0,1080,1920,512,261,934,683,178084,0.086,,
1577927,1632701,9788424,9,10,36264,1,1080,1920,368,91,1098,821,532900,0.257,,
1577928,1632701,9788424,9,10,36288,0,1080,1920,512,261,934,683,178084,0.086,,
1577929,1632701,9788424,9,10,36288,1,1080,1920,368,91,1098,821,532900,0.257,,
1577930,1632701,9788424,9,10,36312,0,1080,1920,435,210,942,717,257049,0.124,,
1577931,1632701,9788424,9,10,36336,0,1080,1920,726,303,1148,726,178506,0.086,,
1577932,1632701,9788424,9,10,36360,0,1080,1920,691,262,1198,769,257049,0.124,,
1577933,1632701,9788424,9,10,36384,0,1080,1920,484,280,729,525,60025,0.029,,
1577934,1632701,9788424,9,10,36408,0,1080,1920,360,280,605,525,60025,0.029,,
1577935,1632701,9788424,9,10,36432,0,1080,1920,459,355,704,599,59780,0.029,,
1577936,1632701,9788424,9,10,36504,0,1080,1920,77,457,116,497,1560,0.001,,
1577937,1632701,9788424,9,10,36528,0,1080,1920,73,460,120,508,2256,0.001,,
1577938,1632701,9788424,9,10,36528,1,1080,1920,241,473,280,513,1560,0.001,,
1577939,1632701,9788424,9,10,36528,2,1080,1920,1806,513,1853,561,2256,0.001,,
1577940,1632701,9788424,9,10,36552,0,1080,1920,673,111,815,253,20164,0.01,,
1577941,1632701,9788424,9,10,36552,1,1080,1920,960,126,1102,267,20022,0.01,,
1577942,1632701,9788424,9,10,36576,0,1080,1920,688,111,829,253,20022,0.01,,
1577943,1632701,9788424,9,10,36576,1,1080,1920,1001,136,1119,254,13924,0.007,,
1577944,1632701,9788424,9,10,36600,0,1080,1920,691,136,809,254,13924,0.007,,
1577945,1632701,9788424,9,10,36600,1,1080,1920,965,148,1063,246,9604,0.005,,
1577946,1632701,9788424,9,10,36624,0,1080,1920,688,140,829,282,20022,0.01,,
1577947,1632701,9788424,9,10,36624,1,1080,1920,1005,168,1103,266,9604,0.005,,
1577948,1632701,9788424,9,10,36648,0,1080,1920,645,126,786,267,19881,0.01,,
1577949,1632701,9788424,9,10,36648,1,1080,1920,960,140,1102,282,20164,0.01,,
1577950,1632701,9788424,9,10,36672,0,1080,1920,688,126,829,267,19881,0.01,,
1577951,1632701,9788424,9,10,36672,1,1080,1920,965,160,1083,278,13924,0.007,,
1577952,1632701,9788424,9,10,36696,0,1080,1920,702,140,844,282,20164,0.01,,
1577953,1632701,9788424,9,10,36696,1,1080,1920,977,160,1095,278,13924,0.007,,
1577954,1632701,9788424,9,10,36720,0,1080,1920,688,140,829,282,20022,0.01,,
1577955,1632701,9788424,9,10,36720,1,1080,1920,989,148,1107,266,13924,0.007,,
1577956,1632701,9788424,9,10,36744,0,1080,1920,1853,373,1892,413,1560,0.001,,
1577957,1632701,9788424,9,10,36744,1,1080,1920,1569,245,1608,285,1560,0.001,,
1577958,1632701,9788424,9,10,36744,2,1080,1920,1685,257,1724,297,1560,0.001,,
1577959,1632701,9788424,9,10,36768,0,1080,1920,1505,245,1544,285,1560,0.001,,
1577960,1632701,9788424,9,10,36768,1,1080,1920,1742,590,1860,708,13924,0.007,,
1577961,1632701,9788424,9,10,36768,2,1080,1920,1745,369,1784,409,1560,0.001,,
1577962,1632701,9788424,9,10,36768,3,1080,1920,1609,249,1648,289,1560,0.001,,
1577963,1632701,9788424,9,10,36768,4,1080,1920,1873,401,1912,441,1560,0.001,,
1577964,1632701,9788424,9,10,36768,5,1080,1920,1393,432,1440,479,2209,0.001,,
1577965,1632701,9788424,9,10,36792,0,1080,1920,1646,578,1764,696,13924,0.007,,
1577966,1632701,9788424,9,10,36792,1,1080,1920,1425,249,1464,289,1560,0.001,,
1577967,1632701,9788424,9,10,36792,2,1080,1920,1549,257,1588,297,1560,0.001,,
1577968,1632701,9788424,9,10,36792,3,1080,1920,1665,369,1704,409,1560,0.001,,
1577969,1632701,9788424,9,10,36792,4,1080,1920,1789,397,1828,437,1560,0.001,,
1577970,1632701,9788424,9,10,36792,5,1080,1920,1845,417,1884,457,1560,0.001,,
1577971,1632701,9788424,9,10,36792,6,1080,1920,1185,389,1224,429,1560,0.001,,
1577972,1632701,9788424,9,10,36792,7,1080,1920,1316,427,1364,474,2256,0.001,,
1577973,1632701,9788424,9,10,36816,0,1080,1920,1701,393,1740,433,1560,0.001,,
1577974,1632701,9788424,9,10,36816,1,1080,1920,1575,578,1693,696,13924,0.007,,
1577975,1632701,9788424,9,10,36816,2,1080,1920,1369,245,1416,292,2209,0.001,,
1577976,1632701,9788424,9,10,36816,3,1080,1920,1833,377,1872,417,1560,0.001,,
1577977,1632701,9788424,9,10,36816,4,1080,1920,1601,373,1640,413,1560,0.001,,
1577978,1632701,9788424,9,10,36816,5,1080,1920,1113,389,1152,429,1560,0.001,,
1577979,1632701,9788424,9,10,36816,6,1080,1920,1493,253,1532,293,1560,0.001,,
1577980,1632701,9788424,9,10,36816,7,1080,1920,1773,417,1812,457,1560,0.001,,
1577981,1632701,9788424,9,10,36816,8,1080,1920,663,432,711,479,2256,0.001,,
1577982,1632701,9788424,9,10,36816,9,1080,1920,1885,393,1920,433,1400,0.001,,
1577983,1632701,9788424,9,10,36840,0,1080,1920,1503,578,1621,696,13924,0.007,,
1577984,1632701,9788424,9,10,36840,1,1080,1920,1049,393,1088,433,1560,0.001,,
1577985,1632701,9788424,9,10,36840,2,1080,1920,578,430,634,487,3192,0.002,,
1577986,1632701,9788424,9,10,36840,3,1080,1920,1353,253,1392,293,1560,0.001,,
1577987,1632701,9788424,9,10,36840,4,1080,1920,1753,377,1792,417,1560,0.001,,
1577988,1632701,9788424,9,10,36840,5,1080,1920,1813,393,1852,433,1560,0.001,,
1577989,1632701,9788424,9,10,36840,6,1080,1920,1621,393,1660,433,1560,0.001,,
1577990,1632701,9788424,9,10,36840,7,1080,1920,1701,413,1740,453,1560,0.001,,
1577991,1632701,9788424,9,10,36840,8,1080,1920,1457,265,1496,305,1560,0.001,,
1577992,1632701,9788424,9,10,36840,9,1080,1920,1533,369,1572,409,1560,0.001,,
1577993,1632701,9788424,9,10,36840,10,1080,1920,1873,381,1912,421,1560,0.001,,
1577994,1632701,9788424,9,10,36864,0,1080,1920,1665,377,1704,417,1560,0.001,,
1577995,1632701,9788424,9,10,36864,1,1080,1920,1529,389,1568,429,1560,0.001,,
1577996,1632701,9788424,9,10,36864,2,1080,1920,1419,578,1537,696,13924,0.007,,
1577997,1632701,9788424,9,10,36864,3,1080,1920,1297,253,1336,293,1560,0.001,,
1577998,1632701,9788424,9,10,36864,4,1080,1920,1401,269,1440,309,1560,0.001,,
1577999,1632701,9788424,9,10,36864,5,1080,1920,1613,413,1652,453,1560,0.001,,
1578000,1632701,9788424,9,10,36864,6,1080,1920,505,432,552,479,2209,0.001,,
1578001,1632701,9788424,9,10,36864,7,1080,1920,1047,441,1095,489,2304,0.001,,
1578002,1632701,9788424,9,10,36864,8,1080,1920,965,393,1004,433,1560,0.001,,
1578003,1632701,9788424,9,10,36864,9,1080,1920,281,397,320,437,1560,0.001,,
1578004,1632701,9788424,9,10,36864,10,1080,1920,1845,436,1902,493,3249,0.002,,
1578005,1632701,9788424,9,10,36888,0,1080,1920,1324,578,1442,696,13924,0.007,,
1578006,1632701,9788424,9,10,36888,1,1080,1920,1521,409,1560,449,1560,0.001,,
1578007,1632701,9788424,9,10,36888,2,1080,1920,1329,265,1368,305,1560,0.001,,
1578008,1632701,9788424,9,10,36888,3,1080,1920,1201,259,1248,306,2209,0.001,,
1578009,1632701,9788424,9,10,36888,4,1080,1920,1425,393,1464,433,1560,0.001,,
1578010,1632701,9788424,9,10,36888,5,1080,1920,1861,405,1900,445,1560,0.001,,
1578011,1632701,9788424,9,10,36888,6,1080,1920,1573,373,1612,413,1560,0.001,,
1578012,1632701,9788424,9,10,36888,7,1080,1920,1628,422,1676,469,2256,0.001,,
1578013,1632701,9788424,9,10,36888,8,1080,1920,1689,377,1728,417,1560,0.001,,
1578014,1632701,9788424,9,10,36888,9,1080,1920,917,421,956,461,1560,0.001,,
1578015,1632701,9788424,9,10,36888,10,1080,1920,1753,436,1800,484,2256,0.001,,
1578016,1632701,9788424,9,10,36888,11,1080,1920,805,417,844,457,1560,0.001,,
1578017,1632701,9788424,9,10,36888,12,1080,1920,877,393,916,433,1560,0.001,,
1578018,1632701,9788424,9,10,36888,13,1080,1920,1457,373,1496,413,1560,0.001,,
1578019,1632701,9788424,9,10,36912,0,1080,1920,1509,381,1548,421,1560,0.001,,
1578020,1632701,9788424,9,10,36912,1,1080,1920,1204,566,1322,684,13924,0.007,,
1578021,1632701,9788424,9,10,36912,2,1080,1920,1105,259,1152,306,2209,0.001,,
1578022,1632701,9788424,9,10,36912,3,1080,1920,1397,409,1436,449,1560,0.001,,
1578023,1632701,9788424,9,10,36912,4,1080,1920,1253,273,1292,313,1560,0.001,,
1578024,1632701,9788424,9,10,36912,5,1080,1920,1733,405,1772,445,1560,0.001,,
1578025,1632701,9788424,9,10,36912,6,1080,1920,1499,427,1546,474,2209,0.001,,
1578026,1632701,9788424,9,10,36912,7,1080,1920,1861,401,1900,441,1560,0.001,,
1578027,1632701,9788424,9,10,36912,8,1080,1920,765,393,804,433,1560,0.001,,
1578028,1632701,9788424,9,10,36912,9,1080,1920,1577,377,1616,417,1560,0.001,,
1578029,1632701,9788424,9,10,36912,10,1080,1920,1821,349,1860,389,1560,0.001,,
1578030,1632701,9788424,9,10,36912,11,1080,1920,1341,373,1380,413,1560,0.001,,
1578031,1632701,9788424,9,10,36912,12,1080,1920,693,413,732,453,1560,0.001,,
1578032,1632701,9788424,9,10,36912,13,1080,1920,1625,397,1664,437,1560,0.001,,
1578033,1632701,9788424,9,10,36912,14,1080,1920,805,429,844,469,1560,0.001,,
1578034,1632701,9788424,9,10,36936,0,1080,1920,1109,566,1227,684,13924,0.007,,
1578035,1632701,9788424,9,10,36936,1,1080,1920,665,397,704,437,1560,0.001,,
1578036,1632701,9788424,9,10,36936,2,1080,1920,701,425,740,465,1560,0.001,,
1578037,1632701,9788424,9,10,36936,3,1080,1920,1388,432,1436,479,2256,0.001,,
1578038,1632701,9788424,9,10,36936,4,1080,1920,1185,265,1224,305,1560,0.001,,
1578039,1632701,9788424,9,10,36936,5,1080,1920,1056,252,1113,309,3249,0.002,,
1578040,1632701,9788424,9,10,36936,6,1080,1920,1293,409,1332,449,1560,0.001,,
1578041,1632701,9788424,9,10,36936,7,1080,1920,1749,389,1788,429,1560,0.001,,
1578042,1632701,9788424,9,10,36936,8,1080,1920,1393,381,1432,421,1560,0.001,,
1578043,1632701,9788424,9,10,36936,9,1080,1920,582,408,629,455,2209,0.001,,
1578044,1632701,9788424,9,10,36936,10,1080,1920,1317,381,1356,421,1560,0.001,,
1578045,1632701,9788424,9,10,36936,11,1080,1920,1621,405,1660,445,1560,0.001,,
1578046,1632701,9788424,9,10,36936,12,1080,1920,1772,427,1820,474,2256,0.001,,
1578047,1632701,9788424,9,10,36936,13,1080,1920,1649,425,1688,465,1560,0.001,,
1578048,1632701,9788424,9,10,36936,14,1080,1920,528,602,596,670,4624,0.002,,
1578049,1632701,9788424,9,10,36936,15,1080,1920,1523,422,1570,469,2209,0.001,,
1578050,1632701,9788424,9,10,36936,16,1080,1920,1349,369,1388,409,1560,0.001,,
1578051,1632701,9788424,9,10,36936,17,1080,1920,1469,377,1508,417,1560,0.001,,
1578052,1632701,9788424,9,10,36936,18,1080,1920,1433,389,1472,429,1560,0.001,,
1578053,1632701,9788424,9,10,36936,19,1080,1920,1883,384,1920,431,1739,0.001,,
1578054,1632701,9788424,9,10,36936,20,1080,1920,1713,353,1752,393,1560,0.001,,
1578055,1632701,9788424,9,10,36936,21,1080,1920,1533,365,1572,405,1560,0.001,,
1578056,1632701,9788424,9,10,36960,0,1080,1920,1575,422,1623,469,2256,0.001,,
1578057,1632701,9788424,9,10,36960,1,1080,1920,597,397,636,437,1560,0.001,,
1578058,1632701,9788424,9,10,36960,2,1080,1920,1025,566,1143,684,13924,0.007,,
1578059,1632701,9788424,9,10,36960,3,1080,1920,1307,412,1354,460,2256,0.001,,
1578060,1632701,9788424,9,10,36960,4,1080,1920,1023,264,1071,311,2256,0.001,,
1578061,1632701,9788424,9,10,36960,5,1080,1920,505,408,552,455,2209,0.001,,
1578062,1632701,9788424,9,10,36960,6,1080,1920,1830,417,1877,465,2256,0.001,,
1578063,1632701,9788424,9,10,36960,7,1080,1920,1148,264,1196,311,2256,0.001,,
1578064,1632701,9788424,9,10,36960,8,1080,1920,1241,377,1280,417,1560,0.001,,
1578065,1632701,9788424,9,10,36960,9,1080,1920,1700,422,1748,469,2256,0.001,,
1578066,1632701,9788424,9,10,36960,10,1080,1920,1537,401,1576,441,1560,0.001,,
1578067,1632701,9788424,9,10,36960,11,1080,1920,1805,381,1844,421,1560,0.001,,
1578068,1632701,9788424,9,10,36960,12,1080,1920,1677,393,1716,433,1560,0.001,,
1578069,1632701,9788424,9,10,36960,13,1080,1920,1321,381,1360,421,1560,0.001,,
1578070,1632701,9788424,9,10,36960,14,1080,1920,1781,500,1838,556,3192,0.002,,
1578071,1632701,9788424,9,10,36960,15,1080,1920,633,429,672,469,1560,0.001,,
1578072,1632701,9788424,9,10,36960,16,1080,1920,1441,427,1488,474,2209,0.001,,
1578073,1632701,9788424,9,10,36960,17,1080,1920,1883,451,1920,498,1739,0.001,,
1578074,1632701,9788424,9,10,36960,18,1080,1920,704,425,761,482,3249,0.002,,
1578075,1632701,9788424,9,10,36960,19,1080,1920,1857,373,1896,413,1560,0.001,,
1578076,1632701,9788424,9,10,36960,20,1080,1920,1385,373,1424,413,1560,0.001,,
1578077,1632701,9788424,9,10,36960,21,1080,1920,1653,377,1692,417,1560,0.001,,
1578078,1632701,9788424,9,10,36960,22,1080,1920,1633,353,1672,393,1560,0.001,,
1578079,1632701,9788424,9,10,36984,0,1080,1920,1734,412,1781,460,2256,0.001,,
1578080,1632701,9788424,9,10,36984,1,1080,1920,1505,425,1544,465,1560,0.001,,
1578081,1632701,9788424,9,10,36984,2,1080,1920,1377,429,1416,469,1560,0.001,,
1578082,1632701,9788424,9,10,36984,3,1080,1920,1695,494,1752,551,3249,0.002,,
1578083,1632701,9788424,9,10,36984,4,1080,1920,942,566,1060,684,13924,0.007,,
1578084,1632701,9788424,9,10,36984,5,1080,1920,625,432,672,479,2209,0.001,,
1578085,1632701,9788424,9,10,36984,6,1080,1920,1700,374,1748,421,2256,0.001,,
1578086,1632701,9788424,9,10,36984,7,1080,1920,1817,401,1856,441,1560,0.001,,
1578087,1632701,9788424,9,10,36984,8,1080,1920,1110,268,1157,316,2256,0.001,,
1578088,1632701,9788424,9,10,36984,9,1080,1920,521,393,560,433,1560,0.001,,
1578089,1632701,9788424,9,10,36984,10,1080,1920,423,408,471,455,2256,0.001,,
1578090,1632701,9788424,9,10,36984,11,1080,1920,1796,446,1844,493,2256,0.001,,
1578091,1632701,9788424,9,10,36984,12,1080,1920,1225,417,1264,457,1560,0.001,,
1578092,1632701,9788424,9,10,36984,13,1080,1920,958,252,1015,309,3249,0.002,,
1578093,1632701,9788424,9,10,36984,14,1080,1920,1453,401,1492,441,1560,0.001,,
1578094,1632701,9788424,9,10,36984,15,1080,1920,1619,422,1666,469,2209,0.001,,
1578095,1632701,9788424,9,10,36984,16,1080,1920,1593,393,1632,433,1560,0.001,,
1578096,1632701,9788424,9,10,36984,17,1080,1920,1881,401,1920,441,1560,0.001,,
1578097,1632701,9788424,9,10,36984,18,1080,1920,1241,381,1280,421,1560,0.001,,
1578098,1632701,9788424,9,10,36984,19,1080,1920,1769,373,1808,413,1560,0.001,,
1578099,1632701,9788424,9,10,36984,20,1080,1920,565,433,604,473,1560,0.001,,
1578100,1632701,9788424,9,10,36984,21,1080,1920,1309,377,1348,417,1560,0.001,,
1578101,1632701,9788424,9,10,36984,22,1080,1920,526,471,583,528,3249,0.002,,
1578102,1632701,9788424,9,10,36984,23,1080,1920,1569,377,1608,417,1560,0.001,,
1578103,1632701,9788424,9,10,36984,24,1080,1920,1835,484,1882,532,2256,0.001,,
1578104,1632701,9788424,9,10,36984,25,1080,1920,1503,470,1551,518,2304,0.001,,
1578105,1632701,9788424,9,10,37008,0,1080,1920,1265,425,1304,465,1560,0.001,,
1578106,1632701,9788424,9,10,37008,1,1080,1920,1657,369,1696,409,1560,0.001,,
1578107,1632701,9788424,9,10,37008,2,1080,1920,371,480,418,527,2209,0.001,,
1578108,1632701,9788424,9,10,37008,3,1080,1920,1071,273,1119,321,2304,0.001,,
1578109,1632701,9788424,9,10,37008,4,1080,1920,923,263,980,320,3249,0.002,,
1578110,1632701,9788424,9,10,37008,5,1080,1920,865,576,963,674,9604,0.005,,
1578111,1632701,9788424,9,10,37008,6,1080,1920,1403,417,1450,465,2256,0.001,,
1578112,1632701,9788424,9,10,37008,7,1080,1920,519,432,567,479,2256,0.001,,
1578113,1632701,9788424,9,10,37008,8,1080,1920,1701,389,1740,429,1560,0.001,,
1578114,1632701,9788424,9,10,37008,9,1080,1920,1595,369,1642,417,2256,0.001,,
1578115,1632701,9788424,9,10,37008,10,1080,1920,1773,401,1812,441,1560,0.001,,
1578116,1632701,9788424,9,10,37008,11,1080,1920,327,408,375,455,2256,0.001,,
1578117,1632701,9788424,9,10,37008,12,1080,1920,425,397,464,437,1560,0.001,,
1578118,1632701,9788424,9,10,37008,13,1080,1920,1513,427,1560,474,2209,0.001,,
1578119,1632701,9788424,9,10,37008,14,1080,1920,1695,441,1743,489,2304,0.001,,
1578120,1632701,9788424,9,10,37008,15,1080,1920,1734,480,1781,527,2209,0.001,,
1578121,1632701,9788424,9,10,37008,16,1080,1920,1881,421,1920,461,1560,0.001,,
1578122,1632701,9788424,9,10,37008,17,1080,1920,1493,393,1532,433,1560,0.001,,
1578123,1632701,9788424,9,10,37008,18,1080,1920,1801,422,1848,469,2209,0.001,,
1578124,1632701,9788424,9,10,37008,19,1080,1920,1580,494,1637,551,3249,0.002,,
1578125,1632701,9788424,9,10,37008,20,1080,1920,1209,377,1248,417,1560,0.001,,
1578126,1632701,9788424,9,10,37008,21,1080,1920,1477,373,1516,413,1560,0.001,,
1578127,1632701,9788424,9,10,37008,22,1080,1920,1553,393,1592,433,1560,0.001,,
1578128,1632701,9788424,9,10,37008,23,1080,1920,1412,470,1460,518,2304,0.001,,
1578129,1632701,9788424,9,10,37032,0,1080,1920,261,721,379,839,13924,0.007,,
1578130,1632701,9788424,9,10,37032,1,1080,1920,723,223,927,427,41616,0.02,,
1578131,1632701,9788424,9,10,37032,2,1080,1920,1218,283,1360,425,20164,0.01,,
1578132,1632701,9788424,9,10,37032,3,1080,1920,1748,771,1890,912,20022,0.01,,
1578133,1632701,9788424,9,10,37032,4,1080,1920,1658,697,1776,815,13924,0.007,,
1578134,1632701,9788424,9,10,37056,0,1080,1920,702,161,906,365,41616,0.02,,
1578135,1632701,9788424,9,10,37056,1,1080,1920,1691,828,1833,970,20164,0.01,,
1578136,1632701,9788424,9,10,37056,2,1080,1920,1177,244,1381,447,41412,0.02,,
1578137,1632701,9788424,9,10,37056,3,1080,1920,0,699,141,841,20022,0.01,,
1578138,1632701,9788424,9,10,37056,4,1080,1920,1505,771,1646,912,19881,0.01,,
1578139,1632701,9788424,9,10,37080,0,1080,1920,781,156,1026,401,60025,0.029,,
1578140,1632701,9788424,9,10,37080,1,1080,1920,1232,233,1402,403,28900,0.014,,
1578141,1632701,9788424,9,10,37080,2,1080,1920,105,781,223,899,13924,0.007,,
1578142,1632701,9788424,9,10,37080,3,1080,1920,1622,638,1740,755,13806,0.007,,
1578143,1632701,9788424,9,10,37080,4,1080,1920,1765,749,1920,919,26350,0.013,,
1578144,1632701,9788424,9,10,37080,5,1080,1920,1593,800,1763,970,28900,0.014,,
1578145,1632701,9788424,9,10,37104,0,1080,1920,880,107,1125,351,59780,0.029,,
1578146,1632701,9788424,9,10,37104,1,1080,1920,297,805,415,923,13924,0.007,,
1578147,1632701,9788424,9,10,37104,2,1080,1920,1352,233,1522,403,28900,0.014,,
1578148,1632701,9788424,9,10,37104,3,1080,1920,1706,685,1824,803,13924,0.007,,
1578149,1632701,9788424,9,10,37104,4,1080,1920,1576,714,1746,884,28900,0.014,,
1578150,1632701,9788424,9,10,37128,0,1080,1920,905,107,1150,351,59780,0.029,,
1578151,1632701,9788424,9,10,37128,1,1080,1920,1383,182,1587,385,41412,0.02,,
1578152,1632701,9788424,9,10,37128,2,1080,1920,344,699,485,841,20022,0.01,,
1578153,1632701,9788424,9,10,37128,3,1080,1920,0,814,141,955,19881,0.01,,
1578154,1632701,9788424,9,10,37152,0,1080,1920,1528,202,1732,406,41616,0.02,,
1578155,1632701,9788424,9,10,37152,1,1080,1920,955,132,1199,376,59536,0.029,,
1578156,1632701,9788424,9,10,37152,2,1080,1920,57,742,199,884,20164,0.01,,
1578157,1632701,9788424,9,10,37176,0,1080,1920,1150,136,1443,429,85849,0.041,,
1578158,1632701,9788424,9,10,37176,1,1080,1920,1528,223,1732,427,41616,0.02,,
1578159,1632701,9788424,9,10,37200,0,1080,1920,1227,181,1472,426,60025,0.029,,
1578160,1632701,9788424,9,10,37200,1,1080,1920,1590,223,1794,427,41616,0.02,,
1578161,1632701,9788424,9,10,37200,2,1080,1920,338,835,508,1005,28900,0.014,,
1578162,1632701,9788424,9,10,37224,0,1080,1920,1417,47,1711,340,86142,0.042,,
1578163,1632701,9788424,9,10,37224,1,1080,1920,303,852,473,1022,28900,0.014,,
1578164,1632701,9788424,9,10,37224,2,1080,1920,702,756,844,898,20164,0.01,,
1578165,1632701,9788424,9,10,37248,0,1080,1920,80,714,250,884,28900,0.014,,
1578166,1632701,9788424,9,10,37248,1,1080,1920,530,613,672,755,20164,0.01,,
1578167,1632701,9788424,9,10,37272,0,1080,1920,1507,732,1677,901,28730,0.014,,
1578168,1632701,9788424,9,10,37272,1,1080,1920,372,498,514,640,20164,0.01,,
1578169,1632701,9788424,9,10,37296,0,1080,1920,1352,611,1522,781,28900,0.014,,
1578170,1632701,9788424,9,10,37296,1,1080,1920,867,594,1071,798,41616,0.02,,
1578171,1632701,9788424,9,10,37296,2,1080,1920,1610,553,1814,757,41616,0.02,,
1578172,1632701,9788424,9,10,37296,3,1080,1920,1180,439,1350,609,28900,0.014,,
1578173,1632701,9788424,9,10,37296,4,1080,1920,200,384,342,525,20022,0.01,,
1578174,1632701,9788424,9,10,37296,5,1080,1920,558,594,762,798,41616,0.02,,
1578175,1632701,9788424,9,10,37296,6,1080,1920,1008,542,1178,712,28900,0.014,,
1578176,1632701,9788424,9,10,37320,0,1080,1920,640,512,844,716,41616,0.02,,
1578177,1632701,9788424,9,10,37320,1,1080,1920,1198,512,1401,716,41412,0.02,,
1578178,1632701,9788424,9,10,37320,2,1080,1920,1549,429,1794,673,59780,0.029,,
1578179,1632701,9788424,9,10,37320,3,1080,1920,836,474,1006,643,28730,0.014,,
1578180,1632701,9788424,9,10,37320,4,1080,1920,1043,370,1213,540,28900,0.014,,
1578181,1632701,9788424,9,10,37320,5,1080,1920,434,512,638,716,41616,0.02,,
1578182,1632701,9788424,9,10,37320,6,1080,1920,0,326,141,468,20022,0.01,,
1578183,1632701,9788424,9,10,37344,0,1080,1920,496,491,700,695,41616,0.02,,
1578184,1632701,9788424,9,10,37344,1,1080,1920,1026,508,1195,678,28730,0.014,,
1578185,1632701,9788424,9,10,37344,2,1080,1920,699,422,869,592,28900,0.014,,
1578186,1632701,9788424,9,10,37344,3,1080,1920,1691,369,1833,511,20164,0.01,,
1578187,1632701,9788424,9,10,37344,4,1080,1920,1499,379,1744,624,60025,0.029,,
1578188,1632701,9788424,9,10,37344,5,1080,1920,1204,369,1345,511,20022,0.01,,
1578189,1632701,9788424,9,10,37344,6,1080,1920,269,471,473,674,41412,0.02,,
1578190,1632701,9788424,9,10,37368,0,1080,1920,1562,326,1704,468,20164,0.01,,
1578191,1632701,9788424,9,10,37368,1,1080,1920,1301,355,1546,599,59780,0.029,,
1578192,1632701,9788424,9,10,37368,2,1080,1920,372,429,576,633,41616,0.02,,
1578193,1632701,9788424,9,10,37368,3,1080,1920,561,388,731,557,28730,0.014,,
1578194,1632701,9788424,9,10,37368,4,1080,1920,888,456,1058,626,28900,0.014,,
1578195,1632701,9788424,9,10,37368,5,1080,1920,1075,341,1216,482,19881,0.01,,
1578196,1632701,9788424,9,10,37368,6,1080,1920,145,429,349,633,41616,0.02,,
1578197,1632701,9788424,9,10,37392,0,1080,1920,310,388,514,592,41616,0.02,,
1578198,1632701,9788424,9,10,37392,1,1080,1920,475,353,645,523,28900,0.014,,
1578199,1632701,9788424,9,10,37392,2,1080,1920,1462,298,1603,439,19881,0.01,,
1578200,1632701,9788424,9,10,37392,3,1080,1920,1001,315,1119,433,13924,0.007,,
1578201,1632701,9788424,9,10,37392,4,1080,1920,1227,330,1472,574,59780,0.029,,
1578202,1632701,9788424,9,10,37392,5,1080,1920,802,422,972,592,28900,0.014,,
1578203,1632701,9788424,9,10,37392,6,1080,1920,1714,388,1917,592,41412,0.02,,
1578204,1632701,9788424,9,10,37392,7,1080,1920,62,409,266,613,41616,0.02,,
1578205,1632701,9788424,9,10,37416,0,1080,1920,922,277,990,345,4624,0.002,,
1578206,1632701,9788424,9,10,37416,1,1080,1920,1115,303,1197,385,6724,0.003,,
1578207,1632701,9788424,9,10,37416,2,1080,1920,708,361,790,443,6724,0.003,,
1578208,1632701,9788424,9,10,37440,0,1080,1920,935,275,992,332,3249,0.002,,
1578209,1632701,9788424,9,10,37440,1,1080,1920,1123,303,1205,385,6724,0.003,,
1578210,1632701,9788424,9,10,37464,0,1080,1920,929,275,986,332,3249,0.002,,
1578211,1632701,9788424,9,10,37464,1,1080,1920,1140,303,1221,385,6642,0.003,,
1578212,1632701,9788424,9,10,37488,0,1080,1920,1143,297,1211,366,4692,0.002,,
1578213,1632701,9788424,9,10,37488,1,1080,1920,929,269,986,326,3249,0.002,,
1578214,1632701,9788424,9,10,37512,0,1080,1920,929,270,997,338,4624,0.002,,
1578215,1632701,9788424,9,10,37512,1,1080,1920,1131,295,1213,377,6724,0.003,,
1578216,1632701,9788424,9,10,37512,2,1080,1920,700,367,769,435,4692,0.002,,
1578217,1632701,9788424,9,10,37536,0,1080,1920,922,270,990,338,4624,0.002,,
1578218,1632701,9788424,9,10,37536,1,1080,1920,1131,303,1213,385,6724,0.003,,
1578219,1632701,9788424,9,10,37560,0,1080,1920,929,263,997,331,4624,0.002,,
1578220,1632701,9788424,9,10,37560,1,1080,1920,1131,303,1213,385,6724,0.003,,
1578221,1632701,9788424,9,10,37560,2,1080,1920,692,361,774,443,6724,0.003,,
1578222,1632701,9788424,9,10,37584,0,1080,1920,1131,295,1213,377,6724,0.003,,
1578223,1632701,9788424,9,10,37584,1,1080,1920,929,256,997,324,4624,0.002,,
1578224,1632701,9788424,9,10,37584,2,1080,1920,692,361,774,443,6724,0.003,,
1578225,1632701,9788424,9,10,37608,0,1080,1920,1123,287,1205,369,6724,0.003,,
1578226,1632701,9788424,9,10,37608,1,1080,1920,929,263,997,331,4624,0.002,,
1578227,1632701,9788424,9,10,37608,2,1080,1920,700,345,782,427,6724,0.003,,
1578228,1632701,9788424,9,10,37632,0,1080,1920,1068,208,1420,560,123904,0.06,,
1578229,1632701,9788424,9,10,37632,1,1080,1920,1646,590,1764,708,13924,0.007,,
1578230,1632701,9788424,9,10,37656,0,1080,1920,1068,208,1420,560,123904,0.06,,
1578231,1632701,9788424,9,10,37656,1,1080,1920,1646,578,1764,696,13924,0.007,,
1578232,1632701,9788424,9,10,37680,0,1080,1920,512,261,934,683,178084,0.086,,
1578233,1632701,9788424,9,10,37704,0,1080,1920,554,261,977,683,178506,0.086,,
1578234,1632701,9788424,9,10,37728,0,1080,1920,597,218,1020,640,178506,0.086,,
1578235,1632701,9788424,9,10,37752,0,1080,1920,1342,244,1546,447,41412,0.02,,
1578236,1632701,9788424,9,10,37752,1,1080,1920,874,97,1016,239,20164,0.01,,
1578237,1632701,9788424,9,10,37776,0,1080,1920,1342,223,1546,427,41616,0.02,,
1578238,1632701,9788424,9,10,37776,1,1080,1920,836,112,1006,282,28900,0.014,,
1578239,1632701,9788424,9,10,37776,2,1080,1920,351,429,555,633,41616,0.02,,
1578240,1632701,9788424,9,10,37800,0,1080,1920,971,166,1265,459,86142,0.042,,
1578241,1632701,9788424,9,10,37824,0,1080,1920,971,136,1265,429,86142,0.042,,
1578242,1632701,9788424,9,10,37848,0,1080,1920,1277,206,1521,450,59536,0.029,,
1578243,1632701,9788424,9,10,37848,1,1080,1920,957,164,1127,334,28900,0.014,,
1578244,1632701,9788424,9,10,37848,2,1080,1920,290,450,493,654,41412,0.02,,
1578245,1632701,9788424,9,10,37872,0,1080,1920,950,140,1154,344,41616,0.02,,
1578246,1632701,9788424,9,10,37872,1,1080,1920,1321,223,1525,427,41616,0.02,,
1578247,1632701,9788424,9,10,37896,0,1080,1920,1001,195,1295,489,86436,0.042,,
1578248,1632701,9788424,9,10,37920,0,1080,1920,441,336,611,506,28900,0.014,,
1578249,1632701,9788424,9,10,37920,1,1080,1920,1466,140,1670,344,41616,0.02,,
1578250,1632701,9788424,9,10,37944,0,1080,1920,630,326,677,373,2209,0.001,,
1578251,1632701,9788424,9,10,37944,1,1080,1920,252,164,422,334,28900,0.014,,
1578252,1632701,9788424,9,10,37944,2,1080,1920,1153,321,1200,369,2256,0.001,,
1578253,1632701,9788424,9,10,37944,3,1080,1920,1108,448,1164,505,3192,0.002,,
1578254,1632701,9788424,9,10,37944,4,1080,1920,1105,350,1152,397,2209,0.001,,
1578255,1632701,9788424,9,10,37944,5,1080,1920,1647,394,1716,462,4692,0.002,,
1578256,1632701,9788424,9,10,37944,6,1080,1920,1171,396,1228,453,3249,0.002,,
1578257,1632701,9788424,9,10,37944,7,1080,1920,774,360,821,407,2209,0.001,,
1578258,1632701,9788424,9,10,37944,8,1080,1920,1336,219,1454,337,13924,0.007,,
1578259,1632701,9788424,9,10,37944,9,1080,1920,1627,470,1695,538,4624,0.002,,
1578260,1632701,9788424,9,10,37944,10,1080,1920,505,374,552,421,2209,0.001,,
1578261,1632701,9788424,9,10,37944,11,1080,1920,670,379,727,436,3249,0.002,,
1578262,1632701,9788424,9,10,37944,12,1080,1920,692,331,740,378,2256,0.001,,
1578263,1632701,9788424,9,10,37944,13,1080,1920,572,367,629,424,3249,0.002,,
1578264,1632701,9788424,9,10,37944,14,1080,1920,1244,283,1292,330,2256,0.001,,
1578265,1632701,9788424,9,10,37944,15,1080,1920,1269,338,1326,395,3249,0.002,,
1578266,1632701,9788424,9,10,37944,16,1080,1920,572,321,620,369,2304,0.001,,
1578267,1632701,9788424,9,10,37944,17,1080,1920,1568,384,1625,441,3249,0.002,,
1578268,1632701,9788424,9,10,37944,18,1080,1920,443,350,490,397,2209,0.001,,
1578269,1632701,9788424,9,10,37944,19,1080,1920,405,315,462,372,3249,0.002,,
1578270,1632701,9788424,9,10,37944,20,1080,1920,1067,388,1114,436,2256,0.001,,
1578271,1632701,9788424,9,10,37968,0,1080,1920,630,326,677,373,2209,0.001,,
1578272,1632701,9788424,9,10,37968,1,1080,1920,1105,350,1152,397,2209,0.001,,
1578273,1632701,9788424,9,10,37968,2,1080,1920,1153,321,1200,369,2256,0.001,,
1578274,1632701,9788424,9,10,37968,3,1080,1920,269,164,439,334,28900,0.014,,
1578275,1632701,9788424,9,10,37968,4,1080,1920,1353,227,1451,326,9702,0.005,,
1578276,1632701,9788424,9,10,37968,5,1080,1920,1108,448,1164,505,3192,0.002,,
1578277,1632701,9788424,9,10,37968,6,1080,1920,659,373,727,442,4692,0.002,,
1578278,1632701,9788424,9,10,37968,7,1080,1920,769,364,816,412,2256,0.001,,
1578279,1632701,9788424,9,10,37968,8,1080,1920,1177,387,1246,456,4761,0.002,,
1578280,1632701,9788424,9,10,37968,9,1080,1920,687,327,744,384,3249,0.002,,
1578281,1632701,9788424,9,10,37968,10,1080,1920,505,379,552,426,2209,0.001,,
1578282,1632701,9788424,9,10,37968,11,1080,1920,572,367,629,424,3249,0.002,,
1578283,1632701,9788424,9,10,37968,12,1080,1920,1244,283,1292,330,2256,0.001,,
1578284,1632701,9788424,9,10,37968,13,1080,1920,1568,384,1625,441,3249,0.002,,
1578285,1632701,9788424,9,10,37968,14,1080,1920,443,350,490,397,2209,0.001,,
1578286,1632701,9788424,9,10,37968,15,1080,1920,572,321,620,369,2304,0.001,,
1578287,1632701,9788424,9,10,37968,16,1080,1920,1263,338,1320,395,3249,0.002,,
1578288,1632701,9788424,9,10,37968,17,1080,1920,1067,388,1114,436,2256,0.001,,
1578289,1632701,9788424,9,10,37992,0,1080,1920,1268,331,1316,378,2256,0.001,,
1578290,1632701,9788424,9,10,37992,1,1080,1920,630,326,677,373,2209,0.001,,
1578291,1632701,9788424,9,10,37992,2,1080,1920,1105,350,1152,397,2209,0.001,,
1578292,1632701,9788424,9,10,37992,3,1080,1920,664,379,721,436,3249,0.002,,
1578293,1632701,9788424,9,10,37992,4,1080,1920,1108,454,1164,510,3136,0.002,,
1578294,1632701,9788424,9,10,37992,5,1080,1920,769,364,816,412,2256,0.001,,
1578295,1632701,9788424,9,10,37992,6,1080,1920,301,183,442,325,20022,0.01,,
1578296,1632701,9788424,9,10,37992,7,1080,1920,1153,321,1200,369,2256,0.001,,
1578297,1632701,9788424,9,10,37992,8,1080,1920,1363,217,1461,316,9702,0.005,,
1578298,1632701,9788424,9,10,37992,9,1080,1920,1568,384,1625,441,3249,0.002,,
1578299,1632701,9788424,9,10,37992,10,1080,1920,505,374,552,421,2209,0.001,,
1578300,1632701,9788424,9,10,37992,11,1080,1920,572,367,629,424,3249,0.002,,
1578301,1632701,9788424,9,10,37992,12,1080,1920,687,327,744,384,3249,0.002,,
1578302,1632701,9788424,9,10,37992,13,1080,1920,572,321,620,369,2304,0.001,,
1578303,1632701,9788424,9,10,37992,14,1080,1920,1249,285,1288,325,1560,0.001,,
1578304,1632701,9788424,9,10,37992,15,1080,1920,443,350,490,397,2209,0.001,,
1578305,1632701,9788424,9,10,37992,16,1080,1920,1194,390,1251,447,3249,0.002,,
1578306,1632701,9788424,9,10,38016,0,1080,1920,630,326,677,373,2209,0.001,,
1578307,1632701,9788424,9,10,38016,1,1080,1920,1263,321,1311,369,2304,0.001,,
1578308,1632701,9788424,9,10,38016,2,1080,1920,1105,350,1152,397,2209,0.001,,
1578309,1632701,9788424,9,10,38016,3,1080,1920,1108,448,1164,505,3192,0.002,,
1578310,1632701,9788424,9,10,38016,4,1080,1920,769,364,816,412,2256,0.001,,
1578311,1632701,9788424,9,10,38016,5,1080,1920,1153,321,1200,369,2256,0.001,,
1578312,1632701,9788424,9,10,38016,6,1080,1920,315,169,457,310,20022,0.01,,
1578313,1632701,9788424,9,10,38016,7,1080,1920,659,373,727,442,4692,0.002,,
1578314,1632701,9788424,9,10,38016,8,1080,1920,1735,333,1792,389,3192,0.002,,
1578315,1632701,9788424,9,10,38016,9,1080,1920,1373,227,1471,326,9702,0.005,,
1578316,1632701,9788424,9,10,38016,10,1080,1920,500,374,548,421,2256,0.001,,
1578317,1632701,9788424,9,10,38016,11,1080,1920,1620,470,1688,538,4624,0.002,,
1578318,1632701,9788424,9,10,38016,12,1080,1920,1184,387,1253,456,4761,0.002,,
1578319,1632701,9788424,9,10,38016,13,1080,1920,687,327,744,384,3249,0.002,,
1578320,1632701,9788424,9,10,38016,14,1080,1920,572,321,620,369,2304,0.001,,
1578321,1632701,9788424,9,10,38016,15,1080,1920,572,367,629,424,3249,0.002,,
1578322,1632701,9788424,9,10,38016,16,1080,1920,443,350,490,397,2209,0.001,,
1578323,1632701,9788424,9,10,38016,17,1080,1920,1647,394,1716,462,4692,0.002,,
1578324,1632701,9788424,9,10,38016,18,1080,1920,1249,285,1288,325,1560,0.001,,
1578325,1632701,9788424,9,10,38016,19,1080,1920,1062,388,1109,436,2256,0.001,,
1578326,1632701,9788424,9,10,38016,20,1080,1920,1563,384,1619,441,3192,0.002,,
1578327,1632701,9788424,9,10,38040,0,1080,1920,1114,257,1212,356,9702,0.005,,
1578328,1632701,9788424,9,10,38040,1,1080,1920,929,228,997,297,4692,0.002,,
1578329,1632701,9788424,9,10,38064,0,1080,1920,1114,247,1212,346,9702,0.005,,
1578330,1632701,9788424,9,10,38064,1,1080,1920,916,229,997,311,6642,0.003,,
1578331,1632701,9788424,9,10,38064,2,1080,1920,656,327,754,425,9604,0.005,,
1578332,1632701,9788424,9,10,38088,0,1080,1920,1124,267,1222,366,9702,0.005,,
1578333,1632701,9788424,9,10,38088,1,1080,1920,895,227,993,326,9702,0.005,,
1578334,1632701,9788424,9,10,38088,2,1080,1920,675,336,757,418,6724,0.003,,
1578335,1632701,9788424,9,10,38112,0,1080,1920,1114,257,1212,356,9702,0.005,,
1578336,1632701,9788424,9,10,38112,1,1080,1920,924,229,1006,311,6724,0.003,,
1578337,1632701,9788424,9,10,38112,2,1080,1920,658,336,740,418,6724,0.003,,
1578338,1632701,9788424,9,10,38136,0,1080,1920,597,261,1020,683,178506,0.086,,
1578339,1632701,9788424,9,10,38160,0,1080,1920,882,225,1176,519,86436,0.042,,
1578340,1632701,9788424,9,10,38184,0,1080,1920,912,195,1205,489,86142,0.042,,
1578341,1632701,9788424,9,10,38208,0,1080,1920,726,303,1148,726,178506,0.086,,
1578342,1632701,9788424,9,10,38232,0,1080,1920,1031,225,1324,519,86142,0.042,,
1578343,1632701,9788424,9,10,38256,0,1080,1920,1068,172,1420,525,124256,0.06,,
1578344,1632701,9788424,9,10,38280,0,1080,1920,1139,137,1491,489,123904,0.06,,
1578345,1632701,9788424,9,10,38280,1,1080,1920,645,642,786,783,19881,0.01,,
1578346,1632701,9788424,9,10,38280,2,1080,1920,487,771,629,912,20022,0.01,,
1578347,1632701,9788424,9,10,38280,3,1080,1920,500,518,618,636,13924,0.007,,
1578348,1632701,9788424,9,10,38280,4,1080,1920,882,470,1000,588,13924,0.007,,
1578349,1632701,9788424,9,10,38280,5,1080,1920,380,626,498,744,13924,0.007,,
1578350,1632701,9788424,9,10,38280,6,1080,1920,619,458,737,576,13924,0.007,,
1578351,1632701,9788424,9,10,38280,7,1080,1920,744,739,947,943,41412,0.02,,
1578352,1632701,9788424,9,10,38304,0,1080,1920,1032,101,1384,453,123904,0.06,,
1578353,1632701,9788424,9,10,38328,0,1080,1920,997,101,1349,453,123904,0.06,,
1578354,1632701,9788424,9,10,38352,0,1080,1920,961,172,1313,525,124256,0.06,,
1578355,1632701,9788424,9,10,38376,0,1080,1920,915,128,1013,226,9604,0.005,,
1578356,1632701,9788424,9,10,38400,0,1080,1920,1232,111,1374,253,20164,0.01,,
1578357,1632701,9788424,9,10,38400,1,1080,1920,935,118,1033,216,9604,0.005,,
1578358,1632701,9788424,9,10,38400,2,1080,1920,415,240,557,382,20164,0.01,,
1578359,1632701,9788424,9,10,38424,0,1080,1920,597,261,1020,683,178506,0.086,,
1578360,1632701,9788424,9,10,38448,0,1080,1920,890,172,1242,525,124256,0.06,,
1578361,1632701,9788424,9,10,38472,0,1080,1920,912,195,1205,489,86142,0.042,,
1578362,1632701,9788424,9,10,38496,0,1080,1920,918,112,1036,230,13924,0.007,,
1578363,1632701,9788424,9,10,38496,1,1080,1920,1247,83,1388,224,19881,0.01,,
1578364,1632701,9788424,9,10,38496,2,1080,1920,387,240,528,382,20022,0.01,,
1578365,1632701,9788424,9,10,38520,0,1080,1920,1284,78,1453,248,28730,0.014,,
1578366,1632701,9788424,9,10,38520,1,1080,1920,903,97,1044,239,20022,0.01,,
1578367,1632701,9788424,9,10,38520,2,1080,1920,389,233,559,403,28900,0.014,,
1578368,1632701,9788424,9,10,38544,0,1080,1920,870,112,988,230,13924,0.007,,
1578369,1632701,9788424,9,10,38544,1,1080,1920,1266,78,1436,248,28900,0.014,,
1578370,1632701,9788424,9,10,38544,2,1080,1920,401,283,543,425,20164,0.01,,
1578371,1632701,9788424,9,10,38568,0,1080,1920,1198,95,1367,265,28730,0.014,,
1578372,1632701,9788424,9,10,38568,1,1080,1920,894,112,1012,230,13924,0.007,,
1578373,1632701,9788424,9,10,38568,2,1080,1920,372,233,542,403,28900,0.014,,
1578374,1632701,9788424,9,10,38592,0,1080,1920,1373,586,1471,684,9604,0.005,,
1578375,1632701,9788424,9,10,38592,1,1080,1920,1795,527,1877,609,6724,0.003,,
1578376,1632701,9788424,9,10,38592,2,1080,1920,661,161,865,365,41616,0.02,,
1578377,1632701,9788424,9,10,38592,3,1080,1920,1602,566,1700,664,9604,0.005,,
1578378,1632701,9788424,9,10,38592,4,1080,1920,1552,417,1650,515,9604,0.005,,
1578379,1632701,9788424,9,10,38592,5,1080,1920,1452,476,1551,575,9801,0.005,,
1578380,1632701,9788424,9,10,38592,6,1080,1920,1662,478,1744,559,6642,0.003,,
1578381,1632701,9788424,9,10,38592,7,1080,1920,1355,461,1437,543,6724,0.003,,
1578382,1632701,9788424,9,10,38616,0,1080,1920,1522,596,1620,694,9604,0.005,,
1578383,1632701,9788424,9,10,38616,1,1080,1920,1204,570,1345,712,20022,0.01,,
1578384,1632701,9788424,9,10,38616,2,1080,1920,1741,566,1839,664,9604,0.005,,
1578385,1632701,9788424,9,10,38616,3,1080,1920,802,164,972,334,28900,0.014,,
1578386,1632701,9788424,9,10,38616,4,1080,1920,1704,436,1785,518,6642,0.003,,
1578387,1632701,9788424,9,10,38616,5,1080,1920,1602,496,1700,594,9604,0.005,,
1578388,1632701,9788424,9,10,38616,6,1080,1920,1353,576,1451,674,9604,0.005,,
1578389,1632701,9788424,9,10,38616,7,1080,1920,1795,486,1877,568,6724,0.003,,
1578390,1632701,9788424,9,10,38640,0,1080,1920,441,112,611,282,28900,0.014,,
1578391,1632701,9788424,9,10,38640,1,1080,1920,1227,231,1472,475,59780,0.029,,
1578392,1632701,9788424,9,10,38640,2,1080,1920,620,409,824,613,41616,0.02,,
1578393,1632701,9788424,9,10,38664,0,1080,1920,441,112,611,282,28900,0.014,,
1578394,1632701,9788424,9,10,38664,1,1080,1920,702,388,906,592,41616,0.02,,
1578395,1632701,9788424,9,10,38664,2,1080,1920,1280,244,1484,447,41412,0.02,,
1578396,1632701,9788424,9,10,38688,0,1080,1920,406,130,576,299,28730,0.014,,
1578397,1632701,9788424,9,10,38688,1,1080,1920,1321,244,1525,447,41412,0.02,,
1578398,1632701,9788424,9,10,38712,0,1080,1920,1215,284,1385,454,28900,0.014,,
1578399,1632701,9788424,9,10,38712,1,1080,1920,406,147,576,317,28900,0.014,,
1578400,1632701,9788424,9,10,38736,0,1080,1920,856,206,1100,450,59536,0.029,,
1578401,1632701,9788424,9,10,38736,1,1080,1920,104,161,308,365,41616,0.02,,
1578402,1632701,9788424,9,10,38736,2,1080,1920,1548,556,1689,697,19881,0.01,,
1578403,1632701,9788424,9,10,38736,3,1080,1920,1658,470,1776,588,13924,0.007,,
1578404,1632701,9788424,9,10,38736,4,1080,1920,1275,498,1417,640,20164,0.01,,
1578405,1632701,9788424,9,10,38736,5,1080,1920,1751,397,1849,495,9604,0.005,,
1578406,1632701,9788424,9,10,38736,6,1080,1920,1512,367,1610,465,9604,0.005,,
1578407,1632701,9788424,9,10,38736,7,1080,1920,1610,315,1728,433,13924,0.007,,
1578408,1632701,9788424,9,10,38736,8,1080,1920,1383,387,1501,505,13924,0.007,,
1578409,1632701,9788424,9,10,38736,9,1080,1920,703,470,821,588,13924,0.007,,
1578410,1632701,9788424,9,10,38760,0,1080,1920,1433,546,1531,644,9604,0.005,,
1578411,1632701,9788424,9,10,38760,1,1080,1920,1053,264,1257,468,41616,0.02,,
1578412,1632701,9788424,9,10,38760,2,1080,1920,1705,513,1847,654,20022,0.01,,
1578413,1632701,9788424,9,10,38760,3,1080,1920,509,156,753,401,59780,0.029,,
1578414,1632701,9788424,9,10,38760,4,1080,1920,1562,713,1704,855,20164,0.01,,
1578415,1632701,9788424,9,10,38760,5,1080,1920,1488,353,1570,435,6724,0.003,,
1578416,1632701,9788424,9,10,38760,6,1080,1920,841,320,923,402,6724,0.003,,
1578417,1632701,9788424,9,10,38760,7,1080,1920,1405,411,1487,493,6724,0.003,,
1578418,1632701,9788424,9,10,38760,8,1080,1920,1602,456,1700,555,9702,0.005,,
1578419,1632701,9788424,9,10,38760,9,1080,1920,783,419,865,501,6724,0.003,,
1578420,1632701,9788424,9,10,38760,10,1080,1920,1596,303,1678,385,6724,0.003,,
1578421,1632701,9788424,9,10,38784,0,1080,1920,1264,530,1382,648,13924,0.007,,
1578422,1632701,9788424,9,10,38784,1,1080,1920,929,244,1133,447,41412,0.02,,
1578423,1632701,9788424,9,10,38784,2,1080,1920,1462,566,1561,664,9702,0.005,,
1578424,1632701,9788424,9,10,38784,3,1080,1920,496,202,700,406,41616,0.02,,
1578425,1632701,9788424,9,10,38784,4,1080,1920,1612,476,1710,575,9702,0.005,,
1578426,1632701,9788424,9,10,38784,5,1080,1920,1714,525,1883,695,28730,0.014,,
1578427,1632701,9788424,9,10,38784,6,1080,1920,1423,417,1521,515,9604,0.005,,
1578428,1632701,9788424,9,10,38784,7,1080,1920,1504,361,1586,443,6724,0.003,,
1578429,1632701,9788424,9,10,38784,8,1080,1920,1576,728,1718,869,20022,0.01,,
1578430,1632701,9788424,9,10,38784,9,1080,1920,1293,377,1391,475,9604,0.005,,
1578431,1632701,9788424,9,10,38784,10,1080,1920,1587,336,1669,418,6724,0.003,,
1578432,1632701,9788424,9,10,38856,0,1080,1920,1654,477,1723,545,4692,0.002,,
1578433,1632701,9788424,9,10,38856,1,1080,1920,1568,505,1625,562,3249,0.002,,
1578434,1632701,9788424,9,10,38880,0,1080,1920,1461,415,1529,483,4624,0.002,,
1578435,1632701,9788424,9,10,38880,1,1080,1920,1350,456,1418,525,4692,0.002,,
1578436,1632701,9788424,9,10,38904,0,1080,1920,1295,394,1363,462,4624,0.002,,
1578437,1632701,9788424,9,10,38904,1,1080,1920,1184,429,1253,497,4692,0.002,,
1578438,1632701,9788424,9,10,38928,0,1080,1920,1164,353,1246,435,6724,0.003,,
1578439,1632701,9788424,9,10,38928,1,1080,1920,1040,403,1122,485,6724,0.003,,
1578440,1632701,9788424,9,10,38952,0,1080,1920,1094,317,1192,415,9604,0.005,,
1578441,1632701,9788424,9,10,38952,1,1080,1920,957,378,1039,460,6724,0.003,,
1578442,1632701,9788424,9,10,38976,0,1080,1920,1104,297,1202,395,9604,0.005,,
1578443,1632701,9788424,9,10,38976,1,1080,1920,945,327,1043,425,9604,0.005,,
1578444,1632701,9788424,9,10,39000,0,1080,1920,1114,287,1212,385,9604,0.005,,
1578445,1632701,9788424,9,10,39000,1,1080,1920,942,327,1060,445,13924,0.007,,
1578446,1632701,9788424,9,10,39024,0,1080,1920,1118,269,1259,411,20022,0.01,,
1578447,1632701,9788424,9,10,39024,1,1080,1920,888,326,1030,468,20164,0.01,,
1578448,1632701,9788424,9,10,39048,0,1080,1920,1043,302,1213,471,28730,0.014,,
1578449,1632701,9788424,9,10,39048,1,1080,1920,788,326,930,468,20164,0.01,,
1578450,1632701,9788424,9,10,39072,0,1080,1920,1043,336,1213,506,28900,0.014,,
1578451,1632701,9788424,9,10,39072,1,1080,1920,768,370,938,540,28900,0.014,,
1578452,1632701,9788424,9,10,39096,0,1080,1920,950,306,1154,509,41412,0.02,,
1578453,1632701,9788424,9,10,39096,1,1080,1920,682,367,885,571,41412,0.02,,
1578454,1632701,9788424,9,10,39120,0,1080,1920,991,306,1195,509,41412,0.02,,
1578455,1632701,9788424,9,10,39120,1,1080,1920,608,404,852,649,59780,0.029,,
1578456,1632701,9788424,9,10,39144,0,1080,1920,856,305,1100,550,59780,0.029,,
1578457,1632701,9788424,9,10,39144,1,1080,1920,496,433,789,727,86142,0.042,,
1578458,1632701,9788424,9,10,39168,0,1080,1920,890,172,1242,525,124256,0.06,,
1578459,1632701,9788424,9,10,39168,1,1080,1920,497,458,849,810,123904,0.06,,
1578460,1632701,9788424,9,10,39264,0,1080,1920,1302,720,1349,767,2209,0.001,,
1578461,1632701,9788424,9,10,39288,0,1080,1920,1120,344,1413,637,85849,0.041,,
1578462,1632701,9788424,9,10,39312,0,1080,1920,1153,379,1397,624,59780,0.029,,
1578463,1632701,9788424,9,10,39336,0,1080,1920,806,161,1009,365,41412,0.02,,
1578464,1632701,9788424,9,10,39336,1,1080,1920,573,240,715,382,20164,0.01,,
1578465,1632701,9788424,9,10,39360,0,1080,1920,768,198,938,368,28900,0.014,,
1578466,1632701,9788424,9,10,39360,1,1080,1920,530,255,672,396,20022,0.01,,
1578467,1632701,9788424,9,10,39384,0,1080,1920,750,216,920,385,28730,0.014,,
1578468,1632701,9788424,9,10,39384,1,1080,1920,544,267,714,437,28900,0.014,,
1578469,1632701,9788424,9,10,39408,0,1080,1920,733,198,903,368,28900,0.014,,
1578470,1632701,9788424,9,10,39408,1,1080,1920,573,255,715,396,20022,0.01,,
1578471,1632701,9788424,9,10,39432,0,1080,1920,699,216,869,385,28730,0.014,,
1578472,1632701,9788424,9,10,39432,1,1080,1920,616,255,758,396,20022,0.01,,
1578473,1632701,9788424,9,10,39456,0,1080,1920,682,233,852,403,28900,0.014,,
1578474,1632701,9788424,9,10,39456,1,1080,1920,602,255,743,396,19881,0.01,,
1578475,1632701,9788424,9,10,39480,0,1080,1920,682,181,852,351,28900,0.014,,
1578476,1632701,9788424,9,10,39480,1,1080,1920,587,226,729,368,20164,0.01,,
1578477,1632701,9788424,9,10,39504,0,1080,1920,559,240,700,382,20022,0.01,,
1578478,1632701,9788424,9,10,39504,1,1080,1920,750,147,920,317,28900,0.014,,
1578479,1632701,9788424,9,10,39528,0,1080,1920,573,255,715,396,20022,0.01,,
1578480,1632701,9788424,9,10,39528,1,1080,1920,750,164,920,334,28900,0.014,,
1578481,1632701,9788424,9,10,39552,0,1080,1920,645,326,786,468,20022,0.01,,
1578482,1632701,9788424,9,10,39552,1,1080,1920,854,198,1024,368,28900,0.014,,
1578483,1632701,9788424,9,10,39576,0,1080,1920,826,182,1030,385,41412,0.02,,
1578484,1632701,9788424,9,10,39576,1,1080,1920,1115,120,1319,324,41616,0.02,,
1578485,1632701,9788424,9,10,39600,0,1080,1920,1298,166,1592,459,86142,0.042,,
1578486,1632701,9788424,9,10,39768,0,1080,1920,711,101,1063,453,123904,0.06,,
1578487,1632701,9788424,9,10,39792,0,1080,1920,711,172,1063,525,124256,0.06,,
1578488,1632701,9788424,9,10,39816,0,1080,1920,711,172,1063,525,124256,0.06,,
1578489,1632701,9788424,9,10,39840,0,1080,1920,783,172,1135,525,124256,0.06,,
1578490,1632701,9788424,9,10,39864,0,1080,1920,783,208,1135,560,123904,0.06,,
1578491,1632701,9788424,9,10,39888,0,1080,1920,783,172,1135,525,124256,0.06,,
1578492,1632701,9788424,9,10,39912,0,1080,1920,783,244,1135,596,123904,0.06,,
1578493,1632701,9788424,9,10,39936,0,1080,1920,640,261,1063,683,178506,0.086,,
1578494,1632701,9788424,9,10,39960,0,1080,1920,640,261,1063,683,178506,0.086,,
1578495,1632701,9788424,9,10,39984,0,1080,1920,1094,216,1264,385,28730,0.014,,
1578496,1632701,9788424,9,10,39984,1,1080,1920,602,369,743,511,20022,0.01,,
1578497,1632701,9788424,9,10,40008,0,1080,1920,1094,216,1264,385,28730,0.014,,
1578498,1632701,9788424,9,10,40008,1,1080,1920,630,353,800,523,28900,0.014,,
1578499,1632701,9788424,9,10,40032,0,1080,1920,613,353,783,523,28900,0.014,,
1578500,1632701,9788424,9,10,40032,1,1080,1920,1074,202,1278,406,41616,0.02,,
1578501,1632701,9788424,9,10,40056,0,1080,1920,1094,202,1298,406,41616,0.02,,
1578502,1632701,9788424,9,10,40056,1,1080,1920,578,388,748,557,28730,0.014,,
1578503,1632701,9788424,9,10,40080,0,1080,1920,726,218,1148,640,178084,0.086,,
1578504,1632701,9788424,9,10,40104,0,1080,1920,818,172,1170,525,124256,0.06,,
1578505,1632701,9788424,9,10,40128,0,1080,1920,818,208,1170,560,123904,0.06,,
1578506,1632701,9788424,9,10,40152,0,1080,1920,1129,198,1299,368,28900,0.014,,
1578507,1632701,9788424,9,10,40152,1,1080,1920,613,353,783,523,28900,0.014,,
1578508,1632701,9788424,9,10,40176,0,1080,1920,783,208,1135,560,123904,0.06,,
1578509,1632701,9788424,9,10,40200,0,1080,1920,747,208,1099,560,123904,0.06,,
1578510,1632701,9788424,9,10,40224,0,1080,1920,747,208,1099,560,123904,0.06,,
1578511,1632701,9788424,9,10,40248,0,1080,1920,818,172,1170,525,124256,0.06,,
1578512,1632701,9788424,9,10,40272,0,1080,1920,640,261,1063,683,178506,0.086,,
1578513,1632701,9788424,9,10,40296,0,1080,1920,640,218,1063,640,178506,0.086,,
1578514,1632701,9788424,9,10,40320,0,1080,1920,587,398,729,540,20164,0.01,,
1578515,1632701,9788424,9,10,40344,0,1080,1920,1129,181,1299,351,28900,0.014,,
1578516,1632701,9788424,9,10,40344,1,1080,1920,561,370,731,540,28900,0.014,,
1578517,1632701,9788424,9,10,40368,0,1080,1920,587,384,729,525,20022,0.01,,
1578518,1632701,9788424,9,10,40368,1,1080,1920,1129,164,1299,334,28900,0.014,,
1578519,1632701,9788424,9,10,40392,0,1080,1920,1112,198,1281,368,28730,0.014,,
1578520,1632701,9788424,9,10,40392,1,1080,1920,544,388,714,557,28730,0.014,,
1578521,1632701,9788424,9,10,40416,0,1080,1920,587,341,729,482,20022,0.01,,
1578522,1632701,9788424,9,10,40416,1,1080,1920,1012,223,1216,427,41616,0.02,,
1578523,1632701,9788424,9,10,40440,0,1080,1920,298,389,720,812,178506,0.086,,
1578524,1632701,9788424,9,10,40440,1,1080,1920,1154,108,1661,615,257049,0.124,,
1578525,1632701,9788424,9,10,40464,0,1080,1920,319,386,671,739,124256,0.06,,
1578526,1632701,9788424,9,10,40464,1,1080,1920,1196,89,1619,512,178929,0.086,,
1578527,1632701,9788424,9,10,40488,0,1080,1920,319,351,671,703,123904,0.06,,
1578528,1632701,9788424,9,10,40488,1,1080,1920,1196,132,1619,555,178929,0.086,,
1578529,1632701,9788424,9,10,40512,0,1080,1920,390,386,742,739,124256,0.06,,
1578530,1632701,9788424,9,10,40512,1,1080,1920,1154,218,1576,640,178084,0.086,,
1578531,1632701,9788424,9,10,40536,0,1080,1920,390,458,742,810,123904,0.06,,
1578532,1632701,9788424,9,10,40536,1,1080,1920,1211,244,1563,596,123904,0.06,,
1578533,1632701,9788424,9,10,40560,0,1080,1920,248,244,600,596,123904,0.06,,
1578534,1632701,9788424,9,10,40560,1,1080,1920,1111,175,1533,598,178506,0.086,,
1578535,1632701,9788424,9,10,40584,0,1080,1920,1139,137,1491,489,123904,0.06,,
1578536,1632701,9788424,9,10,40584,1,1080,1920,317,255,611,548,86142,0.042,,
1578537,1632701,9788424,9,10,40608,0,1080,1920,1111,47,1533,469,178084,0.086,,
1578538,1632701,9788424,9,10,40608,1,1080,1920,288,255,581,548,85849,0.041,,
1578539,1632701,9788424,9,10,40632,0,1080,1920,317,344,611,637,86142,0.042,,
1578540,1632701,9788424,9,10,40632,1,1080,1920,1111,132,1533,555,178506,0.086,,
1578541,1632701,9788424,9,10,40656,0,1080,1920,283,351,636,703,124256,0.06,,
1578542,1632701,9788424,9,10,40656,1,1080,1920,1154,132,1576,555,178506,0.086,,
1578543,1632701,9788424,9,10,40680,0,1080,1920,212,315,564,667,123904,0.06,,
1578544,1632701,9788424,9,10,40680,1,1080,1920,1196,89,1619,512,178929,0.086,,
1578545,1632701,9788424,9,10,40704,0,1080,1920,1493,517,1532,557,1560,0.001,,
1578546,1632701,9788424,9,10,40728,0,1080,1920,1357,521,1396,561,1560,0.001,,
1578547,1632701,9788424,9,10,40752,0,1080,1920,497,310,554,366,3192,0.002,,
1578548,1632701,9788424,9,10,40752,1,1080,1920,1779,470,1847,538,4624,0.002,,
1578549,1632701,9788424,9,10,40752,2,1080,1920,1101,517,1140,557,1560,0.001,,
1578550,1632701,9788424,9,10,40776,0,1080,1920,459,291,527,359,4624,0.002,,
1578551,1632701,9788424,9,10,40776,1,1080,1920,1419,470,1488,538,4692,0.002,,
1578552,1632701,9788424,9,10,40776,2,1080,1920,789,517,828,557,1560,0.001,,
1578553,1632701,9788424,9,10,40800,0,1080,1920,569,297,637,366,4692,0.002,,
1578554,1632701,9788424,9,10,40800,1,1080,1920,1720,469,1802,551,6724,0.003,,
1578555,1632701,9788424,9,10,40800,2,1080,1920,1157,463,1225,532,4692,0.002,,
1578556,1632701,9788424,9,10,40824,0,1080,1920,1585,477,1653,545,4624,0.002,,
1578557,1632701,9788424,9,10,40824,1,1080,1920,683,287,765,369,6724,0.003,,
1578558,1632701,9788424,9,10,40824,2,1080,1920,1084,477,1141,533,3192,0.002,,
1578559,1632701,9788424,9,10,40848,0,1080,1920,1053,161,1257,365,41616,0.02,,
1578560,1632701,9788424,9,10,40872,0,1080,1920,1094,182,1298,385,41412,0.02,,
1578561,1632701,9788424,9,10,40872,1,1080,1920,1845,96,1920,178,6150,0.003,,
1578562,1632701,9788424,9,10,40896,0,1080,1920,1054,156,1298,401,59780,0.029,,
1578563,1632701,9788424,9,10,40896,1,1080,1920,1845,96,1920,178,6150,0.003,,
1578564,1632701,9788424,9,10,40920,0,1080,1920,1074,182,1278,385,41412,0.02,,
1578565,1632701,9788424,9,10,40944,0,1080,1920,1115,182,1319,385,41412,0.02,,
1578566,1632701,9788424,9,10,40968,0,1080,1920,452,387,570,505,13924,0.007,,
1578567,1632701,9788424,9,10,40968,1,1080,1920,1252,351,1370,469,13924,0.007,,
1578568,1632701,9788424,9,10,40992,0,1080,1920,428,363,546,481,13924,0.007,,
1578569,1632701,9788424,9,10,40992,1,1080,1920,1204,326,1345,468,20022,0.01,,
1578570,1632701,9788424,9,10,41016,0,1080,1920,1157,339,1275,457,13924,0.007,,
1578571,1632701,9788424,9,10,41016,1,1080,1920,380,351,498,469,13924,0.007,,
1578572,1632701,9788424,9,10,41040,0,1080,1920,1370,164,1539,334,28730,0.014,,
1578573,1632701,9788424,9,10,41064,0,1080,1920,1352,164,1522,334,28900,0.014,,
1578574,1632701,9788424,9,10,41088,0,1080,1920,1438,181,1608,351,28900,0.014,,
1578575,1632701,9788424,9,10,41112,0,1080,1920,1404,140,1608,344,41616,0.02,,
1578576,1632701,9788424,9,10,41136,0,1080,1920,1425,140,1628,344,41412,0.02,,
1578577,1632701,9788424,9,10,41160,0,1080,1920,319,65,671,418,124256,0.06,,
1578578,1632701,9788424,9,10,41160,1,1080,1920,1425,140,1628,344,41412,0.02,,
1578579,1632701,9788424,9,10,41184,0,1080,1920,1425,140,1628,344,41412,0.02,,
1578580,1632701,9788424,9,10,41184,1,1080,1920,319,65,671,418,124256,0.06,,
1578581,1632701,9788424,9,10,41208,0,1080,1920,1425,140,1628,344,41412,0.02,,
1578582,1632701,9788424,9,10,41208,1,1080,1920,283,65,636,418,124609,0.06,,
1578583,1632701,9788424,9,10,41232,0,1080,1920,1438,164,1608,334,28900,0.014,,
1578584,1632701,9788424,9,10,41232,1,1080,1920,283,30,636,382,124256,0.06,,
1578585,1632701,9788424,9,10,41256,0,1080,1920,459,181,704,426,60025,0.029,,
1578586,1632701,9788424,9,10,41280,0,1080,1920,526,166,819,459,85849,0.041,,
1578587,1632701,9788424,9,10,41304,0,1080,1920,496,195,789,489,86142,0.042,,
1578588,1632701,9788424,9,10,41328,0,1080,1920,1363,182,1567,385,41412,0.02,,
1578589,1632701,9788424,9,10,41328,1,1080,1920,615,77,908,370,85849,0.041,,
1578590,1632701,9788424,9,10,41352,0,1080,1920,328,327,426,425,9604,0.005,,
1578591,1632701,9788424,9,10,41352,1,1080,1920,1037,291,1155,409,13924,0.007,,
1578592,1632701,9788424,9,10,41376,0,1080,1920,320,327,438,445,13924,0.007,,
1578593,1632701,9788424,9,10,41376,1,1080,1920,1097,291,1215,409,13924,0.007,,
1578594,1632701,9788424,9,10,41400,0,1080,1920,285,327,403,445,13924,0.007,,
1578595,1632701,9788424,9,10,41400,1,1080,1920,1034,307,1133,405,9702,0.005,,
1578596,1632701,9788424,9,10,41400,2,1080,1920,1335,528,1383,575,2256,0.001,,
1578597,1632701,9788424,9,10,41424,0,1080,1920,285,315,403,433,13924,0.007,,
1578598,1632701,9788424,9,10,41424,1,1080,1920,1013,303,1131,421,13924,0.007,,
1578599,1632701,9788424,9,10,41424,2,1080,1920,1335,533,1383,580,2256,0.001,,
1578600,1632701,9788424,9,10,41448,0,1080,1920,1013,303,1131,421,13924,0.007,,
1578601,1632701,9788424,9,10,41448,1,1080,1920,297,327,415,445,13924,0.007,,
1578602,1632701,9788424,9,10,41472,0,1080,1920,1239,120,1443,324,41616,0.02,,
1578603,1632701,9788424,9,10,41496,0,1080,1920,1301,140,1505,344,41616,0.02,,
1578604,1632701,9788424,9,10,41520,0,1080,1920,1370,164,1539,334,28730,0.014,,
1578605,1632701,9788424,9,10,41544,0,1080,1920,1352,164,1522,334,28900,0.014,,
1578606,1632701,9788424,9,10,41568,0,1080,1920,1370,164,1539,334,28730,0.014,,
1578607,1632701,9788424,9,10,41592,0,1080,1920,1227,206,1472,450,59780,0.029,,
1578608,1632701,9788424,9,10,41592,1,1080,1920,1044,138,1143,236,9702,0.005,,
1578609,1632701,9788424,9,10,41616,0,1080,1920,1277,181,1521,426,59780,0.029,,
1578610,1632701,9788424,9,10,41616,1,1080,1920,1065,137,1147,219,6724,0.003,,
1578611,1632701,9788424,9,10,41640,0,1080,1920,1321,202,1525,406,41616,0.02,,
1578612,1632701,9788424,9,10,41640,1,1080,1920,1054,138,1153,236,9702,0.005,,
1578613,1632701,9788424,9,10,41664,0,1080,1920,1321,202,1525,406,41616,0.02,,
1578614,1632701,9788424,9,10,41664,1,1080,1920,1081,146,1163,228,6724,0.003,,
1578615,1632701,9788424,9,10,41688,0,1080,1920,1277,181,1521,426,59780,0.029,,
1578616,1632701,9788424,9,10,41688,1,1080,1920,1081,146,1163,228,6724,0.003,,
1578617,1632701,9788424,9,10,41712,0,1080,1920,319,172,671,525,124256,0.06,,
1578618,1632701,9788424,9,10,41736,0,1080,1920,377,166,670,459,85849,0.041,,
1578619,1632701,9788424,9,10,41760,0,1080,1920,385,255,630,500,60025,0.029,,
1578620,1632701,9788424,9,10,41784,0,1080,1920,319,172,671,525,124256,0.06,,
1578621,1632701,9788424,9,10,41808,0,1080,1920,319,172,671,525,124256,0.06,,
1578622,1632701,9788424,9,10,41832,0,1080,1920,1175,208,1527,560,123904,0.06,,
1578623,1632701,9788424,9,10,41856,0,1080,1920,1175,208,1527,560,123904,0.06,,
1578624,1632701,9788424,9,10,41880,0,1080,1920,1175,208,1527,560,123904,0.06,,
1578625,1632701,9788424,9,10,41904,0,1080,1920,1246,208,1598,560,123904,0.06,,
1578626,1632701,9788424,9,10,41928,0,1080,1920,1032,172,1384,525,124256,0.06,,
1578627,1632701,9788424,9,10,41952,0,1080,1920,393,223,597,427,41616,0.02,,
1578628,1632701,9788424,9,10,41976,0,1080,1920,424,267,594,437,28900,0.014,,
1578629,1632701,9788424,9,10,41976,1,1080,1920,1620,394,1688,462,4624,0.002,,
1578630,1632701,9788424,9,10,41976,2,1080,1920,1218,264,1422,468,41616,0.02,,
1578631,1632701,9788424,9,10,42000,0,1080,1920,496,223,700,427,41616,0.02,,
1578632,1632701,9788424,9,10,42000,1,1080,1920,1695,425,1752,482,3249,0.002,,
1578633,1632701,9788424,9,10,42024,0,1080,1920,496,202,700,406,41616,0.02,,
1578634,1632701,9788424,9,10,42024,1,1080,1920,53,411,135,493,6724,0.003,,
1578635,1632701,9788424,9,10,42024,2,1080,1920,1765,394,1833,462,4624,0.002,,
1578636,1632701,9788424,9,10,42048,0,1080,1920,152,395,234,476,6642,0.003,,
1578637,1632701,9788424,9,10,42048,1,1080,1920,596,216,766,385,28730,0.014,,
1578638,1632701,9788424,9,10,42048,2,1080,1920,382,379,439,436,3249,0.002,,
1578639,1632701,9788424,9,10,42072,0,1080,1920,194,378,276,460,6724,0.003,,
1578640,1632701,9788424,9,10,42072,1,1080,1920,578,202,782,406,41616,0.02,,
1578641,1632701,9788424,9,10,42096,0,1080,1920,1068,218,1491,640,178506,0.086,,
1578642,1632701,9788424,9,10,42120,0,1080,1920,1025,261,1448,683,178506,0.086,,
1578643,1632701,9788424,9,10,42144,0,1080,1920,555,255,849,548,86142,0.042,,
1578644,1632701,9788424,9,10,42168,0,1080,1920,585,285,878,578,85849,0.041,,
1578645,1632701,9788424,9,10,42192,0,1080,1920,569,244,921,596,123904,0.06,,
1578646,1632701,9788424,9,10,42216,0,1080,1920,533,208,885,560,123904,0.06,,
1578647,1632701,9788424,9,10,42240,0,1080,1920,615,225,908,519,86142,0.042,,
1578648,1632701,9788424,9,10,42264,0,1080,1920,615,166,908,459,85849,0.041,,
1578649,1632701,9788424,9,10,42288,0,1080,1920,925,244,1277,596,123904,0.06,,
1578650,1632701,9788424,9,10,42312,0,1080,1920,961,244,1313,596,123904,0.06,,
1578651,1632701,9788424,9,10,42336,0,1080,1920,940,218,1362,640,178084,0.086,,
1578652,1632701,9788424,9,10,42360,0,1080,1920,526,225,819,519,86142,0.042,,
1578653,1632701,9788424,9,10,42384,0,1080,1920,940,218,1362,640,178084,0.086,,
1578654,1632701,9788424,9,10,42408,0,1080,1920,496,225,789,519,86142,0.042,,
1578655,1632701,9788424,9,10,42432,0,1080,1920,426,244,778,596,123904,0.06,,
1578656,1632701,9788424,9,10,42456,0,1080,1920,462,244,814,596,123904,0.06,,
1578657,1632701,9788424,9,10,42480,0,1080,1920,497,244,849,596,123904,0.06,,
1578658,1632701,9788424,9,10,42504,0,1080,1920,533,244,885,596,123904,0.06,,
1578659,1632701,9788424,9,10,42528,0,1080,1920,854,261,1277,683,178506,0.086,,
1578660,1632701,9788424,9,10,42552,0,1080,1920,890,244,1242,596,123904,0.06,,
1578661,1632701,9788424,9,10,42576,0,1080,1920,890,244,1242,596,123904,0.06,,
1578662,1632701,9788424,9,10,42600,0,1080,1920,794,159,1301,666,257049,0.124,,
1578663,1632701,9788424,9,10,42624,0,1080,1920,794,210,1301,717,257049,0.124,,
1578664,1632701,9788424,9,10,42648,0,1080,1920,794,210,1301,717,257049,0.124,,
1578665,1632701,9788424,9,10,42672,0,1080,1920,811,218,1234,640,178506,0.086,,
1578666,1632701,9788424,9,10,42696,0,1080,1920,811,218,1234,640,178506,0.086,,
1578667,1632701,9788424,9,10,42720,0,1080,1920,854,218,1277,640,178506,0.086,,
1578668,1632701,9788424,9,10,42744,0,1080,1920,854,218,1277,640,178506,0.086,,
1578669,1632701,9788424,9,10,42768,0,1080,1920,854,218,1277,640,178506,0.086,,
1578670,1632701,9788424,9,10,42792,0,1080,1920,854,218,1277,640,178506,0.086,,
1578671,1632701,9788424,9,10,42816,0,1080,1920,533,208,885,560,123904,0.06,,
1578672,1632701,9788424,9,10,42840,0,1080,1920,585,255,878,548,85849,0.041,,
1578673,1632701,9788424,9,10,42864,0,1080,1920,569,208,921,560,123904,0.06,,
1578674,1632701,9788424,9,10,42888,0,1080,1920,615,285,908,578,85849,0.041,,
1578675,1632701,9788424,9,10,42912,0,1080,1920,569,208,921,560,123904,0.06,,
1578676,1632701,9788424,9,10,42936,0,1080,1920,1180,336,1350,506,28900,0.014,,
1578677,1632701,9788424,9,10,42960,0,1080,1920,1163,336,1333,506,28900,0.014,,
1578678,1632701,9788424,9,10,42984,0,1080,1920,407,255,700,548,85849,0.041,,
1578679,1632701,9788424,9,10,43032,0,1080,1920,509,181,753,426,59780,0.029,,
1578680,1632701,9788424,9,10,43056,0,1080,1920,466,166,760,459,86142,0.042,,
1578681,1632701,9788424,9,10,43080,0,1080,1920,466,166,760,459,86142,0.042,,
1578682,1632701,9788424,9,10,43104,0,1080,1920,982,218,1405,640,178506,0.086,,
1578683,1632701,9788424,9,10,43128,0,1080,1920,940,261,1362,683,178084,0.086,,
1578684,1632701,9788424,9,10,43152,0,1080,1920,462,208,814,560,123904,0.06,,
1578685,1632701,9788424,9,10,43176,0,1080,1920,426,175,849,598,178929,0.086,,
1578686,1632701,9788424,9,10,43200,0,1080,1920,497,244,849,596,123904,0.06,,
1578687,1632701,9788424,9,10,43224,0,1080,1920,497,244,849,596,123904,0.06,,
1578688,1632701,9788424,9,10,43248,0,1080,1920,497,244,849,596,123904,0.06,,
1578689,1632701,9788424,9,10,43272,0,1080,1920,533,208,885,560,123904,0.06,,
1578690,1632701,9788424,9,10,43296,0,1080,1920,497,279,849,632,124256,0.06,,
1578691,1632701,9788424,9,10,43320,0,1080,1920,640,315,992,667,123904,0.06,,
1578692,1632701,9788424,9,10,43344,0,1080,1920,521,408,589,476,4624,0.002,,
1578693,1632701,9788424,9,10,43344,1,1080,1920,1191,443,1259,511,4624,0.002,,
1578694,1632701,9788424,9,10,43368,0,1080,1920,1246,442,1303,499,3249,0.002,,
1578695,1632701,9788424,9,10,43368,1,1080,1920,509,403,591,485,6724,0.003,,
1578696,1632701,9788424,9,10,43392,0,1080,1920,509,403,591,485,6724,0.003,,
1578697,1632701,9788424,9,10,43392,1,1080,1920,1142,407,1199,464,3249,0.002,,
1578698,1632701,9788424,9,10,43416,0,1080,1920,521,429,589,497,4624,0.002,,
1578699,1632701,9788424,9,10,43416,1,1080,1920,405,477,444,517,1560,0.001,,
1578700,1632701,9788424,9,10,43440,0,1080,1920,1061,269,1118,326,3249,0.002,,
1578701,1632701,9788424,9,10,43440,1,1080,1920,401,449,440,489,1560,0.001,,
1578702,1632701,9788424,9,10,43440,2,1080,1920,535,422,603,490,4624,0.002,,
1578703,1632701,9788424,9,10,43464,0,1080,1920,405,441,444,481,1560,0.001,,
1578704,1632701,9788424,9,10,43464,1,1080,1920,548,443,617,511,4692,0.002,,
1578705,1632701,9788424,9,10,43464,2,1080,1920,157,429,196,469,1560,0.001,,
1578706,1632701,9788424,9,10,43488,0,1080,1920,457,437,496,477,1560,0.001,,
1578707,1632701,9788424,9,10,43488,1,1080,1920,583,463,651,532,4692,0.002,,
1578708,1632701,9788424,9,10,43488,2,1080,1920,181,425,220,465,1560,0.001,,
1578709,1632701,9788424,9,10,43512,0,1080,1920,604,484,672,552,4624,0.002,,
1578710,1632701,9788424,9,10,43512,1,1080,1920,469,437,508,477,1560,0.001,,
1578711,1632701,9788424,9,10,43512,2,1080,1920,201,421,240,461,1560,0.001,,
1578712,1632701,9788424,9,10,43536,0,1080,1920,537,285,741,489,41616,0.02,,
1578713,1632701,9788424,9,10,43536,1,1080,1920,1078,107,1323,351,59780,0.029,,
1578714,1632701,9788424,9,10,43560,0,1080,1920,1103,107,1348,351,59780,0.029,,
1578715,1632701,9788424,9,10,43560,1,1080,1920,744,285,947,489,41412,0.02,,
1578716,1632701,9788424,9,10,43584,0,1080,1920,1198,140,1401,344,41412,0.02,,
1578717,1632701,9788424,9,10,43584,1,1080,1920,699,284,869,454,28900,0.014,,
1578718,1632701,9788424,9,10,43608,0,1080,1920,1178,107,1422,351,59536,0.029,,
1578719,1632701,9788424,9,10,43608,1,1080,1920,664,284,834,454,28900,0.014,,
1578720,1632701,9788424,9,10,43632,0,1080,1920,1232,269,1374,411,20164,0.01,,
1578721,1632701,9788424,9,10,43656,0,1080,1920,1204,255,1345,396,19881,0.01,,
1578722,1632701,9788424,9,10,43680,0,1080,1920,641,305,680,345,1560,0.001,,
1578723,1632701,9788424,9,10,43704,0,1080,1920,633,313,672,353,1560,0.001,,
1578724,1632701,9788424,9,10,43704,1,1080,1920,377,385,416,425,1560,0.001,,
1578725,1632701,9788424,9,10,43728,0,1080,1920,971,161,1174,365,41412,0.02,,
1578726,1632701,9788424,9,10,43728,1,1080,1920,561,284,731,454,28900,0.014,,
1578727,1632701,9788424,9,10,43752,0,1080,1920,819,233,989,403,28900,0.014,,
1578728,1632701,9788424,9,10,43752,1,1080,1920,578,284,748,454,28900,0.014,,
1578729,1632701,9788424,9,10,43752,2,1080,1920,971,161,1174,365,41412,0.02,,
1578730,1632701,9788424,9,10,43776,0,1080,1920,888,181,1058,351,28900,0.014,,
1578731,1632701,9788424,9,10,43776,1,1080,1920,613,284,783,454,28900,0.014,,
1578732,1632701,9788424,9,10,43776,2,1080,1920,1043,181,1213,351,28900,0.014,,
1578733,1632701,9788424,9,10,43800,0,1080,1920,826,140,1030,344,41616,0.02,,
1578734,1632701,9788424,9,10,43800,1,1080,1920,1033,140,1236,344,41412,0.02,,
1578735,1632701,9788424,9,10,43800,2,1080,1920,613,267,783,437,28900,0.014,,
1578736,1632701,9788424,9,10,43824,0,1080,1920,1053,140,1257,344,41616,0.02,,
1578737,1632701,9788424,9,10,43824,1,1080,1920,802,181,972,351,28900,0.014,,
1578738,1632701,9788424,9,10,43824,2,1080,1920,630,267,800,437,28900,0.014,,
1578739,1632701,9788424,9,10,43848,0,1080,1920,847,140,1051,344,41616,0.02,,
1578740,1632701,9788424,9,10,43848,1,1080,1920,613,267,783,437,28900,0.014,,
1578741,1632701,9788424,9,10,43848,2,1080,1920,1053,140,1257,344,41616,0.02,,
1578742,1632701,9788424,9,10,43872,0,1080,1920,1074,140,1278,344,41616,0.02,,
1578743,1632701,9788424,9,10,43872,1,1080,1920,867,140,1071,344,41616,0.02,,
1578744,1632701,9788424,9,10,43872,2,1080,1920,596,284,766,454,28900,0.014,,
1578745,1632701,9788424,9,10,43896,0,1080,1920,1029,107,1273,351,59536,0.029,,
1578746,1632701,9788424,9,10,43896,1,1080,1920,596,267,766,437,28900,0.014,,
1578747,1632701,9788424,9,10,43896,2,1080,1920,1748,147,1918,317,28900,0.014,,
1578748,1632701,9788424,9,10,43920,0,1080,1920,971,161,1174,365,41412,0.02,,
1578749,1632701,9788424,9,10,43920,1,1080,1920,561,267,731,437,28900,0.014,,
1578750,1632701,9788424,9,10,43920,2,1080,1920,484,751,729,995,59780,0.029,,
1578751,1632701,9788424,9,10,44088,0,1080,1920,532,494,588,551,3192,0.002,,
1578752,1632701,9788424,9,10,44088,1,1080,1920,497,356,554,412,3192,0.002,,
1578753,1632701,9788424,9,10,44112,0,1080,1920,597,491,665,559,4624,0.002,,
1578754,1632701,9788424,9,10,44112,1,1080,1920,526,320,608,402,6724,0.003,,
1578755,1632701,9788424,9,10,44136,0,1080,1920,602,212,743,353,19881,0.01,,
1578756,1632701,9788424,9,10,44160,0,1080,1920,496,255,789,548,85849,0.041,,
1578757,1632701,9788424,9,10,44160,1,1080,1920,526,820,819,1080,76180,0.037,,
1578758,1632701,9788424,9,10,44184,0,1080,1920,683,218,1105,640,178084,0.086,,
1578759,1632701,9788424,9,10,44208,0,1080,1920,640,223,844,427,41616,0.02,,
1578760,1632701,9788424,9,10,44208,1,1080,1920,905,553,1150,797,59780,0.029,,
1578761,1632701,9788424,9,10,44232,0,1080,1920,768,267,938,437,28900,0.014,,
1578762,1632701,9788424,9,10,44232,1,1080,1920,733,594,903,764,28900,0.014,,
1578763,1632701,9788424,9,10,44256,0,1080,1920,1032,197,1173,339,20022,0.01,,
1578764,1632701,9788424,9,10,44280,0,1080,1920,946,326,1087,468,20022,0.01,,
1578765,1632701,9788424,9,10,44304,0,1080,1920,957,233,1127,403,28900,0.014,,
1578766,1632701,9788424,9,10,44328,0,1080,1920,971,202,1174,406,41412,0.02,,
1578767,1632701,9788424,9,10,44352,0,1080,1920,372,319,542,489,28900,0.014,,
1578768,1632701,9788424,9,10,44352,1,1080,1920,1685,257,1724,297,1560,0.001,,
1578769,1632701,9788424,9,10,44352,2,1080,1920,1681,149,1728,196,2209,0.001,,
1578770,1632701,9788424,9,10,44376,0,1080,1920,441,302,611,471,28730,0.014,,
1578771,1632701,9788424,9,10,44376,1,1080,1920,1705,249,1744,289,1560,0.001,,
1578772,1632701,9788424,9,10,44400,0,1080,1920,867,202,1071,406,41616,0.02,,
1578773,1632701,9788424,9,10,44424,0,1080,1920,888,161,1092,365,41616,0.02,,
1578774,1632701,9788424,9,10,44448,0,1080,1920,940,267,1110,437,28900,0.014,,
1578775,1632701,9788424,9,10,44472,0,1080,1920,991,216,1161,385,28730,0.014,,
1578776,1632701,9788424,9,10,44496,0,1080,1920,613,319,783,489,28900,0.014,,
1578777,1632701,9788424,9,10,44520,0,1080,1920,578,267,748,437,28900,0.014,,
1578778,1632701,9788424,9,10,44544,0,1080,1920,578,267,748,437,28900,0.014,,
1578779,1632701,9788424,9,10,44568,0,1080,1920,1218,120,1422,324,41616,0.02,,
1578780,1632701,9788424,9,10,44592,0,1080,1920,343,229,425,311,6724,0.003,,
1578781,1632701,9788424,9,10,44616,0,1080,1920,444,169,586,310,20022,0.01,,
1578782,1632701,9788424,9,10,44640,0,1080,1920,682,99,885,303,41412,0.02,,
1578783,1632701,9788424,9,10,44664,0,1080,1920,723,120,927,324,41616,0.02,,
1578784,1632701,9788424,9,10,44688,0,1080,1920,744,161,947,365,41412,0.02,,
1578785,1632701,9788424,9,10,44712,0,1080,1920,764,182,968,385,41412,0.02,,
1578786,1632701,9788424,9,10,44736,0,1080,1920,702,269,844,411,20164,0.01,,
1578787,1632701,9788424,9,10,44736,1,1080,1920,1387,233,1557,403,28900,0.014,,
1578788,1632701,9788424,9,10,44760,0,1080,1920,673,240,815,382,20164,0.01,,
1578789,1632701,9788424,9,10,44760,1,1080,1920,1404,250,1574,420,28900,0.014,,
1578790,1632701,9788424,9,10,44784,0,1080,1920,554,175,977,598,178929,0.086,,
1578791,1632701,9788424,9,10,44808,0,1080,1920,597,175,1020,598,178929,0.086,,
1578792,1632701,9788424,9,10,44832,0,1080,1920,554,218,977,640,178506,0.086,,
1578793,1632701,9788424,9,10,44856,0,1080,1920,597,218,1020,640,178506,0.086,,
1578794,1632701,9788424,9,10,44880,0,1080,1920,1032,172,1384,525,124256,0.06,,
1578795,1632701,9788424,9,10,44904,0,1080,1920,1032,172,1384,525,124256,0.06,,
1578796,1632701,9788424,9,10,44928,0,1080,1920,997,172,1349,525,124256,0.06,,
1578797,1632701,9788424,9,10,44952,0,1080,1920,583,132,828,376,59780,0.029,,
1578798,1632701,9788424,9,10,44976,0,1080,1920,583,181,828,426,60025,0.029,,
1578799,1632701,9788424,9,10,45000,0,1080,1920,1068,172,1420,525,124256,0.06,,
1578800,1632701,9788424,9,10,45024,0,1080,1920,1032,244,1384,596,123904,0.06,,
1578801,1632701,9788424,9,10,45048,0,1080,1920,1032,244,1384,596,123904,0.06,,
1578802,1632701,9788424,9,10,45072,0,1080,1920,533,172,885,525,124256,0.06,,
1578803,1632701,9788424,9,10,45120,0,1080,1920,410,231,654,475,59536,0.029,,
1578804,1632701,9788424,9,10,45144,0,1080,1920,1175,172,1527,525,124256,0.06,,
1578805,1632701,9788424,9,10,45168,0,1080,1920,982,175,1405,598,178929,0.086,,
1578806,1632701,9788424,9,10,45192,0,1080,1920,436,195,730,489,86436,0.042,,
1578807,1632701,9788424,9,10,45216,0,1080,1920,407,195,700,489,86142,0.042,,
1578808,1632701,9788424,9,10,45240,0,1080,1920,407,195,700,489,86142,0.042,,
1578809,1632701,9788424,9,10,45264,0,1080,1920,1025,175,1448,598,178929,0.086,,
1578810,1632701,9788424,9,10,45288,0,1080,1920,1025,218,1448,640,178506,0.086,,
1578811,1632701,9788424,9,10,45312,0,1080,1920,1025,218,1448,640,178506,0.086,,
1578812,1632701,9788424,9,10,45336,0,1080,1920,999,108,1507,615,257556,0.124,,
1578813,1632701,9788424,9,10,45360,0,1080,1920,999,108,1507,615,257556,0.124,,
1578814,1632701,9788424,9,10,45384,0,1080,1920,1025,132,1448,555,178929,0.086,,
1578815,1632701,9788424,9,10,45408,0,1080,1920,407,195,700,489,86142,0.042,,
1578816,1632701,9788424,9,10,45432,0,1080,1920,407,166,700,459,85849,0.041,,
1578817,1632701,9788424,9,10,45456,0,1080,1920,982,175,1405,598,178929,0.086,,
1578818,1632701,9788424,9,10,45480,0,1080,1920,940,175,1362,598,178506,0.086,,
1578819,1632701,9788424,9,10,45504,0,1080,1920,982,175,1405,598,178929,0.086,,
1578820,1632701,9788424,9,10,45528,0,1080,1920,1590,17,1794,220,41412,0.02,,
1578821,1632701,9788424,9,10,45624,0,1080,1920,599,450,803,654,41616,0.02,,
1578822,1632701,9788424,9,10,45696,0,1080,1920,1282,132,1705,555,178929,0.086,,
1578823,1632701,9788424,9,10,45720,0,1080,1920,1282,218,1705,640,178506,0.086,,
1578824,1632701,9788424,9,10,45744,0,1080,1920,1051,210,1558,717,257049,0.124,,
1578825,1632701,9788424,9,10,45768,0,1080,1920,938,160,1546,769,370272,0.179,,
1578826,1632701,9788424,9,10,45792,0,1080,1920,999,99,1608,707,370272,0.179,,
1578827,1632701,9788424,9,10,45816,0,1080,1920,999,222,1608,830,370272,0.179,,
1578828,1632701,9788424,9,10,45840,0,1080,1920,999,160,1608,769,370881,0.179,,
1578829,1632701,9788424,9,10,45864,0,1080,1920,959,91,1690,821,533630,0.257,,
1578830,1632701,9788424,9,10,45888,0,1080,1920,1033,91,1764,821,533630,0.257,,
1578831,1632701,9788424,9,10,45912,0,1080,1920,1033,17,1764,747,533630,0.257,,
1578832,1632701,9788424,9,10,45936,0,1080,1920,999,222,1608,830,370272,0.179,,
1578833,1632701,9788424,9,10,45960,0,1080,1920,959,165,1690,895,533630,0.257,,
1578834,1632701,9788424,9,10,45984,0,1080,1920,885,165,1616,895,533630,0.257,,
1578835,1632701,9788424,9,10,46008,0,1080,1920,1033,165,1764,895,533630,0.257,,
1578836,1632701,9788424,9,10,46032,0,1080,1920,1107,165,1838,895,533630,0.257,,
1578837,1632701,9788424,9,10,46296,0,1080,1920,1303,298,1360,355,3249,0.002,,
1578838,1632701,9788424,9,10,46320,0,1080,1920,1240,297,1308,366,4692,0.002,,
1578839,1632701,9788424,9,10,46344,0,1080,1920,1171,286,1228,343,3249,0.002,,
1578840,1632701,9788424,9,10,46440,0,1080,1920,1246,137,1598,489,123904,0.06,,
1578841,1632701,9788424,9,10,46464,0,1080,1920,1154,218,1576,640,178084,0.086,,
1578842,1632701,9788424,9,10,46488,0,1080,1920,1239,261,1662,683,178506,0.086,,
1578843,1632701,9788424,9,10,46512,0,1080,1920,794,262,1301,769,257049,0.124,,
1578844,1632701,9788424,9,10,46536,0,1080,1920,743,364,1250,872,257556,0.124,,
1578845,1632701,9788424,9,10,46560,0,1080,1920,506,530,1115,1080,334950,0.162,,
1578846,1632701,9788424,9,10,46584,0,1080,1920,322,468,930,1077,370272,0.179,,
1578847,1632701,9788424,9,10,46608,0,1080,1920,322,468,930,1077,370272,0.179,,
1578848,1632701,9788424,9,10,46632,0,1080,1920,260,284,868,892,369664,0.178,,
1578849,1632701,9788424,9,10,46656,0,1080,1920,322,99,930,707,369664,0.178,,
1578850,1632701,9788424,9,10,46680,0,1080,1920,445,37,1053,646,370272,0.179,,
1578851,1632701,9788424,9,10,46704,0,1080,1920,506,99,1115,707,370272,0.179,,
1578852,1632701,9788424,9,10,46728,0,1080,1920,506,160,1115,769,370881,0.179,,
1578853,1632701,9788424,9,10,46776,0,1080,1920,1678,269,1735,326,3249,0.002,,
1578854,1632701,9788424,9,10,46800,0,1080,1920,1511,298,1568,355,3249,0.002,,
1578855,1632701,9788424,9,10,46800,1,1080,1920,1453,229,1510,286,3249,0.002,,
1578856,1632701,9788424,9,10,46824,0,1080,1920,1710,180,1778,248,4624,0.002,,
1578857,1632701,9788424,9,10,46824,1,1080,1920,1355,331,1402,378,2209,0.001,,
1578858,1632701,9788424,9,10,46824,2,1080,1920,1297,254,1344,301,2209,0.001,,
1578859,1632701,9788424,9,10,46848,0,1080,1920,1349,292,1406,349,3249,0.002,,
1578860,1632701,9788424,9,10,46848,1,1080,1920,186,344,243,401,3249,0.002,,
1578861,1632701,9788424,9,10,46848,2,1080,1920,375,245,423,292,2256,0.001,,
1578862,1632701,9788424,9,10,46848,3,1080,1920,759,288,807,335,2256,0.001,,
1578863,1632701,9788424,9,10,46848,4,1080,1920,36,370,118,452,6724,0.003,,
1578864,1632701,9788424,9,10,46848,5,1080,1920,277,419,359,501,6724,0.003,,
1578865,1632701,9788424,9,10,46848,6,1080,1920,534,297,581,345,2256,0.001,,
1578866,1632701,9788424,9,10,46848,7,1080,1920,617,295,699,377,6724,0.003,,
1578867,1632701,9788424,9,10,46848,8,1080,1920,889,304,946,361,3249,0.002,,
1578868,1632701,9788424,9,10,46848,9,1080,1920,641,185,680,225,1560,0.001,,
1578869,1632701,9788424,9,10,46848,10,1080,1920,467,216,514,263,2209,0.001,,
1578870,1632701,9788424,9,10,46848,11,1080,1920,1609,333,1666,389,3192,0.002,,
1578871,1632701,9788424,9,10,46848,12,1080,1920,1730,275,1786,332,3192,0.002,,
1578872,1632701,9788424,9,10,46848,13,1080,1920,1211,263,1268,320,3249,0.002,,
1578873,1632701,9788424,9,10,46848,14,1080,1920,1025,209,1064,249,1560,0.001,,
1578874,1632701,9788424,9,10,46848,15,1080,1920,44,230,92,277,2256,0.001,,
1578875,1632701,9788424,9,10,46848,16,1080,1920,376,328,458,410,6724,0.003,,
1578876,1632701,9788424,9,10,46848,17,1080,1920,961,240,1008,287,2209,0.001,,
1578877,1632701,9788424,9,10,46872,0,1080,1920,1344,286,1401,343,3249,0.002,,
1578878,1632701,9788424,9,10,46872,1,1080,1920,174,350,231,407,3249,0.002,,
1578879,1632701,9788424,9,10,46872,2,1080,1920,361,245,408,292,2209,0.001,,
1578880,1632701,9788424,9,10,46872,3,1080,1920,745,286,802,343,3249,0.002,,
1578881,1632701,9788424,9,10,46872,4,1080,1920,617,303,699,385,6724,0.003,,
1578882,1632701,9788424,9,10,46872,5,1080,1920,269,419,351,501,6724,0.003,,
1578883,1632701,9788424,9,10,46872,6,1080,1920,20,370,102,452,6724,0.003,,
1578884,1632701,9788424,9,10,46872,7,1080,1920,883,304,940,361,3249,0.002,,
1578885,1632701,9788424,9,10,46872,8,1080,1920,457,216,504,263,2209,0.001,,
1578886,1632701,9788424,9,10,46872,9,1080,1920,524,297,572,345,2304,0.001,,
1578887,1632701,9788424,9,10,46872,10,1080,1920,1603,333,1660,389,3192,0.002,,
1578888,1632701,9788424,9,10,46872,11,1080,1920,1013,209,1052,249,1560,0.001,,
1578889,1632701,9788424,9,10,46872,12,1080,1920,1200,263,1257,320,3249,0.002,,
1578890,1632701,9788424,9,10,46872,13,1080,1920,956,235,1004,282,2256,0.001,,
1578891,1632701,9788424,9,10,46872,14,1080,1920,368,336,450,418,6724,0.003,,
1578892,1632701,9788424,9,10,46872,15,1080,1920,1724,275,1781,332,3249,0.002,,
1578893,1632701,9788424,9,10,46872,16,1080,1920,629,185,668,225,1560,0.001,,
1578894,1632701,9788424,9,10,46872,17,1080,1920,39,235,87,282,2256,0.001,,
1578895,1632701,9788424,9,10,46896,0,1080,1920,169,356,226,412,3192,0.002,,
1578896,1632701,9788424,9,10,46896,1,1080,1920,351,245,399,292,2256,0.001,,
1578897,1632701,9788424,9,10,46896,2,1080,1920,745,292,792,340,2256,0.001,,
1578898,1632701,9788424,9,10,46896,3,1080,1920,1338,292,1395,349,3249,0.002,,
1578899,1632701,9788424,9,10,46896,4,1080,1920,510,297,557,345,2256,0.001,,
1578900,1632701,9788424,9,10,46896,5,1080,1920,447,216,495,263,2256,0.001,,
1578901,1632701,9788424,9,10,46896,6,1080,1920,269,428,351,510,6724,0.003,,
1578902,1632701,9788424,9,10,46896,7,1080,1920,871,310,928,366,3192,0.002,,
1578903,1632701,9788424,9,10,46896,8,1080,1920,609,303,691,385,6724,0.003,,
1578904,1632701,9788424,9,10,46896,9,1080,1920,11,378,93,460,6724,0.003,,
1578905,1632701,9788424,9,10,46896,10,1080,1920,1599,336,1647,383,2256,0.001,,
1578906,1632701,9788424,9,10,46896,11,1080,1920,1205,269,1262,326,3249,0.002,,
1578907,1632701,9788424,9,10,46896,12,1080,1920,360,336,442,418,6724,0.003,,
1578908,1632701,9788424,9,10,46896,13,1080,1920,1718,281,1775,338,3249,0.002,,
1578909,1632701,9788424,9,10,46896,14,1080,1920,1005,209,1044,249,1560,0.001,,
1578910,1632701,9788424,9,10,46896,15,1080,1920,20,235,68,282,2256,0.001,,
1578911,1632701,9788424,9,10,46896,16,1080,1920,942,240,989,287,2209,0.001,,
1578912,1632701,9788424,9,10,46920,0,1080,1920,1404,302,1574,471,28730,0.014,,
1578913,1632701,9788424,9,10,46920,1,1080,1920,236,280,481,525,60025,0.029,,
1578914,1632701,9788424,9,10,46920,2,1080,1920,480,425,537,482,3249,0.002,,
1578915,1632701,9788424,9,10,46920,3,1080,1920,1239,432,1287,479,2256,0.001,,
1578916,1632701,9788424,9,10,46920,4,1080,1920,2,448,58,505,3192,0.002,,
1578917,1632701,9788424,9,10,46944,0,1080,1920,1438,302,1608,471,28730,0.014,,
1578918,1632701,9788424,9,10,46944,1,1080,1920,351,244,555,447,41412,0.02,,
1578919,1632701,9788424,9,10,46944,2,1080,1920,1239,417,1287,465,2304,0.001,,
1578920,1632701,9788424,9,10,46944,3,1080,1920,653,421,692,461,1560,0.001,,
1578921,1632701,9788424,9,10,46968,0,1080,1920,1438,267,1608,437,28900,0.014,,
1578922,1632701,9788424,9,10,46968,1,1080,1920,236,206,481,450,59780,0.029,,
1578923,1632701,9788424,9,10,46968,2,1080,1920,1228,390,1285,447,3249,0.002,,
1578924,1632701,9788424,9,10,46992,0,1080,1920,1456,267,1625,437,28730,0.014,,
1578925,1632701,9788424,9,10,46992,1,1080,1920,331,223,535,427,41616,0.02,,
1578926,1632701,9788424,9,10,46992,2,1080,1920,1235,398,1282,445,2209,0.001,,
1578927,1632701,9788424,9,10,46992,3,1080,1920,649,401,688,441,1560,0.001,,
1578928,1632701,9788424,9,10,47016,0,1080,1920,1438,267,1608,437,28900,0.014,,
1578929,1632701,9788424,9,10,47016,1,1080,1920,351,244,555,447,41412,0.02,,
1578930,1632701,9788424,9,10,47016,2,1080,1920,146,465,202,522,3192,0.002,,
1578931,1632701,9788424,9,10,47016,3,1080,1920,1228,396,1285,453,3249,0.002,,
1578932,1632701,9788424,9,10,47016,4,1080,1920,649,397,688,437,1560,0.001,,
1578933,1632701,9788424,9,10,47040,0,1080,1920,1438,284,1608,454,28900,0.014,,
1578934,1632701,9788424,9,10,47040,1,1080,1920,335,231,580,475,59780,0.029,,
1578935,1632701,9788424,9,10,47040,2,1080,1920,146,465,202,522,3192,0.002,,
1578936,1632701,9788424,9,10,47040,3,1080,1920,1230,398,1277,445,2209,0.001,,
1578937,1632701,9788424,9,10,47064,0,1080,1920,1404,284,1574,454,28900,0.014,,
1578938,1632701,9788424,9,10,47064,1,1080,1920,311,206,555,450,59536,0.029,,
1578939,1632701,9788424,9,10,47064,2,1080,1920,1235,398,1282,445,2209,0.001,,
1578940,1632701,9788424,9,10,47064,3,1080,1920,645,397,684,437,1560,0.001,,
1578941,1632701,9788424,9,10,47064,4,1080,1920,145,470,192,518,2256,0.001,,
1578942,1632701,9788424,9,10,47088,0,1080,1920,981,325,1020,365,1560,0.001,,
1578943,1632701,9788424,9,10,47088,1,1080,1920,1057,321,1096,361,1560,0.001,,
1578944,1632701,9788424,9,10,47112,0,1080,1920,981,329,1020,369,1560,0.001,,
1578945,1632701,9788424,9,10,47112,1,1080,1920,1061,321,1100,361,1560,0.001,,
1578946,1632701,9788424,9,10,47136,0,1080,1920,961,244,1313,596,123904,0.06,,
1578947,1632701,9788424,9,10,47160,0,1080,1920,961,244,1313,596,123904,0.06,,
1578948,1632701,9788424,9,10,47184,0,1080,1920,897,261,1319,683,178084,0.086,,
1578949,1632701,9788424,9,10,47208,0,1080,1920,785,130,955,299,28730,0.014,,
1578950,1632701,9788424,9,10,47208,1,1080,1920,380,231,498,349,13924,0.007,,
1578951,1632701,9788424,9,10,47208,2,1080,1920,616,140,758,282,20164,0.01,,
1578952,1632701,9788424,9,10,47208,3,1080,1920,200,233,370,403,28900,0.014,,
1578953,1632701,9788424,9,10,47208,4,1080,1920,1290,255,1431,396,19881,0.01,,
1578954,1632701,9788424,9,10,47208,5,1080,1920,1089,298,1231,439,20022,0.01,,
1578955,1632701,9788424,9,10,47232,0,1080,1920,819,112,989,282,28900,0.014,,
1578956,1632701,9788424,9,10,47232,1,1080,1920,404,231,522,349,13924,0.007,,
1578957,1632701,9788424,9,10,47232,2,1080,1920,217,233,387,403,28900,0.014,,
1578958,1632701,9788424,9,10,47232,3,1080,1920,630,140,772,282,20164,0.01,,
1578959,1632701,9788424,9,10,47232,4,1080,1920,1318,240,1460,382,20164,0.01,,
1578960,1632701,9788424,9,10,47232,5,1080,1920,1118,298,1259,439,19881,0.01,,
1578961,1632701,9788424,9,10,47256,0,1080,1920,836,130,1006,299,28730,0.014,,
1578962,1632701,9788424,9,10,47256,1,1080,1920,404,231,522,349,13924,0.007,,
1578963,1632701,9788424,9,10,47256,2,1080,1920,630,140,772,282,20164,0.01,,
1578964,1632701,9788424,9,10,47256,3,1080,1920,217,233,387,403,28900,0.014,,
1578965,1632701,9788424,9,10,47256,4,1080,1920,1132,298,1274,439,20022,0.01,,
1578966,1632701,9788424,9,10,47256,5,1080,1920,1333,255,1474,396,19881,0.01,,
1578967,1632701,9788424,9,10,47280,0,1080,1920,602,169,743,310,19881,0.01,,
1578968,1632701,9788424,9,10,47280,1,1080,1920,1301,130,1471,299,28730,0.014,,
1578969,1632701,9788424,9,10,47280,2,1080,1920,476,315,594,433,13924,0.007,,
1578970,1632701,9788424,9,10,47280,3,1080,1920,1490,240,1632,382,20164,0.01,,
1578971,1632701,9788424,9,10,47280,4,1080,1920,957,181,1127,351,28900,0.014,,
1578972,1632701,9788424,9,10,47304,0,1080,1920,643,184,761,302,13924,0.007,,
1578973,1632701,9788424,9,10,47304,1,1080,1920,1318,130,1488,299,28730,0.014,,
1578974,1632701,9788424,9,10,47304,2,1080,1920,476,315,594,433,13924,0.007,,
1578975,1632701,9788424,9,10,47304,3,1080,1920,1505,240,1646,382,20022,0.01,,
1578976,1632701,9788424,9,10,47304,4,1080,1920,957,181,1127,351,28900,0.014,,
1578977,1632701,9788424,9,10,47328,0,1080,1920,631,184,749,302,13924,0.007,,
1578978,1632701,9788424,9,10,47328,1,1080,1920,1301,130,1471,299,28730,0.014,,
1578979,1632701,9788424,9,10,47328,2,1080,1920,458,298,600,439,20022,0.01,,
1578980,1632701,9788424,9,10,47328,3,1080,1920,1476,240,1618,382,20164,0.01,,
1578981,1632701,9788424,9,10,47328,4,1080,1920,177,255,295,373,13924,0.007,,
1578982,1632701,9788424,9,10,47328,5,1080,1920,957,181,1127,351,28900,0.014,,
1578983,1632701,9788424,9,10,47328,6,1080,1920,315,269,457,411,20164,0.01,,
1578984,1632701,9788424,9,10,47328,7,1080,1920,1790,303,1908,421,13924,0.007,,
1578985,1632701,9788424,9,10,47352,0,1080,1920,922,250,1092,420,28900,0.014,,
1578986,1632701,9788424,9,10,47352,1,1080,1920,434,223,638,427,41616,0.02,,
1578987,1632701,9788424,9,10,47352,2,1080,1920,1252,156,1496,401,59780,0.029,,
1578988,1632701,9788424,9,10,47376,0,1080,1920,1227,156,1472,401,60025,0.029,,
1578989,1632701,9788424,9,10,47376,1,1080,1920,922,250,1092,420,28900,0.014,,
1578990,1632701,9788424,9,10,47400,0,1080,1920,922,233,1092,403,28900,0.014,,
1578991,1632701,9788424,9,10,47400,1,1080,1920,1202,181,1447,426,60025,0.029,,
1578992,1632701,9788424,9,10,47400,2,1080,1920,413,223,617,427,41616,0.02,,
1578993,1632701,9788424,9,10,47424,0,1080,1920,922,250,1092,420,28900,0.014,,
1578994,1632701,9788424,9,10,47424,1,1080,1920,1202,181,1447,426,60025,0.029,,
1578995,1632701,9788424,9,10,47424,2,1080,1920,434,244,638,447,41412,0.02,,
1578996,1632701,9788424,9,10,47448,0,1080,1920,922,250,1092,420,28900,0.014,,
1578997,1632701,9788424,9,10,47448,1,1080,1920,1218,182,1422,385,41412,0.02,,
1578998,1632701,9788424,9,10,47448,2,1080,1920,455,223,658,427,41412,0.02,,
1578999,1632701,9788424,9,10,47472,0,1080,1920,922,250,1092,420,28900,0.014,,
1579000,1632701,9788424,9,10,47472,1,1080,1920,1218,202,1422,406,41616,0.02,,
1579001,1632701,9788424,9,10,47472,2,1080,1920,458,233,628,403,28900,0.014,,
1579002,1632701,9788424,9,10,47496,0,1080,1920,794,262,1301,769,257049,0.124,,
1579003,1632701,9788424,9,10,47520,0,1080,1920,794,262,1301,769,257049,0.124,,
1579004,1632701,9788424,9,10,47544,0,1080,1920,794,262,1301,769,257049,0.124,,
1579005,1632701,9788424,9,10,47568,0,1080,1920,794,262,1301,769,257049,0.124,,
1579006,1632701,9788424,9,10,47592,0,1080,1920,794,262,1301,769,257049,0.124,,
1579007,1632701,9788424,9,10,47616,0,1080,1920,555,255,849,548,86142,0.042,,
1579008,1632701,9788424,9,10,48600,0,1080,1920,1276,303,1394,421,13924,0.007,,
1579009,1632701,9788424,9,10,48624,0,1080,1920,1304,269,1446,411,20164,0.01,,
1579010,1632701,9788424,9,10,48648,0,1080,1920,1266,233,1436,403,28900,0.014,,
1579011,1632701,9788424,9,10,48672,0,1080,1920,1261,226,1403,368,20164,0.01,,
1579012,1632701,9788424,9,10,48696,0,1080,1920,496,166,789,459,85849,0.041,,
1579013,1632701,9788424,9,10,48720,0,1080,1920,462,172,814,525,124256,0.06,,
1579014,1632701,9788424,9,10,48744,0,1080,1920,526,195,819,489,86142,0.042,,
1579015,1632701,9788424,9,10,48768,0,1080,1920,1068,208,1420,560,123904,0.06,,
1579016,1632701,9788424,9,10,48792,0,1080,1920,1068,172,1420,525,124256,0.06,,
1579017,1632701,9788424,9,10,48816,0,1080,1920,1068,172,1420,525,124256,0.06,,
1579018,1632701,9788424,9,10,48840,0,1080,1920,1032,172,1384,525,124256,0.06,,
1579019,1632701,9788424,9,10,48864,0,1080,1920,1032,172,1384,525,124256,0.06,,
1579020,1632701,9788424,9,10,48888,0,1080,1920,1068,172,1420,525,124256,0.06,,
1579021,1632701,9788424,9,10,48912,0,1080,1920,633,206,877,450,59536,0.029,,
1579022,1632701,9788424,9,10,48936,0,1080,1920,633,231,877,475,59536,0.029,,
1579023,1632701,9788424,9,10,48960,0,1080,1920,1139,244,1491,596,123904,0.06,,
1579024,1632701,9788424,9,10,48984,0,1080,1920,1211,315,1563,667,123904,0.06,,
1579025,1632701,9788424,9,10,49008,0,1080,1920,1246,315,1598,667,123904,0.06,,
1579026,1632701,9788424,9,10,49032,0,1080,1920,897,159,1404,666,257049,0.124,,
1579027,1632701,9788424,9,10,49056,0,1080,1920,0,165,654,895,477420,0.23,,
1579028,1632701,9788424,9,10,49080,0,1080,1920,753,37,1362,646,370881,0.179,,
1579029,1632701,9788424,9,10,49104,0,1080,1920,815,99,1423,707,369664,0.178,,
1579030,1632701,9788424,9,10,49128,0,1080,1920,753,99,1362,707,370272,0.179,,
1579031,1632701,9788424,9,10,49152,0,1080,1920,568,37,1177,646,370881,0.179,,
1579032,1632701,9788424,9,10,49176,0,1080,1920,923,412,970,460,2256,0.001,,
1579033,1632701,9788424,9,10,49176,1,1080,1920,1038,373,1095,430,3249,0.002,,
1579034,1632701,9788424,9,10,49200,0,1080,1920,923,408,970,455,2209,0.001,,
1579035,1632701,9788424,9,10,49200,1,1080,1920,1043,379,1090,426,2209,0.001,,
1579036,1632701,9788424,9,10,49224,0,1080,1920,923,408,970,455,2209,0.001,,
1579037,1632701,9788424,9,10,49224,1,1080,1920,1043,379,1090,426,2209,0.001,,
1579038,1632701,9788424,9,10,49248,0,1080,1920,917,407,974,464,3249,0.002,,
1579039,1632701,9788424,9,10,49248,1,1080,1920,1043,379,1090,426,2209,0.001,,
1579040,1632701,9788424,9,10,49272,0,1080,1920,917,407,974,464,3249,0.002,,
1579041,1632701,9788424,9,10,49272,1,1080,1920,1038,373,1095,430,3249,0.002,,
1579042,1632701,9788424,9,10,49296,0,1080,1920,917,407,974,464,3249,0.002,,
1579043,1632701,9788424,9,10,49296,1,1080,1920,1043,379,1090,426,2209,0.001,,
1579044,1632701,9788424,9,10,49320,0,1080,1920,1284,130,1453,299,28561,0.014,,
1579045,1632701,9788424,9,10,49320,1,1080,1920,817,183,958,325,20022,0.01,,
1579046,1632701,9788424,9,10,49344,0,1080,1920,1284,130,1453,299,28561,0.014,,
1579047,1632701,9788424,9,10,49344,1,1080,1920,817,183,958,325,20022,0.01,,
1579048,1632701,9788424,9,10,49368,0,1080,1920,817,183,958,325,20022,0.01,,
1579049,1632701,9788424,9,10,49368,1,1080,1920,1301,130,1471,299,28730,0.014,,
1579050,1632701,9788424,9,10,49392,0,1080,1920,534,280,778,525,59780,0.029,,
1579051,1632701,9788424,9,10,49416,0,1080,1920,496,225,789,519,86142,0.042,,
1579052,1632701,9788424,9,10,49440,0,1080,1920,526,225,819,519,86142,0.042,,
1579053,1632701,9788424,9,10,49464,0,1080,1920,534,231,778,475,59536,0.029,,
1579054,1632701,9788424,9,10,49488,0,1080,1920,1068,172,1420,525,124256,0.06,,
1579055,1632701,9788424,9,10,49512,0,1080,1920,1068,172,1420,525,124256,0.06,,
1579056,1632701,9788424,9,10,49536,0,1080,1920,1068,172,1420,525,124256,0.06,,
1579057,1632701,9788424,9,10,49560,0,1080,1920,1090,285,1384,578,86142,0.042,,
1579058,1632701,9788424,9,10,49824,0,1080,1920,811,261,1234,683,178506,0.086,,
1579059,1632701,9788424,9,10,49848,0,1080,1920,691,262,1198,769,257049,0.124,,
1579060,1632701,9788424,9,10,49872,0,1080,1920,691,262,1198,769,257049,0.124,,
1579061,1632701,9788424,9,10,49896,0,1080,1920,426,279,778,632,124256,0.06,,
1579062,1632701,9788424,9,10,49920,0,1080,1920,462,279,814,632,124256,0.06,,
1579063,1632701,9788424,9,10,49944,0,1080,1920,726,303,1148,726,178506,0.086,,
1579064,1632701,9788424,9,10,49968,0,1080,1920,691,262,1198,769,257049,0.124,,
1579065,1632701,9788424,9,10,49992,0,1080,1920,1156,140,1360,344,41616,0.02,,
1579066,1632701,9788424,9,10,49992,1,1080,1920,836,267,1006,437,28900,0.014,,
1579067,1632701,9788424,9,10,49992,2,1080,1920,351,223,555,427,41616,0.02,,
1579068,1632701,9788424,9,10,50016,0,1080,1920,1156,140,1360,344,41616,0.02,,
1579069,1632701,9788424,9,10,50016,1,1080,1920,836,267,1006,437,28900,0.014,,
1579070,1632701,9788424,9,10,50016,2,1080,1920,393,202,597,406,41616,0.02,,
1579071,1632701,9788424,9,10,50040,0,1080,1920,1156,161,1360,365,41616,0.02,,
1579072,1632701,9788424,9,10,50040,1,1080,1920,854,267,1024,437,28900,0.014,,
1579073,1632701,9788424,9,10,50040,2,1080,1920,441,216,611,385,28730,0.014,,
1579074,1632701,9788424,9,10,50064,0,1080,1920,1156,140,1360,344,41616,0.02,,
1579075,1632701,9788424,9,10,50064,1,1080,1920,854,250,1024,420,28900,0.014,,
1579076,1632701,9788424,9,10,50064,2,1080,1920,434,202,638,406,41616,0.02,,
1579077,1632701,9788424,9,10,50088,0,1080,1920,1136,161,1340,365,41616,0.02,,
1579078,1632701,9788424,9,10,50088,1,1080,1920,854,267,1024,437,28900,0.014,,
1579079,1632701,9788424,9,10,50088,2,1080,1920,434,202,638,406,41616,0.02,,
1579080,1632701,9788424,9,10,50112,0,1080,1920,1001,166,1295,459,86142,0.042,,
1579081,1632701,9788424,9,10,50136,0,1080,1920,1031,166,1324,459,85849,0.041,,
1579082,1632701,9788424,9,10,50160,0,1080,1920,657,206,902,450,59780,0.029,,
1579083,1632701,9788424,9,10,50184,0,1080,1920,615,195,908,489,86142,0.042,,
1579084,1632701,9788424,9,10,50208,0,1080,1920,633,231,877,475,59536,0.029,,
1579085,1632701,9788424,9,10,50232,0,1080,1920,644,195,938,489,86436,0.042,,
1579086,1632701,9788424,9,10,50256,0,1080,1920,657,206,902,450,59780,0.029,,
1579087,1632701,9788424,9,10,50280,0,1080,1920,1358,195,1651,489,86142,0.042,,
1579088,1632701,9788424,9,10,50280,1,1080,1920,744,223,947,427,41412,0.02,,
1579089,1632701,9788424,9,10,50304,0,1080,1920,764,223,968,427,41616,0.02,,
1579090,1632701,9788424,9,10,50304,1,1080,1920,1376,231,1620,475,59536,0.029,,
1579091,1632701,9788424,9,10,50328,0,1080,1920,1358,195,1651,489,86142,0.042,,
1579092,1632701,9788424,9,10,50328,1,1080,1920,744,223,947,427,41412,0.02,,
1579093,1632701,9788424,9,10,50352,0,1080,1920,1029,181,1273,426,59780,0.029,,
1579094,1632701,9788424,9,10,50376,0,1080,1920,1061,166,1354,459,85849,0.041,,
1579095,1632701,9788424,9,10,50400,0,1080,1920,793,195,1087,489,86436,0.042,,
1579096,1632701,9788424,9,10,50424,0,1080,1920,707,156,952,401,60025,0.029,,
1579097,1632701,9788424,9,10,50448,0,1080,1920,732,181,976,426,59780,0.029,,
1579098,1632701,9788424,9,10,50472,0,1080,1920,922,130,1092,299,28730,0.014,,
1579099,1632701,9788424,9,10,50496,0,1080,1920,940,130,1110,299,28730,0.014,,
1579100,1632701,9788424,9,10,50520,0,1080,1920,876,37,1485,646,370881,0.179,,
1579101,1632701,9788424,9,10,50544,0,1080,1920,948,0,1455,461,233727,0.113,,
1579102,1632701,9788424,9,10,50544,1,1080,1920,1308,160,1916,769,370272,0.179,,
1579103,1632701,9788424,9,10,50568,0,1080,1920,198,345,807,954,370881,0.179,,
1579104,1632701,9788424,9,10,50616,0,1080,1920,1181,17,1912,747,533630,0.257,,
1579105,1632701,9788424,9,10,50616,1,1080,1920,743,0,1250,409,207363,0.1,,
1579106,1632701,9788424,9,10,50640,0,1080,1920,260,284,868,892,369664,0.178,,
1579107,1632701,9788424,9,10,50664,0,1080,1920,109,357,148,397,1560,0.001,,
1579108,1632701,9788424,9,10,50664,1,1080,1920,725,301,764,341,1560,0.001,,
1579109,1632701,9788424,9,10,50664,2,1080,1920,381,301,420,341,1560,0.001,,
1579110,1632701,9788424,9,10,50664,3,1080,1920,1484,336,1532,383,2256,0.001,,
1579111,1632701,9788424,9,10,50664,4,1080,1920,773,309,812,349,1560,0.001,,
1579112,1632701,9788424,9,10,50664,5,1080,1920,869,297,908,337,1560,0.001,,
1579113,1632701,9788424,9,10,50664,6,1080,1920,309,321,348,361,1560,0.001,,
1579114,1632701,9788424,9,10,50688,0,1080,1920,749,313,788,353,1560,0.001,,
1579115,1632701,9788424,9,10,50688,1,1080,1920,961,297,1000,337,1560,0.001,,
1579116,1632701,9788424,9,10,50688,2,1080,1920,1477,349,1516,389,1560,0.001,,
1579117,1632701,9788424,9,10,50688,3,1080,1920,89,361,128,401,1560,0.001,,
1579118,1632701,9788424,9,10,50688,4,1080,1920,705,297,744,337,1560,0.001,,
1579119,1632701,9788424,9,10,50688,5,1080,1920,489,301,528,341,1560,0.001,,
1579120,1632701,9788424,9,10,50688,6,1080,1920,917,293,956,333,1560,0.001,,
1579121,1632701,9788424,9,10,50712,0,1080,1920,1473,349,1512,389,1560,0.001,,
1579122,1632701,9788424,9,10,50712,1,1080,1920,68,360,116,407,2256,0.001,,
1579123,1632701,9788424,9,10,50712,2,1080,1920,693,301,732,341,1560,0.001,,
1579124,1632701,9788424,9,10,50712,3,1080,1920,745,313,784,353,1560,0.001,,
1579125,1632701,9788424,9,10,50712,4,1080,1920,941,301,980,341,1560,0.001,,
1579126,1632701,9788424,9,10,50712,5,1080,1920,1273,301,1312,341,1560,0.001,,
1579127,1632701,9788424,9,10,50712,6,1080,1920,1365,289,1404,329,1560,0.001,,
1579128,1632701,9788424,9,10,50712,7,1080,1920,366,302,413,349,2209,0.001,,
1579129,1632701,9788424,9,10,50712,8,1080,1920,1309,369,1348,409,1560,0.001,,
1579130,1632701,9788424,9,10,50712,9,1080,1920,493,301,532,341,1560,0.001,,
1579131,1632701,9788424,9,10,50736,0,1080,1920,1198,216,1367,385,28561,0.014,,
1579132,1632701,9788424,9,10,50736,1,1080,1920,80,319,250,489,28900,0.014,,
1579133,1632701,9788424,9,10,50736,2,1080,1920,888,181,1058,351,28900,0.014,,
1579134,1632701,9788424,9,10,50736,3,1080,1920,1691,326,1833,468,20164,0.01,,
1579135,1632701,9788424,9,10,50736,4,1080,1920,157,140,299,282,20164,0.01,,
1579136,1632701,9788424,9,10,50760,0,1080,1920,258,255,399,396,19881,0.01,,
1579137,1632701,9788424,9,10,50760,1,1080,1920,836,198,1006,368,28900,0.014,,
1579138,1632701,9788424,9,10,50760,2,1080,1920,80,319,250,489,28900,0.014,,
1579139,1632701,9788424,9,10,50760,3,1080,1920,496,285,700,489,41616,0.02,,
1579140,1632701,9788424,9,10,50760,4,1080,1920,1163,216,1333,385,28730,0.014,,
1579141,1632701,9788424,9,10,50760,5,1080,1920,1645,319,1815,489,28900,0.014,,
1579142,1632701,9788424,9,10,50760,6,1080,1920,70,64,188,182,13924,0.007,,
1579143,1632701,9788424,9,10,50784,0,1080,1920,129,341,270,482,19881,0.01,,
1579144,1632701,9788424,9,10,50784,1,1080,1920,329,240,471,382,20164,0.01,,
1579145,1632701,9788424,9,10,50784,2,1080,1920,860,226,1001,368,20022,0.01,,
1579146,1632701,9788424,9,10,50784,3,1080,1920,143,140,285,282,20164,0.01,,
1579147,1632701,9788424,9,10,50784,4,1080,1920,1177,202,1381,406,41616,0.02,,
1579148,1632701,9788424,9,10,50784,5,1080,1920,558,285,762,489,41616,0.02,,
1579149,1632701,9788424,9,10,50808,0,1080,1920,358,226,500,368,20164,0.01,,
1579150,1632701,9788424,9,10,50808,1,1080,1920,854,216,1024,385,28730,0.014,,
1579151,1632701,9788424,9,10,50808,2,1080,1920,131,302,301,471,28730,0.014,,
1579152,1632701,9788424,9,10,50808,3,1080,1920,599,285,803,489,41616,0.02,,
1579153,1632701,9788424,9,10,50808,4,1080,1920,1218,202,1422,406,41616,0.02,,
1579154,1632701,9788424,9,10,50808,5,1080,1920,43,140,184,282,20022,0.01,,
1579155,1632701,9788424,9,10,50808,6,1080,1920,416,88,534,206,13924,0.007,,
1579156,1632701,9788424,9,10,50832,0,1080,1920,358,226,500,368,20164,0.01,,
1579157,1632701,9788424,9,10,50832,1,1080,1920,114,341,256,482,20022,0.01,,
1579158,1632701,9788424,9,10,50832,2,1080,1920,854,198,1024,368,28900,0.014,,
1579159,1632701,9788424,9,10,50832,3,1080,1920,1198,216,1367,385,28561,0.014,,
1579160,1632701,9788424,9,10,50832,4,1080,1920,157,140,299,282,20164,0.01,,
1579161,1632701,9788424,9,10,50832,5,1080,1920,599,306,803,509,41412,0.02,,
1579162,1632701,9788424,9,10,50832,6,1080,1920,416,88,534,206,13924,0.007,,
1579163,1632701,9788424,9,10,50856,0,1080,1920,338,319,508,489,28900,0.014,,
1579164,1632701,9788424,9,10,50856,1,1080,1920,1239,182,1443,385,41412,0.02,,
1579165,1632701,9788424,9,10,50856,2,1080,1920,673,183,815,325,20164,0.01,,
1579166,1632701,9788424,9,10,50856,3,1080,1920,785,302,955,471,28730,0.014,,
1579167,1632701,9788424,9,10,50856,4,1080,1920,1748,355,1890,497,20164,0.01,,
1579168,1632701,9788424,9,10,50880,0,1080,1920,1421,250,1591,420,28900,0.014,,
1579169,1632701,9788424,9,10,50880,1,1080,1920,387,355,528,497,20022,0.01,,
1579170,1632701,9788424,9,10,50880,2,1080,1920,1136,182,1340,385,41412,0.02,,
1579171,1632701,9788424,9,10,50880,3,1080,1920,272,269,414,411,20164,0.01,,
1579172,1632701,9788424,9,10,50880,4,1080,1920,723,202,927,406,41616,0.02,,
1579173,1632701,9788424,9,10,50904,0,1080,1920,1215,147,1385,317,28900,0.014,,
1579174,1632701,9788424,9,10,50904,1,1080,1920,1462,269,1603,411,20022,0.01,,
1579175,1632701,9788424,9,10,50904,2,1080,1920,389,336,559,506,28900,0.014,,
1579176,1632701,9788424,9,10,50904,3,1080,1920,320,303,438,421,13924,0.007,,
1579177,1632701,9788424,9,10,50928,0,1080,1920,1078,132,1323,376,59780,0.029,,
1579178,1632701,9788424,9,10,50928,1,1080,1920,905,284,1075,454,28900,0.014,,
1579179,1632701,9788424,9,10,50928,2,1080,1920,599,223,803,427,41616,0.02,,
1579180,1632701,9788424,9,10,50952,0,1080,1920,1078,132,1323,376,59780,0.029,,
1579181,1632701,9788424,9,10,50952,1,1080,1920,905,267,1075,437,28900,0.014,,
1579182,1632701,9788424,9,10,50952,2,1080,1920,682,223,885,427,41412,0.02,,
1579183,1632701,9788424,9,10,50976,0,1080,1920,1029,156,1273,401,59780,0.029,,
1579184,1632701,9788424,9,10,50976,1,1080,1920,905,284,1075,454,28900,0.014,,
1579185,1632701,9788424,9,10,50976,2,1080,1920,640,244,844,447,41412,0.02,,
1579186,1632701,9788424,9,10,51000,0,1080,1920,1120,166,1413,459,85849,0.041,,
1579187,1632701,9788424,9,10,51000,1,1080,1920,888,284,1058,454,28900,0.014,,
1579188,1632701,9788424,9,10,51000,2,1080,1920,599,264,803,468,41616,0.02,,
1579189,1632701,9788424,9,10,51024,0,1080,1920,871,284,1041,454,28900,0.014,,
1579190,1632701,9788424,9,10,51024,1,1080,1920,1326,206,1571,450,59780,0.029,,
1579191,1632701,9788424,9,10,51024,2,1080,1920,633,231,877,475,59536,0.029,,
1579192,1632701,9788424,9,10,51048,0,1080,1920,435,255,679,500,59780,0.029,,
1579193,1632701,9788424,9,10,51048,1,1080,1920,1389,101,1741,453,123904,0.06,,
1579194,1632701,9788424,9,10,51048,2,1080,1920,847,244,1051,447,41412,0.02,,
1579195,1632701,9788424,9,10,51072,0,1080,1920,847,182,1051,385,41412,0.02,,
1579196,1632701,9788424,9,10,51096,0,1080,1920,1261,357,1300,397,1560,0.001,,
1579197,1632701,9788424,9,10,51096,1,1080,1920,789,353,828,393,1560,0.001,,
1579198,1632701,9788424,9,10,51096,2,1080,1920,923,312,970,359,2209,0.001,,
1579199,1632701,9788424,9,10,51096,3,1080,1920,360,195,442,277,6724,0.003,,
1579200,1632701,9788424,9,10,51096,4,1080,1920,678,340,725,388,2256,0.001,,
1579201,1632701,9788424,9,10,51120,0,1080,1920,985,321,1032,369,2256,0.001,,
1579202,1632701,9788424,9,10,51120,1,1080,1920,1297,369,1336,409,1560,0.001,,
1579203,1632701,9788424,9,10,51120,2,1080,1920,360,204,442,286,6724,0.003,,
1579204,1632701,9788424,9,10,51144,0,1080,1920,1333,369,1372,409,1560,0.001,,
1579205,1632701,9788424,9,10,51144,1,1080,1920,1109,401,1148,441,1560,0.001,,
1579206,1632701,9788424,9,10,51168,0,1080,1920,1193,373,1232,413,1560,0.001,,
1579207,1632701,9788424,9,10,51192,0,1080,1920,1237,401,1276,441,1560,0.001,,
1579208,1632701,9788424,9,10,51216,0,1080,1920,220,367,277,424,3249,0.002,,
1579209,1632701,9788424,9,10,51240,0,1080,1920,1013,267,1131,385,13924,0.007,,
1579210,1632701,9788424,9,10,51240,1,1080,1920,288,307,386,405,9604,0.005,,
1579211,1632701,9788424,9,10,51240,2,1080,1920,544,398,686,540,20164,0.01,,
1579212,1632701,9788424,9,10,51240,3,1080,1920,1591,341,1732,482,19881,0.01,,
1579213,1632701,9788424,9,10,51240,4,1080,1920,1811,357,1909,455,9604,0.005,,
1579214,1632701,9788424,9,10,51264,0,1080,1920,1419,303,1537,421,13924,0.007,,
1579215,1632701,9788424,9,10,51264,1,1080,1920,1728,353,1810,435,6724,0.003,,
1579216,1632701,9788424,9,10,51264,2,1080,1920,348,307,446,405,9604,0.005,,
1579217,1632701,9788424,9,10,51264,3,1080,1920,888,255,1030,396,20022,0.01,,
1579218,1632701,9788424,9,10,51264,4,1080,1920,587,369,729,511,20164,0.01,,
1579219,1632701,9788424,9,10,51264,5,1080,1920,0,405,146,575,24820,0.012,,
1579220,1632701,9788424,9,10,51288,0,1080,1920,1348,327,1466,445,13924,0.007,,
1579221,1632701,9788424,9,10,51288,1,1080,1920,1645,345,1727,427,6724,0.003,,
1579222,1632701,9788424,9,10,51288,2,1080,1920,348,307,446,405,9604,0.005,,
1579223,1632701,9788424,9,10,51288,3,1080,1920,885,267,983,366,9702,0.005,,
1579224,1632701,9788424,9,10,51288,4,1080,1920,1802,267,1919,385,13806,0.007,,
1579225,1632701,9788424,9,10,51288,5,1080,1920,530,369,672,511,20164,0.01,,
1579226,1632701,9788424,9,10,51312,0,1080,1920,1336,315,1454,433,13924,0.007,,
1579227,1632701,9788424,9,10,51312,1,1080,1920,1529,345,1611,427,6724,0.003,,
1579228,1632701,9788424,9,10,51312,2,1080,1920,1691,287,1790,385,9702,0.005,,
1579229,1632701,9788424,9,10,51312,3,1080,1920,385,303,467,385,6724,0.003,,
1579230,1632701,9788424,9,10,51312,4,1080,1920,925,277,1023,375,9604,0.005,,
1579231,1632701,9788424,9,10,51312,5,1080,1920,602,369,743,511,20022,0.01,,
1579232,1632701,9788424,9,10,51336,0,1080,1920,1417,460,1464,508,2256,0.001,,
1579233,1632701,9788424,9,10,51336,1,1080,1920,1479,412,1527,460,2304,0.001,,
1579234,1632701,9788424,9,10,51576,0,1080,1920,1511,286,1568,343,3249,0.002,,
1579235,1632701,9788424,9,10,51576,1,1080,1920,1460,230,1508,277,2256,0.001,,
1579236,1632701,9788424,9,10,51576,2,1080,1920,1782,273,1829,321,2256,0.001,,
1579237,1632701,9788424,9,10,51576,3,1080,1920,1154,194,1210,251,3192,0.002,,
1579238,1632701,9788424,9,10,51576,4,1080,1920,1403,187,1450,234,2209,0.001,,
1579239,1632701,9788424,9,10,51576,5,1080,1920,532,269,588,326,3192,0.002,,
1579240,1632701,9788424,9,10,51576,6,1080,1920,694,318,762,386,4624,0.002,,
1579241,1632701,9788424,9,10,51576,7,1080,1920,1813,311,1882,380,4761,0.002,,
1579242,1632701,9788424,9,10,51576,8,1080,1920,611,268,658,316,2256,0.001,,
1579243,1632701,9788424,9,10,51576,9,1080,1920,820,223,876,280,3192,0.002,,
1579244,1632701,9788424,9,10,51576,10,1080,1920,1609,327,1666,384,3249,0.002,,
1579245,1632701,9788424,9,10,51576,11,1080,1920,995,225,1042,273,2256,0.001,,
1579246,1632701,9788424,9,10,51576,12,1080,1920,1585,173,1632,220,2209,0.001,,
1579247,1632701,9788424,9,10,51576,13,1080,1920,140,275,197,332,3249,0.002,,
1579248,1632701,9788424,9,10,51576,14,1080,1920,1252,229,1308,286,3192,0.002,,
1579249,1632701,9788424,9,10,51576,15,1080,1920,717,213,756,253,1560,0.001,,
1579250,1632701,9788424,9,10,51576,16,1080,1920,393,258,450,315,3249,0.002,,
1579251,1632701,9788424,9,10,51576,17,1080,1920,1233,394,1301,462,4624,0.002,,
1579252,1632701,9788424,9,10,51576,18,1080,1920,189,235,257,303,4624,0.002,,
1579253,1632701,9788424,9,10,51576,19,1080,1920,663,240,711,287,2256,0.001,,
1579254,1632701,9788424,9,10,51576,20,1080,1920,468,223,525,280,3249,0.002,,
1579255,1632701,9788424,9,10,51576,21,1080,1920,16,242,84,310,4624,0.002,,
1579256,1632701,9788424,9,10,51576,22,1080,1920,713,141,752,181,1560,0.001,,
1579257,1632701,9788424,9,10,51576,23,1080,1920,915,337,1013,435,9604,0.005,,
1579258,1632701,9788424,9,10,51576,24,1080,1920,1115,206,1162,254,2256,0.001,,
1579259,1632701,9788424,9,10,51576,25,1080,1920,246,254,293,301,2209,0.001,,
1579260,1632701,9788424,9,10,51576,26,1080,1920,849,336,931,418,6724,0.003,,
1579261,1632701,9788424,9,10,51600,0,1080,1920,1403,177,1450,225,2256,0.001,,
1579262,1632701,9788424,9,10,51600,1,1080,1920,1511,281,1568,338,3249,0.002,,
1579263,1632701,9788424,9,10,51600,2,1080,1920,1460,221,1508,268,2256,0.001,,
1579264,1632701,9788424,9,10,51600,3,1080,1920,808,217,865,274,3249,0.002,,
1579265,1632701,9788424,9,10,51600,4,1080,1920,673,311,741,380,4692,0.002,,
1579266,1632701,9788424,9,10,51600,5,1080,1920,1165,183,1222,240,3249,0.002,,
1579267,1632701,9788424,9,10,51600,6,1080,1920,1813,304,1882,373,4761,0.002,,
1579268,1632701,9788424,9,10,51600,7,1080,1920,508,258,565,315,3249,0.002,,
1579269,1632701,9788424,9,10,51600,8,1080,1920,1787,264,1834,311,2209,0.001,,
1579270,1632701,9788424,9,10,51600,9,1080,1920,1590,163,1637,210,2209,0.001,,
1579271,1632701,9788424,9,10,51600,10,1080,1920,1596,303,1678,385,6724,0.003,,
1579272,1632701,9788424,9,10,51600,11,1080,1920,105,263,162,320,3249,0.002,,
1579273,1632701,9788424,9,10,51600,12,1080,1920,1084,297,1182,395,9604,0.005,,
1579274,1632701,9788424,9,10,51600,13,1080,1920,1240,217,1297,274,3249,0.002,,
1579275,1632701,9788424,9,10,51600,14,1080,1920,980,216,1028,263,2256,0.001,,
1579276,1632701,9788424,9,10,51600,15,1080,1920,583,258,640,315,3249,0.002,,
1579277,1632701,9788424,9,10,51600,16,1080,1920,1056,275,1113,332,3249,0.002,,
1579278,1632701,9788424,9,10,51600,17,1080,1920,161,228,230,297,4761,0.002,,
1579279,1632701,9788424,9,10,51600,18,1080,1920,370,252,427,309,3249,0.002,,
1579280,1632701,9788424,9,10,51600,19,1080,1920,1119,197,1167,244,2256,0.001,,
1579281,1632701,9788424,9,10,51600,20,1080,1920,658,223,715,280,3249,0.002,,
1579282,1632701,9788424,9,10,51600,21,1080,1920,705,205,744,245,1560,0.001,,
1579283,1632701,9788424,9,10,51624,0,1080,1920,1451,211,1498,258,2209,0.001,,
1579284,1632701,9788424,9,10,51624,1,1080,1920,134,221,202,290,4692,0.002,,
1579285,1632701,9788424,9,10,51624,2,1080,1920,776,201,845,269,4692,0.002,,
1579286,1632701,9788424,9,10,51624,3,1080,1920,1493,275,1550,332,3249,0.002,,
1579287,1632701,9788424,9,10,51624,4,1080,1920,1131,183,1187,240,3192,0.002,,
1579288,1632701,9788424,9,10,51624,5,1080,1920,1795,295,1877,377,6724,0.003,,
1579289,1632701,9788424,9,10,51624,6,1080,1920,659,311,727,380,4692,0.002,,
1579290,1632701,9788424,9,10,51624,7,1080,1920,1134,287,1232,385,9604,0.005,,
1579291,1632701,9788424,9,10,51624,8,1080,1920,1585,153,1632,201,2256,0.001,,
1579292,1632701,9788424,9,10,51624,9,1080,1920,82,263,139,320,3249,0.002,,
1579293,1632701,9788424,9,10,51624,10,1080,1920,961,211,1008,258,2209,0.001,,
1579294,1632701,9788424,9,10,51624,11,1080,1920,480,246,537,303,3249,0.002,,
1579295,1632701,9788424,9,10,51624,12,1080,1920,1585,311,1653,380,4692,0.002,,
1579296,1632701,9788424,9,10,51624,13,1080,1920,1383,173,1431,220,2256,0.001,,
1579297,1632701,9788424,9,10,51624,14,1080,1920,1412,304,1481,373,4761,0.002,,
1579298,1632701,9788424,9,10,51624,15,1080,1920,1776,252,1833,309,3249,0.002,,
1579299,1632701,9788424,9,10,51624,16,1080,1920,560,252,617,309,3249,0.002,,
1579300,1632701,9788424,9,10,51624,17,1080,1920,336,246,393,303,3249,0.002,,
1579301,1632701,9788424,9,10,51624,18,1080,1920,697,201,736,241,1560,0.001,,
1579302,1632701,9788424,9,10,51624,19,1080,1920,624,223,681,280,3249,0.002,,
1579303,1632701,9788424,9,10,51624,20,1080,1920,1091,197,1138,244,2209,0.001,,
1579304,1632701,9788424,9,10,51624,21,1080,1920,689,109,728,149,1560,0.001,,
1579305,1632701,9788424,9,10,51648,0,1080,1920,1027,263,1084,320,3249,0.002,,
1579306,1632701,9788424,9,10,51648,1,1080,1920,1431,201,1479,249,2304,0.001,,
1579307,1632701,9788424,9,10,51648,2,1080,1920,106,215,174,283,4624,0.002,,
1579308,1632701,9788424,9,10,51648,3,1080,1920,763,194,831,262,4624,0.002,,
1579309,1632701,9788424,9,10,51648,4,1080,1920,1488,263,1545,320,3249,0.002,,
1579310,1632701,9788424,9,10,51648,5,1080,1920,1585,149,1632,196,2209,0.001,,
1579311,1632701,9788424,9,10,51648,6,1080,1920,631,304,700,373,4761,0.002,,
1579312,1632701,9788424,9,10,51648,7,1080,1920,382,206,439,263,3249,0.002,,
1579313,1632701,9788424,9,10,51648,8,1080,1920,951,206,999,254,2304,0.001,,
1579314,1632701,9788424,9,10,51648,9,1080,1920,677,193,716,233,1560,0.001,,
1579315,1632701,9788424,9,10,51648,10,1080,1920,1396,310,1452,366,3136,0.002,,
1579316,1632701,9788424,9,10,51648,11,1080,1920,53,252,110,309,3249,0.002,,
1579317,1632701,9788424,9,10,51648,12,1080,1920,1136,171,1193,228,3249,0.002,,
1579318,1632701,9788424,9,10,51648,13,1080,1920,1579,295,1661,377,6724,0.003,,
1579319,1632701,9788424,9,10,51648,14,1080,1920,543,240,600,297,3249,0.002,,
1579320,1632701,9788424,9,10,51648,15,1080,1920,451,240,508,297,3249,0.002,,
1579321,1632701,9788424,9,10,51648,16,1080,1920,1806,291,1875,359,4692,0.002,,
1579322,1632701,9788424,9,10,51648,17,1080,1920,1228,384,1285,441,3249,0.002,,
1579323,1632701,9788424,9,10,51648,18,1080,1920,1188,229,1245,286,3249,0.002,,
1579324,1632701,9788424,9,10,51648,19,1080,1920,970,304,1038,373,4692,0.002,,
1579325,1632701,9788424,9,10,51648,20,1080,1920,313,228,382,297,4761,0.002,,
1579326,1632701,9788424,9,10,51648,21,1080,1920,1378,160,1435,217,3249,0.002,,
1579327,1632701,9788424,9,10,51648,22,1080,1920,1095,187,1143,234,2256,0.001,,
1579328,1632701,9788424,9,10,51648,23,1080,1920,1781,246,1838,303,3249,0.002,,
1579329,1632701,9788424,9,10,51648,24,1080,1920,815,287,914,385,9702,0.005,,
1579330,1632701,9788424,9,10,51648,25,1080,1920,669,101,708,141,1560,0.001,,
1579331,1632701,9788424,9,10,51648,26,1080,1920,587,216,634,263,2209,0.001,,
1579332,1632701,9788424,9,10,51672,0,1080,1920,1004,258,1061,315,3249,0.002,,
1579333,1632701,9788424,9,10,51672,1,1080,1920,1131,166,1187,222,3136,0.002,,
1579334,1632701,9788424,9,10,51672,2,1080,1920,1419,194,1475,251,3192,0.002,,
1579335,1632701,9788424,9,10,51672,3,1080,1920,763,187,831,255,4624,0.002,,
1579336,1632701,9788424,9,10,51672,4,1080,1920,1463,245,1545,327,6724,0.003,,
1579337,1632701,9788424,9,10,51672,5,1080,1920,1198,370,1279,452,6642,0.003,,
1579338,1632701,9788424,9,10,51672,6,1080,1920,1803,278,1885,360,6724,0.003,,
1579339,1632701,9788424,9,10,51672,7,1080,1920,611,297,679,366,4692,0.002,,
1579340,1632701,9788424,9,10,51672,8,1080,1920,286,221,354,290,4692,0.002,,
1579341,1632701,9788424,9,10,51672,9,1080,1920,1587,287,1669,369,6724,0.003,,
1579342,1632701,9788424,9,10,51672,10,1080,1920,526,235,583,292,3249,0.002,,
1579343,1632701,9788424,9,10,51672,11,1080,1920,25,246,82,303,3249,0.002,,
1579344,1632701,9788424,9,10,51672,12,1080,1920,947,201,994,249,2256,0.001,,
1579345,1632701,9788424,9,10,51672,13,1080,1920,942,304,1011,373,4761,0.002,,
1579346,1632701,9788424,9,10,51672,14,1080,1920,1194,194,1251,251,3249,0.002,,
1579347,1632701,9788424,9,10,51672,15,1080,1920,661,181,700,221,1560,0.001,,
1579348,1632701,9788424,9,10,51672,16,1080,1920,426,220,508,302,6724,0.003,,
1579349,1632701,9788424,9,10,51672,17,1080,1920,1586,137,1642,194,3192,0.002,,
1579350,1632701,9788424,9,10,51672,18,1080,1920,78,208,147,276,4692,0.002,,
1579351,1632701,9788424,9,10,51672,19,1080,1920,1388,153,1436,201,2304,0.001,,
1579352,1632701,9788424,9,10,51672,20,1080,1920,595,200,652,257,3249,0.002,,
1579353,1632701,9788424,9,10,51672,21,1080,1920,1787,240,1844,297,3249,0.002,,
1579354,1632701,9788424,9,10,51672,22,1080,1920,649,91,696,138,2209,0.001,,
1579355,1632701,9788424,9,10,51672,23,1080,1920,327,194,395,262,4624,0.002,,
1579356,1632701,9788424,9,10,51696,0,1080,1920,998,246,1055,303,3249,0.002,,
1579357,1632701,9788424,9,10,51696,1,1080,1920,1419,189,1475,245,3136,0.002,,
1579358,1632701,9788424,9,10,51696,2,1080,1920,756,180,824,248,4624,0.002,,
1579359,1632701,9788424,9,10,51696,3,1080,1920,1475,242,1543,310,4624,0.002,,
1579360,1632701,9788424,9,10,51696,4,1080,1920,1122,152,1190,221,4692,0.002,,
1579361,1632701,9788424,9,10,51696,5,1080,1920,1212,180,1280,248,4624,0.002,,
1579362,1632701,9788424,9,10,51696,6,1080,1920,1820,270,1888,338,4624,0.002,,
1579363,1632701,9788424,9,10,51696,7,1080,1920,654,168,701,215,2209,0.001,,
1579364,1632701,9788424,9,10,51696,8,1080,1920,575,287,657,369,6724,0.003,,
1579365,1632701,9788424,9,10,51696,9,1080,1920,935,291,1004,359,4692,0.002,,
1579366,1632701,9788424,9,10,51696,10,1080,1920,1603,131,1660,188,3249,0.002,,
1579367,1632701,9788424,9,10,51696,11,1080,1920,1604,287,1686,369,6724,0.003,,
1579368,1632701,9788424,9,10,51696,12,1080,1920,0,228,64,297,4416,0.002,,
1579369,1632701,9788424,9,10,51696,13,1080,1920,1198,367,1266,435,4624,0.002,,
1579370,1632701,9788424,9,10,51696,14,1080,1920,947,192,994,239,2209,0.001,,
1579371,1632701,9788424,9,10,51696,15,1080,1920,279,215,347,283,4624,0.002,,
1579372,1632701,9788424,9,10,51696,16,1080,1920,1384,143,1441,199,3192,0.002,,
1579373,1632701,9788424,9,10,51696,17,1080,1920,65,201,133,269,4624,0.002,,
1579374,1632701,9788424,9,10,51696,18,1080,1920,403,221,471,290,4692,0.002,,
1579375,1632701,9788424,9,10,51696,19,1080,1920,644,77,692,124,2256,0.001,,
1579376,1632701,9788424,9,10,51696,20,1080,1920,595,194,652,251,3249,0.002,,
1579377,1632701,9788424,9,10,51696,21,1080,1920,1091,168,1138,215,2209,0.001,,
1579378,1632701,9788424,9,10,51696,22,1080,1920,1804,229,1861,286,3249,0.002,,
1579379,1632701,9788424,9,10,51720,0,1080,1920,790,166,859,234,4692,0.002,,
1579380,1632701,9788424,9,10,51720,1,1080,1920,1537,228,1605,297,4692,0.002,,
1579381,1632701,9788424,9,10,51720,2,1080,1920,1482,177,1539,234,3249,0.002,,
1579382,1632701,9788424,9,10,51720,3,1080,1920,438,208,506,276,4624,0.002,,
1579383,1632701,9788424,9,10,51720,4,1080,1920,990,177,1037,225,2256,0.001,,
1579384,1632701,9788424,9,10,51720,5,1080,1920,1240,360,1308,428,4624,0.002,,
1579385,1632701,9788424,9,10,51720,6,1080,1920,1465,281,1522,338,3249,0.002,,
1579386,1632701,9788424,9,10,51720,7,1080,1920,1198,138,1266,207,4692,0.002,,
1579387,1632701,9788424,9,10,51720,8,1080,1920,1267,173,1335,241,4624,0.002,,
1579388,1632701,9788424,9,10,51720,9,1080,1920,1661,277,1729,345,4624,0.002,,
1579389,1632701,9788424,9,10,51720,10,1080,1920,977,284,1045,352,4624,0.002,,
1579390,1632701,9788424,9,10,51720,11,1080,1920,1666,114,1723,171,3249,0.002,,
1579391,1632701,9788424,9,10,51720,12,1080,1920,13,217,70,274,3249,0.002,,
1579392,1632701,9788424,9,10,51720,13,1080,1920,676,277,774,375,9604,0.005,,
1579393,1632701,9788424,9,10,51720,14,1080,1920,1136,148,1193,205,3249,0.002,,
1579394,1632701,9788424,9,10,51720,15,1080,1920,293,201,361,269,4624,0.002,,
1579395,1632701,9788424,9,10,51720,16,1080,1920,85,180,154,248,4692,0.002,,
1579396,1632701,9788424,9,10,51720,17,1080,1920,687,149,735,196,2256,0.001,,
1579397,1632701,9788424,9,10,51720,18,1080,1920,1038,235,1095,292,3249,0.002,,
1579398,1632701,9788424,9,10,51720,19,1080,1920,348,180,416,248,4624,0.002,,
1579399,1632701,9788424,9,10,51720,20,1080,1920,549,217,606,274,3249,0.002,,
1579400,1632701,9788424,9,10,51720,21,1080,1920,1465,125,1522,182,3249,0.002,,
1579401,1632701,9788424,9,10,51744,0,1080,1920,1511,171,1568,228,3249,0.002,,
1579402,1632701,9788424,9,10,51744,1,1080,1920,1578,228,1647,297,4761,0.002,,
1579403,1632701,9788424,9,10,51744,2,1080,1920,459,194,527,262,4624,0.002,,
1579404,1632701,9788424,9,10,51744,3,1080,1920,818,152,886,221,4692,0.002,,
1579405,1632701,9788424,9,10,51744,4,1080,1920,1233,132,1301,200,4624,0.002,,
1579406,1632701,9788424,9,10,51744,5,1080,1920,1309,171,1366,228,3249,0.002,,
1579407,1632701,9788424,9,10,51744,6,1080,1920,658,262,740,344,6724,0.003,,
1579408,1632701,9788424,9,10,51744,7,1080,1920,578,206,634,263,3192,0.002,,
1579409,1632701,9788424,9,10,51744,8,1080,1920,1014,168,1061,215,2209,0.001,,
1579410,1632701,9788424,9,10,51744,9,1080,1920,1710,277,1778,345,4624,0.002,,
1579411,1632701,9788424,9,10,51744,10,1080,1920,1712,102,1769,159,3249,0.002,,
1579412,1632701,9788424,9,10,51744,11,1080,1920,334,194,402,262,4624,0.002,,
1579413,1632701,9788424,9,10,51744,12,1080,1920,1274,360,1342,428,4624,0.002,,
1579414,1632701,9788424,9,10,51744,13,1080,1920,30,208,98,276,4624,0.002,,
1579415,1632701,9788424,9,10,51744,14,1080,1920,1509,270,1577,338,4624,0.002,,
1579416,1632701,9788424,9,10,51744,15,1080,1920,1074,221,1142,290,4692,0.002,,
1579417,1632701,9788424,9,10,51744,16,1080,1920,94,171,176,253,6724,0.003,,
1579418,1632701,9788424,9,10,51744,17,1080,1920,635,166,692,222,3192,0.002,,
1579419,1632701,9788424,9,10,51744,18,1080,1920,773,189,830,245,3192,0.002,,
1579420,1632701,9788424,9,10,51768,0,1080,1920,1129,215,1197,283,4624,0.002,,
1579421,1632701,9788424,9,10,51768,1,1080,1920,1634,221,1702,290,4692,0.002,,
1579422,1632701,9788424,9,10,51768,2,1080,1920,1309,353,1377,421,4624,0.002,,
1579423,1632701,9788424,9,10,51768,3,1080,1920,1056,154,1113,211,3249,0.002,,
1579424,1632701,9788424,9,10,51768,4,1080,1920,1557,160,1614,217,3249,0.002,,
1579425,1632701,9788424,9,10,51768,5,1080,1920,1758,277,1826,345,4624,0.002,,
1579426,1632701,9788424,9,10,51768,6,1080,1920,611,194,679,262,4624,0.002,,
1579427,1632701,9788424,9,10,51768,7,1080,1920,479,187,548,255,4692,0.002,,
1579428,1632701,9788424,9,10,51768,8,1080,1920,1274,118,1342,186,4624,0.002,,
1579429,1632701,9788424,9,10,51768,9,1080,1920,1776,91,1833,148,3249,0.002,,
1579430,1632701,9788424,9,10,51768,10,1080,1920,1357,159,1425,227,4624,0.002,,
1579431,1632701,9788424,9,10,51768,11,1080,1920,58,201,126,269,4624,0.002,,
1579432,1632701,9788424,9,10,51768,12,1080,1920,1034,247,1133,346,9801,0.005,,
1579433,1632701,9788424,9,10,51768,13,1080,1920,835,257,934,356,9801,0.005,,
1579434,1632701,9788424,9,10,51768,14,1080,1920,348,180,416,248,4624,0.002,,
1579435,1632701,9788424,9,10,51768,15,1080,1920,1228,131,1285,188,3249,0.002,,
1579436,1632701,9788424,9,10,51768,16,1080,1920,119,154,201,236,6724,0.003,,
1579437,1632701,9788424,9,10,51768,17,1080,1920,852,145,921,214,4761,0.002,,
1579438,1632701,9788424,9,10,51768,18,1080,1920,704,154,761,211,3249,0.002,,
1579439,1632701,9788424,9,10,51768,19,1080,1920,1574,263,1631,320,3249,0.002,,
1579440,1632701,9788424,9,10,51792,0,1080,1920,1696,221,1764,290,4692,0.002,,
1579441,1632701,9788424,9,10,51792,1,1080,1920,1170,215,1239,283,4692,0.002,,
1579442,1632701,9788424,9,10,51792,2,1080,1920,479,180,548,248,4692,0.002,,
1579443,1632701,9788424,9,10,51792,3,1080,1920,99,194,167,262,4624,0.002,,
1579444,1632701,9788424,9,10,51792,4,1080,1920,1316,111,1384,179,4624,0.002,,
1579445,1632701,9788424,9,10,51792,5,1080,1920,1820,270,1902,352,6724,0.003,,
1579446,1632701,9788424,9,10,51792,6,1080,1920,1632,160,1689,217,3249,0.002,,
1579447,1632701,9788424,9,10,51792,7,1080,1920,1364,360,1432,428,4624,0.002,,
1579448,1632701,9788424,9,10,51792,8,1080,1920,1839,91,1896,148,3249,0.002,,
1579449,1632701,9788424,9,10,51792,9,1080,1920,1113,154,1170,211,3249,0.002,,
1579450,1632701,9788424,9,10,51792,10,1080,1920,858,231,976,349,13924,0.007,,
1579451,1632701,9788424,9,10,51792,11,1080,1920,1084,247,1182,346,9702,0.005,,
1579452,1632701,9788424,9,10,51792,12,1080,1920,659,187,727,255,4624,0.002,,
1579453,1632701,9788424,9,10,51792,13,1080,1920,1419,152,1488,221,4761,0.002,,
1579454,1632701,9788424,9,10,51792,14,1080,1920,382,180,451,248,4692,0.002,,
1579455,1632701,9788424,9,10,51792,15,1080,1920,812,134,860,182,2304,0.001,,
1579456,1632701,9788424,9,10,51792,16,1080,1920,152,154,234,236,6724,0.003,,
1579457,1632701,9788424,9,10,51792,17,1080,1920,750,154,807,211,3249,0.002,,
1579458,1632701,9788424,9,10,51792,18,1080,1920,215,166,272,222,3192,0.002,,
1579459,1632701,9788424,9,10,51816,0,1080,1920,1440,353,1508,421,4624,0.002,,
1579460,1632701,9788424,9,10,51816,1,1080,1920,569,180,637,248,4624,0.002,,
1579461,1632701,9788424,9,10,51816,2,1080,1920,1772,215,1840,283,4624,0.002,,
1579462,1632701,9788424,9,10,51816,3,1080,1920,746,198,844,296,9604,0.005,,
1579463,1632701,9788424,9,10,51816,4,1080,1920,991,132,1059,200,4624,0.002,,
1579464,1632701,9788424,9,10,51816,5,1080,1920,1481,152,1550,221,4761,0.002,,
1579465,1632701,9788424,9,10,51816,6,1080,1920,1182,148,1239,205,3249,0.002,,
1579466,1632701,9788424,9,10,51816,7,1080,1920,147,194,216,262,4692,0.002,,
1579467,1632701,9788424,9,10,51816,8,1080,1920,1156,262,1238,344,6724,0.003,,
1579468,1632701,9788424,9,10,51816,9,1080,1920,860,125,908,172,2256,0.001,,
1579469,1632701,9788424,9,10,51816,10,1080,1920,1233,215,1301,283,4624,0.002,,
1579470,1632701,9788424,9,10,51816,11,1080,1920,1385,111,1453,179,4624,0.002,,
1579471,1632701,9788424,9,10,51816,12,1080,1920,1689,256,1757,324,4624,0.002,,
1579472,1632701,9788424,9,10,51816,13,1080,1920,1703,152,1771,221,4692,0.002,,
1579473,1632701,9788424,9,10,51816,14,1080,1920,211,137,292,219,6642,0.003,,
1579474,1632701,9788424,9,10,51816,15,1080,1920,452,173,520,241,4624,0.002,,
1579475,1632701,9788424,9,10,51816,16,1080,1920,45,146,127,228,6724,0.003,,
1579476,1632701,9788424,9,10,51840,0,1080,1920,444,240,586,382,20164,0.01,,
1579477,1632701,9788424,9,10,51840,1,1080,1920,657,255,902,500,60025,0.029,,
1579478,1632701,9788424,9,10,51840,2,1080,1920,100,97,242,239,20164,0.01,,
1579479,1632701,9788424,9,10,51840,3,1080,1920,922,353,1092,523,28900,0.014,,
1579480,1632701,9788424,9,10,51840,4,1080,1920,1232,111,1374,253,20164,0.01,,
1579481,1632701,9788424,9,10,51864,0,1080,1920,234,233,404,403,28900,0.014,,
1579482,1632701,9788424,9,10,51864,1,1080,1920,527,164,697,334,28900,0.014,,
1579483,1632701,9788424,9,10,51864,2,1080,1920,1421,302,1591,471,28730,0.014,,
1579484,1632701,9788424,9,10,51864,3,1080,1920,1060,97,1202,239,20164,0.01,,
1579485,1632701,9788424,9,10,51888,0,1080,1920,1094,264,1298,468,41616,0.02,,
1579486,1632701,9788424,9,10,51888,1,1080,1920,1691,140,1833,282,20164,0.01,,
1579487,1632701,9788424,9,10,51912,0,1080,1920,888,264,1092,468,41616,0.02,,
1579488,1632701,9788424,9,10,51912,1,1080,1920,372,285,576,489,41616,0.02,,
1579489,1632701,9788424,9,10,51912,2,1080,1920,1591,111,1732,253,20022,0.01,,
1579490,1632701,9788424,9,10,51936,0,1080,1920,114,78,284,248,28900,0.014,,
1579491,1632701,9788424,9,10,51936,1,1080,1920,1662,181,1832,351,28900,0.014,,
1579492,1632701,9788424,9,10,51936,2,1080,1920,1053,326,1257,530,41616,0.02,,
1579493,1632701,9788424,9,10,51936,3,1080,1920,1562,68,1704,210,20164,0.01,,
1579494,1632701,9788424,9,10,51936,4,1080,1920,458,284,628,454,28900,0.014,,
1579495,1632701,9788424,9,10,51936,5,1080,1920,659,40,801,181,20022,0.01,,
1579496,1632701,9788424,9,10,51960,0,1080,1920,172,40,313,181,19881,0.01,,
1579497,1632701,9788424,9,10,51960,1,1080,1920,1714,112,1883,282,28730,0.014,,
1579498,1632701,9788424,9,10,51960,2,1080,1920,826,306,1030,509,41412,0.02,,
1579499,1632701,9788424,9,10,51960,3,1080,1920,458,198,628,368,28900,0.014,,
1579500,1632701,9788424,9,10,52056,0,1080,1920,1452,755,1551,853,9702,0.005,,
1579501,1632701,9788424,9,10,52080,0,1080,1920,1512,755,1610,853,9604,0.005,,
1579502,1632701,9788424,9,10,52128,0,1080,1920,109,138,207,236,9604,0.005,,
1579503,1632701,9788424,9,10,52128,1,1080,1920,1065,229,1147,311,6724,0.003,,
1579504,1632701,9788424,9,10,52128,2,1080,1920,1256,104,1338,186,6724,0.003,,
1579505,1632701,9788424,9,10,52128,3,1080,1920,1493,125,1550,182,3249,0.002,,
1579506,1632701,9788424,9,10,52128,4,1080,1920,362,166,430,234,4624,0.002,,
1579507,1632701,9788424,9,10,52128,5,1080,1920,1813,111,1882,179,4692,0.002,,
1579508,1632701,9788424,9,10,52128,6,1080,1920,991,159,1059,227,4624,0.002,,
1579509,1632701,9788424,9,10,52128,7,1080,1920,874,88,956,170,6724,0.003,,
1579510,1632701,9788424,9,10,52128,8,1080,1920,1751,327,1849,425,9604,0.005,,
1579511,1632701,9788424,9,10,52128,9,1080,1920,1442,237,1541,336,9801,0.005,,
1579512,1632701,9788424,9,10,52128,10,1080,1920,120,21,188,89,4624,0.002,,
1579513,1632701,9788424,9,10,52128,11,1080,1920,1551,194,1619,262,4624,0.002,,
1579514,1632701,9788424,9,10,52128,12,1080,1920,726,227,824,326,9702,0.005,,
1579515,1632701,9788424,9,10,52128,13,1080,1920,1695,79,1777,161,6724,0.003,,
1579516,1632701,9788424,9,10,52128,14,1080,1920,451,113,533,194,6642,0.003,,
1579517,1632701,9788424,9,10,52128,15,1080,1920,1074,118,1142,186,4624,0.002,,
1579518,1632701,9788424,9,10,52152,0,1080,1920,89,128,187,226,9604,0.005,,
1579519,1632701,9788424,9,10,52152,1,1080,1920,1253,98,1352,196,9702,0.005,,
1579520,1632701,9788424,9,10,52152,2,1080,1920,1511,125,1568,182,3249,0.002,,
1579521,1632701,9788424,9,10,52152,3,1080,1920,355,159,423,227,4624,0.002,,
1579522,1632701,9788424,9,10,52152,4,1080,1920,1786,336,1868,418,6724,0.003,,
1579523,1632701,9788424,9,10,52152,5,1080,1920,880,104,948,172,4624,0.002,,
1579524,1632701,9788424,9,10,52152,6,1080,1920,1443,231,1561,349,13924,0.007,,
1579525,1632701,9788424,9,10,52152,7,1080,1920,1073,237,1155,319,6724,0.003,,
1579526,1632701,9788424,9,10,52152,8,1080,1920,858,219,976,337,13924,0.007,,
1579527,1632701,9788424,9,10,52152,9,1080,1920,1558,194,1626,262,4624,0.002,,
1579528,1632701,9788424,9,10,52152,10,1080,1920,675,137,757,219,6724,0.003,,
1579529,1632701,9788424,9,10,52152,11,1080,1920,1165,85,1222,142,3249,0.002,,
1579530,1632701,9788424,9,10,52152,12,1080,1920,1811,113,1893,194,6642,0.003,,
1579531,1632701,9788424,9,10,52152,13,1080,1920,113,21,181,89,4624,0.002,,
1579532,1632701,9788424,9,10,52152,14,1080,1920,443,113,525,194,6642,0.003,,
1579533,1632701,9788424,9,10,52152,15,1080,1920,1728,79,1810,161,6724,0.003,,
1579534,1632701,9788424,9,10,52152,16,1080,1920,1067,118,1135,186,4624,0.002,,
1579535,1632701,9788424,9,10,52176,0,1080,1920,1073,237,1155,319,6724,0.003,,
1579536,1632701,9788424,9,10,52176,1,1080,1920,79,128,177,226,9604,0.005,,
1579537,1632701,9788424,9,10,52176,2,1080,1920,1289,104,1371,186,6724,0.003,,
1579538,1632701,9788424,9,10,52176,3,1080,1920,1820,353,1902,435,6724,0.003,,
1579539,1632701,9788424,9,10,52176,4,1080,1920,1528,125,1585,182,3249,0.002,,
1579540,1632701,9788424,9,10,52176,5,1080,1920,343,162,425,244,6724,0.003,,
1579541,1632701,9788424,9,10,52176,6,1080,1920,1462,247,1561,346,9801,0.005,,
1579542,1632701,9788424,9,10,52176,7,1080,1920,1005,166,1073,234,4624,0.002,,
1579543,1632701,9788424,9,10,52176,8,1080,1920,113,21,181,89,4624,0.002,,
1579544,1632701,9788424,9,10,52176,9,1080,1920,1571,201,1640,269,4692,0.002,,
1579545,1632701,9788424,9,10,52176,10,1080,1920,1159,91,1216,148,3249,0.002,,
1579546,1632701,9788424,9,10,52176,11,1080,1920,692,137,774,219,6724,0.003,,
1579547,1632701,9788424,9,10,52176,12,1080,1920,1753,79,1835,161,6724,0.003,,
1579548,1632701,9788424,9,10,52176,13,1080,1920,1828,113,1910,194,6642,0.003,,
1579549,1632701,9788424,9,10,52176,14,1080,1920,211,113,292,194,6561,0.003,,
1579550,1632701,9788424,9,10,52176,15,1080,1920,880,118,948,186,4624,0.002,,
1579551,1632701,9788424,9,10,52176,16,1080,1920,434,113,516,194,6642,0.003,,
1579552,1632701,9788424,9,10,52176,17,1080,1920,799,146,881,228,6724,0.003,,
1579553,1632701,9788424,9,10,52200,0,1080,1920,1256,104,1338,186,6724,0.003,,
1579554,1632701,9788424,9,10,52200,1,1080,1920,49,138,147,236,9604,0.005,,
1579555,1632701,9788424,9,10,52200,2,1080,1920,1516,118,1584,186,4624,0.002,,
1579556,1632701,9788424,9,10,52200,3,1080,1920,858,104,939,186,6642,0.003,,
1579557,1632701,9788424,9,10,52200,4,1080,1920,310,162,392,244,6724,0.003,,
1579558,1632701,9788424,9,10,52200,5,1080,1920,1443,231,1561,349,13924,0.007,,
1579559,1632701,9788424,9,10,52200,6,1080,1920,1811,361,1893,443,6724,0.003,,
1579560,1632701,9788424,9,10,52200,7,1080,1920,78,21,147,89,4692,0.002,,
1579561,1632701,9788424,9,10,52200,8,1080,1920,1165,91,1222,148,3249,0.002,,
1579562,1632701,9788424,9,10,52200,9,1080,1920,1704,71,1785,153,6642,0.003,,
1579563,1632701,9788424,9,10,52200,10,1080,1920,1563,195,1644,277,6642,0.003,,
1579564,1632701,9788424,9,10,52200,11,1080,1920,667,146,749,228,6724,0.003,,
1579565,1632701,9788424,9,10,52200,12,1080,1920,493,125,561,193,4624,0.002,,
1579566,1632701,9788424,9,10,52200,13,1080,1920,1836,113,1918,194,6642,0.003,,
1579567,1632701,9788424,9,10,52200,14,1080,1920,418,113,500,194,6642,0.003,,
1579568,1632701,9788424,9,10,52200,15,1080,1920,1067,125,1135,193,4624,0.002,,
1579569,1632701,9788424,9,10,52224,0,1080,1920,9,148,107,246,9604,0.005,,
1579570,1632701,9788424,9,10,52224,1,1080,1920,1247,104,1329,186,6724,0.003,,
1579571,1632701,9788424,9,10,52224,2,1080,1920,841,113,923,194,6642,0.003,,
1579572,1632701,9788424,9,10,52224,3,1080,1920,1034,237,1133,336,9801,0.005,,
1579573,1632701,9788424,9,10,52224,4,1080,1920,1431,231,1549,349,13924,0.007,,
1579574,1632701,9788424,9,10,52224,5,1080,1920,285,171,367,253,6724,0.003,,
1579575,1632701,9788424,9,10,52224,6,1080,1920,1803,370,1885,452,6724,0.003,,
1579576,1632701,9788424,9,10,52224,7,1080,1920,1502,125,1570,193,4624,0.002,,
1579577,1632701,9788424,9,10,52224,8,1080,1920,1662,79,1744,161,6724,0.003,,
1579578,1632701,9788424,9,10,52224,9,1080,1920,1563,204,1644,286,6642,0.003,,
1579579,1632701,9788424,9,10,52224,10,1080,1920,977,166,1045,234,4624,0.002,,
1579580,1632701,9788424,9,10,52224,11,1080,1920,1828,121,1910,203,6724,0.003,,
1579581,1632701,9788424,9,10,52224,12,1080,1920,472,132,541,200,4692,0.002,,
1579582,1632701,9788424,9,10,52224,13,1080,1920,58,21,126,89,4624,0.002,,
1579583,1632701,9788424,9,10,52224,14,1080,1920,1067,132,1135,200,4624,0.002,,
1579584,1632701,9788424,9,10,52224,15,1080,1920,393,121,475,203,6724,0.003,,
1579585,1632701,9788424,9,10,52224,16,1080,1920,715,291,833,409,13924,0.007,,
1579586,1632701,9788424,9,10,52224,17,1080,1920,642,154,724,236,6724,0.003,,
1579587,1632701,9788424,9,10,52248,0,1080,1920,1256,104,1338,186,6724,0.003,,
1579588,1632701,9788424,9,10,52248,1,1080,1920,1057,245,1138,327,6642,0.003,,
1579589,1632701,9788424,9,10,52248,2,1080,1920,1523,118,1591,186,4624,0.002,,
1579590,1632701,9788424,9,10,52248,3,1080,1920,277,162,359,244,6724,0.003,,
1579591,1632701,9788424,9,10,52248,4,1080,1920,9,138,107,236,9604,0.005,,
1579592,1632701,9788424,9,10,52248,5,1080,1920,1803,361,1885,443,6724,0.003,,
1579593,1632701,9788424,9,10,52248,6,1080,1920,1452,227,1551,326,9801,0.005,,
1579594,1632701,9788424,9,10,52248,7,1080,1920,849,113,931,194,6642,0.003,,
1579595,1632701,9788424,9,10,52248,8,1080,1920,1579,195,1661,277,6724,0.003,,
1579596,1632701,9788424,9,10,52248,9,1080,1920,984,166,1052,234,4624,0.002,,
1579597,1632701,9788424,9,10,52248,10,1080,1920,1687,71,1769,153,6724,0.003,,
1579598,1632701,9788424,9,10,52248,11,1080,1920,465,125,534,193,4692,0.002,,
1579599,1632701,9788424,9,10,52248,12,1080,1920,1845,121,1920,203,6150,0.003,,
1579600,1632701,9788424,9,10,52248,13,1080,1920,65,21,133,89,4624,0.002,,
1579601,1632701,9788424,9,10,52248,14,1080,1920,766,277,864,375,9604,0.005,,
1579602,1632701,9788424,9,10,52248,15,1080,1920,736,148,834,246,9604,0.005,,
1579603,1632701,9788424,9,10,52248,16,1080,1920,1067,125,1135,193,4624,0.002,,
1579604,1632701,9788424,9,10,52248,17,1080,1920,385,113,467,194,6642,0.003,,
1579605,1632701,9788424,9,10,52272,0,1080,1920,1073,245,1155,327,6724,0.003,,
1579606,1632701,9788424,9,10,52272,1,1080,1920,1272,104,1354,186,6724,0.003,,
1579607,1632701,9788424,9,10,52272,2,1080,1920,1544,118,1612,186,4624,0.002,,
1579608,1632701,9788424,9,10,52272,3,1080,1920,9,138,107,236,9604,0.005,,
1579609,1632701,9788424,9,10,52272,4,1080,1920,1472,227,1571,326,9801,0.005,,
1579610,1632701,9788424,9,10,52272,5,1080,1920,866,113,948,194,6642,0.003,,
1579611,1632701,9788424,9,10,52272,6,1080,1920,277,162,359,244,6724,0.003,,
1579612,1632701,9788424,9,10,52272,7,1080,1920,815,267,914,366,9801,0.005,,
1579613,1632701,9788424,9,10,52272,8,1080,1920,1828,361,1910,443,6724,0.003,,
1579614,1632701,9788424,9,10,52272,9,1080,1920,1604,195,1686,277,6724,0.003,,
1579615,1632701,9788424,9,10,52272,10,1080,1920,1720,63,1802,145,6724,0.003,,
1579616,1632701,9788424,9,10,52272,11,1080,1920,459,113,541,194,6642,0.003,,
1579617,1632701,9788424,9,10,52272,12,1080,1920,999,162,1080,244,6642,0.003,,
1579618,1632701,9788424,9,10,52272,13,1080,1920,756,138,854,236,9604,0.005,,
1579619,1632701,9788424,9,10,52272,14,1080,1920,393,113,475,194,6642,0.003,,
1579620,1632701,9788424,9,10,52272,15,1080,1920,71,14,140,82,4692,0.002,,
1579621,1632701,9788424,9,10,52272,16,1080,1920,1119,85,1176,142,3249,0.002,,
1579622,1632701,9788424,9,10,52296,0,1080,1920,1073,254,1155,335,6642,0.003,,
1579623,1632701,9788424,9,10,52296,1,1080,1920,1558,118,1626,186,4624,0.002,,
1579624,1632701,9788424,9,10,52296,2,1080,1920,691,255,809,373,13924,0.007,,
1579625,1632701,9788424,9,10,52296,3,1080,1920,874,113,956,194,6642,0.003,,
1579626,1632701,9788424,9,10,52296,4,1080,1920,1482,237,1581,336,9801,0.005,,
1579627,1632701,9788424,9,10,52296,5,1080,1920,277,162,359,244,6724,0.003,,
1579628,1632701,9788424,9,10,52296,6,1080,1920,1272,104,1354,186,6724,0.003,,
1579629,1632701,9788424,9,10,52296,7,1080,1920,1836,370,1918,452,6724,0.003,,
1579630,1632701,9788424,9,10,52296,8,1080,1920,1621,204,1702,286,6642,0.003,,
1579631,1632701,9788424,9,10,52296,9,1080,1920,0,138,98,236,9604,0.005,,
1579632,1632701,9788424,9,10,52296,10,1080,1920,1721,58,1819,157,9702,0.005,,
1579633,1632701,9788424,9,10,52296,11,1080,1920,459,113,541,194,6642,0.003,,
1579634,1632701,9788424,9,10,52296,12,1080,1920,1188,85,1245,142,3249,0.002,,
1579635,1632701,9788424,9,10,52296,13,1080,1920,999,162,1080,244,6642,0.003,,
1579636,1632701,9788424,9,10,52296,14,1080,1920,766,148,864,246,9604,0.005,,
1579637,1632701,9788424,9,10,52296,15,1080,1920,1081,125,1149,193,4624,0.002,,
1579638,1632701,9788424,9,10,52296,16,1080,1920,377,108,476,206,9702,0.005,,
1579639,1632701,9788424,9,10,52320,0,1080,1920,1106,254,1188,335,6642,0.003,,
1579640,1632701,9788424,9,10,52320,1,1080,1920,1599,118,1667,186,4624,0.002,,
1579641,1632701,9788424,9,10,52320,2,1080,1920,285,162,367,244,6724,0.003,,
1579642,1632701,9788424,9,10,52320,3,1080,1920,1303,98,1401,196,9604,0.005,,
1579643,1632701,9788424,9,10,52320,4,1080,1920,1532,247,1630,346,9702,0.005,,
1579644,1632701,9788424,9,10,52320,5,1080,1920,846,243,964,361,13924,0.007,,
1579645,1632701,9788424,9,10,52320,6,1080,1920,0,136,116,254,13688,0.007,,
1579646,1632701,9788424,9,10,52320,7,1080,1920,1662,204,1744,286,6724,0.003,,
1579647,1632701,9788424,9,10,52320,8,1080,1920,1762,71,1844,153,6724,0.003,,
1579648,1632701,9788424,9,10,52320,9,1080,1920,1226,83,1294,151,4624,0.002,,
1579649,1632701,9788424,9,10,52320,10,1080,1920,656,148,754,246,9604,0.005,,
1579650,1632701,9788424,9,10,52320,11,1080,1920,907,113,989,194,6642,0.003,,
1579651,1632701,9788424,9,10,52320,12,1080,1920,468,121,550,203,6724,0.003,,
1579652,1632701,9788424,9,10,52320,13,1080,1920,397,108,496,206,9702,0.005,,
1579653,1632701,9788424,9,10,52320,14,1080,1920,1150,125,1218,193,4624,0.002,,
1579654,1632701,9788424,9,10,52344,0,1080,1920,855,168,954,266,9702,0.005,,
1579655,1632701,9788424,9,10,52344,1,1080,1920,1353,108,1451,206,9604,0.005,,
1579656,1632701,9788424,9,10,52344,2,1080,1920,1154,257,1252,356,9702,0.005,,
1579657,1632701,9788424,9,10,52344,3,1080,1920,318,179,400,261,6724,0.003,,
1579658,1632701,9788424,9,10,52344,4,1080,1920,1654,132,1723,200,4692,0.002,,
1579659,1632701,9788424,9,10,52344,5,1080,1920,1598,255,1716,373,13924,0.007,,
1579660,1632701,9788424,9,10,52344,6,1080,1920,22,148,140,266,13924,0.007,,
1579661,1632701,9788424,9,10,52344,7,1080,1920,940,129,1022,211,6724,0.003,,
1579662,1632701,9788424,9,10,52344,8,1080,1920,686,158,784,256,9604,0.005,,
1579663,1632701,9788424,9,10,52344,9,1080,1920,501,129,583,211,6724,0.003,,
1579664,1632701,9788424,9,10,52344,10,1080,1920,1820,79,1902,161,6724,0.003,,
1579665,1632701,9788424,9,10,52344,11,1080,1920,1720,220,1802,302,6724,0.003,,
1579666,1632701,9788424,9,10,52344,12,1080,1920,427,118,526,216,9702,0.005,,
1579667,1632701,9788424,9,10,52344,13,1080,1920,1226,90,1294,158,4624,0.002,,
1579668,1632701,9788424,9,10,52344,14,1080,1920,1170,132,1239,200,4692,0.002,,
1579669,1632701,9788424,9,10,52368,0,1080,1920,49,518,96,566,2256,0.001,,
1579670,1632701,9788424,9,10,52368,1,1080,1920,1509,381,1548,421,1560,0.001,,
1579671,1632701,9788424,9,10,52368,2,1080,1920,1585,451,1632,498,2209,0.001,,
1579672,1632701,9788424,9,10,52392,0,1080,1920,36,505,93,562,3249,0.002,,
1579673,1632701,9788424,9,10,52392,1,1080,1920,1517,377,1556,417,1560,0.001,,
1579674,1632701,9788424,9,10,52392,2,1080,1920,1595,446,1642,493,2209,0.001,,
1579675,1632701,9788424,9,10,52392,3,1080,1920,421,397,460,437,1560,0.001,,
1579676,1632701,9788424,9,10,52392,4,1080,1920,71,459,128,516,3249,0.002,,
1579677,1632701,9788424,9,10,52416,0,1080,1920,36,500,93,556,3192,0.002,,
1579678,1632701,9788424,9,10,52416,1,1080,1920,1599,441,1647,489,2304,0.001,,
1579679,1632701,9788424,9,10,52416,2,1080,1920,421,389,460,429,1560,0.001,,
1579680,1632701,9788424,9,10,52416,3,1080,1920,1525,369,1564,409,1560,0.001,,
1579681,1632701,9788424,9,10,52416,4,1080,1920,1389,361,1428,401,1560,0.001,,
1579682,1632701,9788424,9,10,52440,0,1080,1920,1765,365,1804,405,1560,0.001,,
1579683,1632701,9788424,9,10,52440,1,1080,1920,1609,441,1656,489,2256,0.001,,
1579684,1632701,9788424,9,10,52440,2,1080,1920,1537,369,1576,409,1560,0.001,,
1579685,1632701,9788424,9,10,52440,3,1080,1920,42,505,99,562,3249,0.002,,
1579686,1632701,9788424,9,10,52440,4,1080,1920,1405,361,1444,401,1560,0.001,,
1579687,1632701,9788424,9,10,52440,5,1080,1920,101,409,140,449,1560,0.001,,
1579688,1632701,9788424,9,10,52464,0,1080,1920,320,112,490,282,28900,0.014,,
1579689,1632701,9788424,9,10,52464,1,1080,1920,578,61,748,231,28900,0.014,,
1579690,1632701,9788424,9,10,52464,2,1080,1920,1610,182,1814,385,41412,0.02,,
1579691,1632701,9788424,9,10,52488,0,1080,1920,200,147,370,317,28900,0.014,,
1579692,1632701,9788424,9,10,52488,1,1080,1920,492,78,662,248,28900,0.014,,
1579693,1632701,9788424,9,10,52488,2,1080,1920,702,285,906,489,41616,0.02,,
1579694,1632701,9788424,9,10,52512,0,1080,1920,183,78,353,248,28900,0.014,,
1579695,1632701,9788424,9,10,52536,0,1080,1920,679,267,797,385,13924,0.007,,
1579696,1632701,9788424,9,10,52536,1,1080,1920,158,178,257,276,9702,0.005,,
1579697,1632701,9788424,9,10,52536,2,1080,1920,1646,255,1764,373,13924,0.007,,
1579698,1632701,9788424,9,10,52536,3,1080,1920,875,108,973,206,9604,0.005,,
1579699,1632701,9788424,9,10,52536,4,1080,1920,1629,113,1711,194,6642,0.003,,
1579700,1632701,9788424,9,10,52536,5,1080,1920,776,148,874,246,9604,0.005,,
1579701,1632701,9788424,9,10,52536,6,1080,1920,985,168,1083,266,9604,0.005,,
1579702,1632701,9788424,9,10,52536,7,1080,1920,1288,100,1406,218,13924,0.007,,
1579703,1632701,9788424,9,10,52536,8,1080,1920,360,121,442,203,6724,0.003,,
1579704,1632701,9788424,9,10,52536,9,1080,1920,1821,58,1919,157,9702,0.005,,
1579705,1632701,9788424,9,10,52536,10,1080,1920,1131,113,1213,194,6642,0.003,,
1579706,1632701,9788424,9,10,52560,0,1080,1920,882,267,1000,385,13924,0.007,,
1579707,1632701,9788424,9,10,52560,1,1080,1920,1670,255,1788,373,13924,0.007,,
1579708,1632701,9788424,9,10,52560,2,1080,1920,168,168,267,266,9702,0.005,,
1579709,1632701,9788424,9,10,52560,3,1080,1920,1134,247,1232,346,9702,0.005,,
1579710,1632701,9788424,9,10,52560,4,1080,1920,1303,108,1401,206,9604,0.005,,
1579711,1632701,9788424,9,10,52560,5,1080,1920,905,108,1003,206,9604,0.005,,
1579712,1632701,9788424,9,10,52560,6,1080,1920,646,128,744,226,9604,0.005,,
1579713,1632701,9788424,9,10,52560,7,1080,1920,1645,113,1727,194,6642,0.003,,
1579714,1632701,9788424,9,10,52560,8,1080,1920,376,121,458,203,6724,0.003,,
1579715,1632701,9788424,9,10,52824,0,1080,1920,1361,83,1503,224,20022,0.01,,
1579716,1632701,9788424,9,10,52848,0,1080,1920,1215,130,1385,299,28730,0.014,,
1579717,1632701,9788424,9,10,52872,0,1080,1920,1266,267,1436,437,28900,0.014,,
1579718,1632701,9788424,9,10,52896,0,1080,1920,426,175,849,598,178929,0.086,,
1579719,1632701,9788424,9,10,52920,0,1080,1920,604,279,956,632,124256,0.06,,
1579720,1632701,9788424,9,10,53016,0,1080,1920,683,218,1105,640,178084,0.086,,
1579721,1632701,9788424,9,10,53040,0,1080,1920,783,351,1135,703,123904,0.06,,
1579722,1632701,9788424,9,10,53064,0,1080,1920,640,279,992,632,124256,0.06,,
1579723,1632701,9788424,9,10,53088,0,1080,1920,997,244,1349,596,123904,0.06,,
1579724,1632701,9788424,9,10,53112,0,1080,1920,783,279,1135,632,124256,0.06,,
1579725,1632701,9788424,9,10,53136,0,1080,1920,533,244,885,596,123904,0.06,,
1579726,1632701,9788424,9,10,53160,0,1080,1920,462,244,814,596,123904,0.06,,
1579727,1632701,9788424,9,10,53184,0,1080,1920,496,285,789,578,85849,0.041,,
1579728,1632701,9788424,9,10,53208,0,1080,1920,555,255,849,548,86142,0.042,,
1579729,1632701,9788424,9,10,53232,0,1080,1920,555,285,849,578,86142,0.042,,
1579730,1632701,9788424,9,10,53256,0,1080,1920,1277,231,1521,475,59536,0.029,,
1579731,1632701,9788424,9,10,53280,0,1080,1920,1252,231,1496,475,59536,0.029,,
1579732,1632701,9788424,9,10,53304,0,1080,1920,1252,231,1496,475,59536,0.029,,
1579733,1632701,9788424,9,10,53328,0,1080,1920,615,255,908,548,85849,0.041,,
1579734,1632701,9788424,9,10,53352,0,1080,1920,569,208,921,560,123904,0.06,,
1579735,1632701,9788424,9,10,53376,0,1080,1920,585,255,878,548,85849,0.041,,
1579736,1632701,9788424,9,10,53400,0,1080,1920,615,255,908,548,85849,0.041,,
1579737,1632701,9788424,9,10,53424,0,1080,1920,1322,179,1404,261,6724,0.003,,
1579738,1632701,9788424,9,10,53424,1,1080,1920,650,220,732,302,6724,0.003,,
1579739,1632701,9788424,9,10,53448,0,1080,1920,1322,179,1404,261,6724,0.003,,
1579740,1632701,9788424,9,10,53448,1,1080,1920,626,188,725,286,9702,0.005,,
1579741,1632701,9788424,9,10,53472,0,1080,1920,1314,187,1396,269,6724,0.003,,
1579742,1632701,9788424,9,10,53472,1,1080,1920,616,178,715,276,9702,0.005,,
1579743,1632701,9788424,9,10,53496,0,1080,1920,537,244,741,447,41412,0.02,,
1579744,1632701,9788424,9,10,53520,0,1080,1920,509,231,753,475,59536,0.029,,
1579745,1632701,9788424,9,10,53544,0,1080,1920,537,264,741,468,41616,0.02,,
1579746,1632701,9788424,9,10,53568,0,1080,1920,1387,198,1557,368,28900,0.014,,
1579747,1632701,9788424,9,10,53592,0,1080,1920,1370,198,1539,368,28730,0.014,,
1579748,1632701,9788424,9,10,53616,0,1080,1920,1352,198,1522,368,28900,0.014,,
1579749,1632701,9788424,9,10,53640,0,1080,1920,558,244,762,447,41412,0.02,,
1579750,1632701,9788424,9,10,53664,0,1080,1920,599,223,803,427,41616,0.02,,
1579751,1632701,9788424,9,10,53688,0,1080,1920,620,202,824,406,41616,0.02,,
1579752,1632701,9788424,9,10,53712,0,1080,1920,620,223,824,427,41616,0.02,,
1579753,1632701,9788424,9,10,53736,0,1080,1920,569,172,921,525,124256,0.06,,
1579754,1632701,9788424,9,10,53760,0,1080,1920,533,172,885,525,124256,0.06,,
1579755,1632701,9788424,9,10,53784,0,1080,1920,1061,136,1354,429,85849,0.041,,
1579756,1632701,9788424,9,10,53808,0,1080,1920,526,136,819,429,85849,0.041,,
1579757,1632701,9788424,9,10,53832,0,1080,1920,526,136,819,429,85849,0.041,,
1579758,1632701,9788424,9,10,53856,0,1080,1920,555,166,849,459,86142,0.042,,
1579759,1632701,9788424,9,10,53880,0,1080,1920,533,101,885,453,123904,0.06,,
1579760,1632701,9788424,9,10,53904,0,1080,1920,1211,229,1268,286,3249,0.002,,
1579761,1632701,9788424,9,10,53904,1,1080,1920,1534,229,1591,286,3249,0.002,,
1579762,1632701,9788424,9,10,53904,2,1080,1920,1347,162,1429,244,6724,0.003,,
1579763,1632701,9788424,9,10,53928,0,1080,1920,1182,217,1239,274,3249,0.002,,
1579764,1632701,9788424,9,10,53928,1,1080,1920,1347,179,1429,261,6724,0.003,,
1579765,1632701,9788424,9,10,53952,0,1080,1920,1148,200,1205,257,3249,0.002,,
1579766,1632701,9788424,9,10,53952,1,1080,1920,1280,200,1337,257,3249,0.002,,
1579767,1632701,9788424,9,10,53976,0,1080,1920,1198,180,1266,248,4624,0.002,,
1579768,1632701,9788424,9,10,53976,1,1080,1920,1053,187,1121,255,4624,0.002,,
1579769,1632701,9788424,9,10,53976,2,1080,1920,1554,195,1636,277,6724,0.003,,
1579770,1632701,9788424,9,10,54000,0,1080,1920,1170,180,1239,248,4692,0.002,,
1579771,1632701,9788424,9,10,54000,1,1080,1920,1088,187,1156,255,4624,0.002,,
1579772,1632701,9788424,9,10,54024,0,1080,1920,1088,208,1156,276,4624,0.002,,
1579773,1632701,9788424,9,10,54024,1,1080,1920,1604,179,1686,261,6724,0.003,,
1579774,1632701,9788424,9,10,54048,0,1080,1920,860,212,1001,353,19881,0.01,,
1579775,1632701,9788424,9,10,54072,0,1080,1920,905,181,1075,351,28900,0.014,,
1579776,1632701,9788424,9,10,54096,0,1080,1920,1189,298,1331,439,20022,0.01,,
1579777,1632701,9788424,9,10,54096,1,1080,1920,1060,226,1202,368,20164,0.01,,
1579778,1632701,9788424,9,10,54120,0,1080,1920,1275,326,1417,468,20164,0.01,,
1579779,1632701,9788424,9,10,54120,1,1080,1920,1046,240,1188,382,20164,0.01,,
1579780,1632701,9788424,9,10,54144,0,1080,1920,1376,355,1517,497,20022,0.01,,
1579781,1632701,9788424,9,10,54144,1,1080,1920,960,226,1102,368,20164,0.01,,
1579782,1632701,9788424,9,10,54144,2,1080,1920,496,264,700,468,41616,0.02,,
1579783,1632701,9788424,9,10,54168,0,1080,1920,871,181,1041,351,28900,0.014,,
1579784,1632701,9788424,9,10,54168,1,1080,1920,1261,212,1403,353,20022,0.01,,
1579785,1632701,9788424,9,10,54192,0,1080,1920,699,216,869,385,28730,0.014,,
1579786,1632701,9788424,9,10,54192,1,1080,1920,1318,267,1488,437,28900,0.014,,
1579787,1632701,9788424,9,10,54216,0,1080,1920,458,250,628,420,28900,0.014,,
1579788,1632701,9788424,9,10,54216,1,1080,1920,819,164,989,334,28900,0.014,,
1579789,1632701,9788424,9,10,54240,0,1080,1920,991,198,1161,368,28900,0.014,,
1579790,1632701,9788424,9,10,54240,1,1080,1920,351,326,555,530,41616,0.02,,
1579791,1632701,9788424,9,10,54264,0,1080,1920,1205,215,1273,283,4624,0.002,,
1579792,1632701,9788424,9,10,54264,1,1080,1920,1018,187,1087,255,4692,0.002,,
1579793,1632701,9788424,9,10,54288,0,1080,1920,1198,201,1266,269,4624,0.002,,
1579794,1632701,9788424,9,10,54288,1,1080,1920,1011,194,1080,262,4692,0.002,,
1579795,1632701,9788424,9,10,54312,0,1080,1920,1205,194,1273,262,4624,0.002,,
1579796,1632701,9788424,9,10,54312,1,1080,1920,999,179,1080,261,6642,0.003,,
1579797,1632701,9788424,9,10,54312,2,1080,1920,1521,146,1603,228,6724,0.003,,
1579798,1632701,9788424,9,10,54336,0,1080,1920,805,148,904,246,9702,0.005,,
1579799,1632701,9788424,9,10,54336,1,1080,1920,1164,180,1232,248,4624,0.002,,
1579800,1632701,9788424,9,10,54336,2,1080,1920,982,179,1064,261,6724,0.003,,
1579801,1632701,9788424,9,10,54360,0,1080,1920,1136,208,1204,276,4624,0.002,,
1579802,1632701,9788424,9,10,54360,1,1080,1920,775,162,856,244,6642,0.003,,
1579803,1632701,9788424,9,10,54360,2,1080,1920,998,201,1066,269,4624,0.002,,
1579804,1632701,9788424,9,10,54384,0,1080,1920,1150,187,1218,255,4624,0.002,,
1579805,1632701,9788424,9,10,54384,1,1080,1920,998,201,1066,269,4624,0.002,,
1579806,1632701,9788424,9,10,54384,2,1080,1920,766,179,848,261,6724,0.003,,
1579807,1632701,9788424,9,10,54408,0,1080,1920,555,166,849,459,86142,0.042,,
1579808,1632701,9788424,9,10,54432,0,1080,1920,436,166,730,459,86142,0.042,,
1579809,1632701,9788424,9,10,54456,0,1080,1920,534,231,778,475,59536,0.029,,
1579810,1632701,9788424,9,10,54480,0,1080,1920,1342,140,1546,344,41616,0.02,,
1579811,1632701,9788424,9,10,54480,1,1080,1920,390,172,742,525,124256,0.06,,
1579812,1632701,9788424,9,10,54504,0,1080,1920,1169,172,1286,290,13806,0.007,,
1579813,1632701,9788424,9,10,54528,0,1080,1920,1204,172,1322,290,13924,0.007,,
1579814,1632701,9788424,9,10,54528,1,1080,1920,682,164,852,334,28900,0.014,,
1579815,1632701,9788424,9,10,54552,0,1080,1920,802,164,972,334,28900,0.014,,
1579816,1632701,9788424,9,10,54552,1,1080,1920,1249,181,1419,351,28900,0.014,,
1579817,1632701,9788424,9,10,54576,0,1080,1920,922,164,1092,334,28900,0.014,,
1579818,1632701,9788424,9,10,54576,1,1080,1920,1261,169,1403,310,20022,0.01,,
1579819,1632701,9788424,9,10,54600,0,1080,1920,929,182,1133,385,41412,0.02,,
1579820,1632701,9788424,9,10,54600,1,1080,1920,1318,181,1488,351,28900,0.014,,
1579821,1632701,9788424,9,10,54624,0,1080,1920,957,198,1127,368,28900,0.014,,
1579822,1632701,9788424,9,10,54624,1,1080,1920,1301,181,1471,351,28900,0.014,,
1579823,1632701,9788424,9,10,54648,0,1080,1920,633,206,877,450,59536,0.029,,
1579824,1632701,9788424,9,10,54672,0,1080,1920,555,166,849,459,86142,0.042,,
1579825,1632701,9788424,9,10,54696,0,1080,1920,585,166,878,459,85849,0.041,,
1579826,1632701,9788424,9,10,54720,0,1080,1920,633,206,877,450,59536,0.029,,
1579827,1632701,9788424,9,10,54744,0,1080,1920,1352,164,1522,334,28900,0.014,,
1579828,1632701,9788424,9,10,54744,1,1080,1920,785,161,989,365,41616,0.02,,
1579829,1632701,9788424,9,10,54768,0,1080,1920,1387,164,1557,334,28900,0.014,,
1579830,1632701,9788424,9,10,54768,1,1080,1920,785,161,989,365,41616,0.02,,
1579831,1632701,9788424,9,10,54792,0,1080,1920,785,161,989,365,41616,0.02,,
1579832,1632701,9788424,9,10,54792,1,1080,1920,1404,161,1608,365,41616,0.02,,
1579833,1632701,9788424,9,10,54816,0,1080,1920,764,140,968,344,41616,0.02,,
1579834,1632701,9788424,9,10,54816,1,1080,1920,1383,161,1587,365,41616,0.02,,
1579835,1632701,9788424,9,10,54840,0,1080,1920,1383,140,1587,344,41616,0.02,,
1579836,1632701,9788424,9,10,54840,1,1080,1920,802,181,972,351,28900,0.014,,
1579837,1632701,9788424,9,10,54864,0,1080,1920,1404,140,1608,344,41616,0.02,,
1579838,1632701,9788424,9,10,54864,1,1080,1920,802,164,972,334,28900,0.014,,
1579839,1632701,9788424,9,10,54888,0,1080,1920,469,218,891,640,178084,0.086,,
1579840,1632701,9788424,9,10,54912,0,1080,1920,1068,244,1420,596,123904,0.06,,
1579841,1632701,9788424,9,10,54936,0,1080,1920,1025,261,1448,683,178506,0.086,,
1579842,1632701,9788424,9,10,54960,0,1080,1920,1104,244,1456,596,123904,0.06,,
1579843,1632701,9788424,9,10,54984,0,1080,1920,640,218,1063,640,178506,0.086,,
1579844,1632701,9788424,9,10,55008,0,1080,1920,537,159,1044,666,257049,0.124,,
1579845,1632701,9788424,9,10,55032,0,1080,1920,811,218,1234,640,178506,0.086,,
1579846,1632701,9788424,9,10,55056,0,1080,1920,466,195,760,489,86436,0.042,,
1579847,1632701,9788424,9,10,55080,0,1080,1920,436,195,730,489,86436,0.042,,
1579848,1632701,9788424,9,10,55104,0,1080,1920,407,195,700,489,86142,0.042,,
1579849,1632701,9788424,9,10,55128,0,1080,1920,496,136,789,429,85849,0.041,,
1579850,1632701,9788424,9,10,55152,0,1080,1920,845,210,1353,717,257556,0.124,,
1579851,1632701,9788424,9,10,55176,0,1080,1920,940,218,1362,640,178084,0.086,,
1579852,1632701,9788424,9,10,55200,0,1080,1920,854,218,1277,640,178506,0.086,,
1579853,1632701,9788424,9,10,55224,0,1080,1920,604,172,956,525,124256,0.06,,
1579854,1632701,9788424,9,10,55248,0,1080,1920,676,244,1028,596,123904,0.06,,
1579855,1632701,9788424,9,10,55272,0,1080,1920,711,208,1063,560,123904,0.06,,
1579856,1632701,9788424,9,10,55296,0,1080,1920,640,172,992,525,124256,0.06,,
1579857,1632701,9788424,9,10,55320,0,1080,1920,1239,261,1662,683,178506,0.086,,
1579858,1632701,9788424,9,10,55344,0,1080,1920,1154,261,1576,683,178084,0.086,,
1579859,1632701,9788424,9,10,55368,0,1080,1920,1154,261,1576,683,178084,0.086,,
1579860,1632701,9788424,9,10,55392,0,1080,1920,1154,261,1576,683,178084,0.086,,
1579861,1632701,9788424,9,10,55416,0,1080,1920,1111,261,1533,683,178084,0.086,,
1579862,1632701,9788424,9,10,55440,0,1080,1920,1139,279,1491,632,124256,0.06,,
1579863,1632701,9788424,9,10,55464,0,1080,1920,512,218,934,640,178084,0.086,,
1579864,1632701,9788424,9,10,55488,0,1080,1920,435,210,942,717,257049,0.124,,
1579865,1632701,9788424,9,10,55512,0,1080,1920,1111,261,1533,683,178084,0.086,,
1579866,1632701,9788424,9,10,55536,0,1080,1920,1068,261,1491,683,178506,0.086,,
1579867,1632701,9788424,9,10,55560,0,1080,1920,1111,261,1533,683,178084,0.086,,
1579868,1632701,9788424,9,10,55584,0,1080,1920,526,166,819,459,85849,0.041,,
1579869,1632701,9788424,9,10,55608,0,1080,1920,496,136,789,429,85849,0.041,,
1579870,1632701,9788424,9,10,55632,0,1080,1920,526,166,819,459,85849,0.041,,
1579871,1632701,9788424,9,10,55656,0,1080,1920,526,136,819,429,85849,0.041,,
1579872,1632701,9788424,9,10,55680,0,1080,1920,583,181,828,426,60025,0.029,,
1579873,1632701,9788424,9,10,55704,0,1080,1920,583,181,828,426,60025,0.029,,
1579874,1632701,9788424,9,10,55728,0,1080,1920,555,166,849,459,86142,0.042,,
1579875,1632701,9788424,9,10,55752,0,1080,1920,726,346,1148,769,178506,0.086,,
1579876,1632701,9788424,9,10,55776,0,1080,1920,726,346,1148,769,178506,0.086,,
1579877,1632701,9788424,9,10,55800,0,1080,1920,726,261,1148,683,178084,0.086,,
1579878,1632701,9788424,9,10,55824,0,1080,1920,691,210,1198,717,257049,0.124,,
1579879,1632701,9788424,9,10,55848,0,1080,1920,768,261,1191,683,178506,0.086,,
1579880,1632701,9788424,9,10,55872,0,1080,1920,726,303,1148,726,178506,0.086,,
1579881,1632701,9788424,9,10,55896,0,1080,1920,683,346,1105,769,178506,0.086,,
1579882,1632701,9788424,9,10,55920,0,1080,1920,897,346,1319,769,178506,0.086,,
1579883,1632701,9788424,9,10,55944,0,1080,1920,897,346,1319,769,178506,0.086,,
1579884,1632701,9788424,9,10,55968,0,1080,1920,811,261,1234,683,178506,0.086,,
1579885,1632701,9788424,9,10,55992,0,1080,1920,811,261,1234,683,178506,0.086,,
1579886,1632701,9788424,9,10,56016,0,1080,1920,435,210,942,717,257049,0.124,,
1579887,1632701,9788424,9,10,56040,0,1080,1920,435,210,942,717,257049,0.124,,
1579888,1632701,9788424,9,10,56064,0,1080,1920,1111,261,1533,683,178084,0.086,,
1579889,1632701,9788424,9,10,56088,0,1080,1920,940,261,1362,683,178084,0.086,,
1579890,1632701,9788424,9,10,56112,0,1080,1920,1410,303,1833,726,178929,0.086,,
1579891,1632701,9788424,9,10,56160,0,1080,1920,726,303,1148,726,178506,0.086,,
1579892,1632701,9788424,9,10,56160,1,1080,1920,1389,208,1741,560,123904,0.06,,
1579893,1632701,9788424,9,10,56184,0,1080,1920,818,351,1170,703,123904,0.06,,
1579894,1632701,9788424,9,10,56184,1,1080,1920,1353,244,1705,596,123904,0.06,,
1579895,1632701,9788424,9,10,56208,0,1080,1920,818,208,1170,560,123904,0.06,,
1579896,1632701,9788424,9,10,56232,0,1080,1920,783,244,1135,596,123904,0.06,,
1579897,1632701,9788424,9,10,56256,0,1080,1920,683,175,1105,598,178506,0.086,,
1579898,1632701,9788424,9,10,56280,0,1080,1920,711,208,1063,560,123904,0.06,,
1579899,1632701,9788424,9,10,56304,0,1080,1920,640,244,992,596,123904,0.06,,
1579900,1632701,9788424,9,10,56424,0,1080,1920,0,161,142,365,28968,0.014,,
1579901,1632701,9788424,9,10,56448,0,1080,1920,83,161,287,365,41616,0.02,,
1579902,1632701,9788424,9,10,56472,0,1080,1920,615,195,908,489,86142,0.042,,
1579903,1632701,9788424,9,10,56496,0,1080,1920,615,166,908,459,85849,0.041,,
1579904,1632701,9788424,9,10,56520,0,1080,1920,604,172,956,525,124256,0.06,,
1579905,1632701,9788424,9,10,56544,0,1080,1920,734,166,1027,459,85849,0.041,,
1579906,1632701,9788424,9,10,56568,0,1080,1920,793,136,1087,429,86142,0.042,,
1579907,1632701,9788424,9,10,56592,0,1080,1920,852,106,1146,400,86436,0.042,,
1579908,1632701,9788424,9,10,56616,0,1080,1920,942,166,1235,459,85849,0.041,,
1579909,1632701,9788424,9,10,56640,0,1080,1920,897,175,1319,598,178506,0.086,,
1579910,1632701,9788424,9,10,56664,0,1080,1920,897,175,1319,598,178506,0.086,,
1579911,1632701,9788424,9,10,56688,0,1080,1920,940,175,1362,598,178506,0.086,,
1579912,1632701,9788424,9,10,56712,0,1080,1920,940,175,1362,598,178506,0.086,,
1579913,1632701,9788424,9,10,56736,0,1080,1920,569,208,921,560,123904,0.06,,
1579914,1632701,9788424,9,10,56760,0,1080,1920,462,208,814,560,123904,0.06,,
1579915,1632701,9788424,9,10,56784,0,1080,1920,497,208,849,560,123904,0.06,,
1579916,1632701,9788424,9,10,56808,0,1080,1920,1120,225,1413,519,86142,0.042,,
1579917,1632701,9788424,9,10,56832,0,1080,1920,1120,225,1413,519,86142,0.042,,
1579918,1632701,9788424,9,10,56856,0,1080,1920,1120,225,1413,519,86142,0.042,,
1579919,1632701,9788424,9,10,56880,0,1080,1920,1120,195,1413,489,86142,0.042,,
1579920,1632701,9788424,9,10,56904,0,1080,1920,1090,225,1384,519,86436,0.042,,
1579921,1632701,9788424,9,10,56928,0,1080,1920,897,175,1319,598,178506,0.086,,
1579922,1632701,9788424,9,10,56952,0,1080,1920,897,175,1319,598,178506,0.086,,
1579923,1632701,9788424,9,10,57048,0,1080,1920,1298,310,1354,366,3136,0.002,,
1579924,1632701,9788424,9,10,57072,0,1080,1920,1231,278,1313,360,6724,0.003,,
1579925,1632701,9788424,9,10,57096,0,1080,1920,1336,270,1405,338,4692,0.002,,
1579926,1632701,9788424,9,10,57120,0,1080,1920,1239,237,1321,319,6724,0.003,,
1579927,1632701,9788424,9,10,57144,0,1080,1920,1333,198,1431,296,9604,0.005,,
1579928,1632701,9788424,9,10,57168,0,1080,1920,1240,136,1358,254,13924,0.007,,
1579929,1632701,9788424,9,10,57192,0,1080,1920,1318,97,1460,239,20164,0.01,,
1579930,1632701,9788424,9,10,57216,0,1080,1920,459,132,704,376,59780,0.029,,
1579931,1632701,9788424,9,10,57240,0,1080,1920,459,132,704,376,59780,0.029,,
1579932,1632701,9788424,9,10,57264,0,1080,1920,475,161,679,365,41616,0.02,,
1579933,1632701,9788424,9,10,57288,0,1080,1920,459,132,704,376,59780,0.029,,
1579934,1632701,9788424,9,10,57312,0,1080,1920,1153,132,1397,376,59536,0.029,,
1579935,1632701,9788424,9,10,57336,0,1080,1920,496,161,700,365,41616,0.02,,
1579936,1632701,9788424,9,10,57360,0,1080,1920,496,161,700,365,41616,0.02,,
1579937,1632701,9788424,9,10,57384,0,1080,1920,1218,120,1422,324,41616,0.02,,
1579938,1632701,9788424,9,10,57408,0,1080,1920,496,140,700,344,41616,0.02,,
1579939,1632701,9788424,9,10,57432,0,1080,1920,496,140,700,344,41616,0.02,,
1579940,1632701,9788424,9,10,57456,0,1080,1920,1202,82,1447,327,60025,0.029,,
1579941,1632701,9788424,9,10,57480,0,1080,1920,1198,140,1401,344,41412,0.02,,
1579942,1632701,9788424,9,10,57504,0,1080,1920,426,172,778,525,124256,0.06,,
1579943,1632701,9788424,9,10,57528,0,1080,1920,426,132,849,555,178929,0.086,,
1579944,1632701,9788424,9,10,57552,0,1080,1920,1104,101,1456,453,123904,0.06,,
1579945,1632701,9788424,9,10,57576,0,1080,1920,1104,101,1456,453,123904,0.06,,
1579946,1632701,9788424,9,10,57600,0,1080,1920,497,172,849,525,124256,0.06,,
1579947,1632701,9788424,9,10,57624,0,1080,1920,526,255,819,548,85849,0.041,,
1579948,1632701,9788424,9,10,57648,0,1080,1920,526,285,819,578,85849,0.041,,
1579949,1632701,9788424,9,10,57672,0,1080,1920,526,285,819,578,85849,0.041,,
1579950,1632701,9788424,9,10,57696,0,1080,1920,426,132,849,555,178929,0.086,,
1579951,1632701,9788424,9,10,57720,0,1080,1920,426,132,849,555,178929,0.086,,
1579952,1632701,9788424,9,10,57744,0,1080,1920,426,175,849,598,178929,0.086,,
1579953,1632701,9788424,9,10,57768,0,1080,1920,426,175,849,598,178929,0.086,,
1579954,1632701,9788424,9,10,57792,0,1080,1920,466,195,760,489,86436,0.042,,
1579955,1632701,9788424,9,10,57816,0,1080,1920,317,136,611,429,86142,0.042,,
1579956,1632701,9788424,9,10,57840,0,1080,1920,347,195,641,489,86436,0.042,,
1579957,1632701,9788424,9,10,57864,0,1080,1920,1179,225,1473,519,86436,0.042,,
1579958,1632701,9788424,9,10,57888,0,1080,1920,882,136,1176,429,86142,0.042,,
1579959,1632701,9788424,9,10,57912,0,1080,1920,1178,206,1422,450,59536,0.029,,
1579960,1632701,9788424,9,10,57936,0,1080,1920,1120,195,1413,489,86142,0.042,,
1579961,1632701,9788424,9,10,57960,0,1080,1920,1061,166,1354,459,85849,0.041,,
1579962,1632701,9788424,9,10,57984,0,1080,1920,1061,166,1354,459,85849,0.041,,
1579963,1632701,9788424,9,10,58008,0,1080,1920,1061,166,1354,459,85849,0.041,,
1579964,1632701,9788424,9,10,58032,0,1080,1920,534,206,778,450,59536,0.029,,
1579965,1632701,9788424,9,10,58056,0,1080,1920,509,156,753,401,59780,0.029,,
1579966,1632701,9788424,9,10,58080,0,1080,1920,534,206,778,450,59536,0.029,,
1579967,1632701,9788424,9,10,58104,0,1080,1920,1001,166,1295,459,86142,0.042,,
1579968,1632701,9788424,9,10,58128,0,1080,1920,1001,195,1295,489,86436,0.042,,
1579969,1632701,9788424,9,10,58152,0,1080,1920,509,181,753,426,59780,0.029,,
1579970,1632701,9788424,9,10,58176,0,1080,1920,509,181,753,426,59780,0.029,,
1579971,1632701,9788424,9,10,58200,0,1080,1920,509,181,753,426,59780,0.029,,
1579972,1632701,9788424,9,10,58224,0,1080,1920,516,154,657,296,20022,0.01,,
1579973,1632701,9788424,9,10,58248,0,1080,1920,1820,195,1902,277,6724,0.003,,
1579974,1632701,9788424,9,10,58272,0,1080,1920,1537,194,1605,262,4624,0.002,,
1579975,1632701,9788424,9,10,58296,0,1080,1920,1412,194,1481,262,4692,0.002,,
1579976,1632701,9788424,9,10,58320,0,1080,1920,1329,194,1398,262,4692,0.002,,
1579977,1632701,9788424,9,10,58344,0,1080,1920,1260,194,1329,262,4692,0.002,,
1579978,1632701,9788424,9,10,58344,1,1080,1920,1447,208,1515,276,4624,0.002,,
1579979,1632701,9788424,9,10,58368,0,1080,1920,1214,179,1296,261,6724,0.003,,
1579980,1632701,9788424,9,10,58368,1,1080,1920,1392,201,1460,269,4624,0.002,,
1579981,1632701,9788424,9,10,58392,0,1080,1920,1177,194,1246,262,4692,0.002,,
1579982,1632701,9788424,9,10,58392,1,1080,1920,1364,194,1432,262,4624,0.002,,
1579983,1632701,9788424,9,10,58416,0,1080,1920,1143,187,1211,255,4624,0.002,,
1579984,1632701,9788424,9,10,58416,1,1080,1920,1322,187,1404,269,6724,0.003,,
1579985,1632701,9788424,9,10,58440,0,1080,1920,1122,187,1190,255,4624,0.002,,
1579986,1632701,9788424,9,10,58440,1,1080,1920,1316,194,1384,262,4624,0.002,,
1579987,1632701,9788424,9,10,58464,0,1080,1920,1101,187,1170,255,4692,0.002,,
1579988,1632701,9788424,9,10,58464,1,1080,1920,1302,194,1370,262,4624,0.002,,
1579989,1632701,9788424,9,10,58488,0,1080,1920,1094,187,1163,255,4692,0.002,,
1579990,1632701,9788424,9,10,58488,1,1080,1920,1281,187,1362,269,6642,0.003,,
1579991,1632701,9788424,9,10,58512,0,1080,1920,1064,168,1163,266,9702,0.005,,
1579992,1632701,9788424,9,10,58512,1,1080,1920,1281,187,1349,255,4624,0.002,,
1579993,1632701,9788424,9,10,58560,0,1080,1920,1528,347,1732,551,41616,0.02,,
1579994,1632701,9788424,9,10,58608,0,1080,1920,1507,553,1711,757,41616,0.02,,
1579995,1632701,9788424,9,10,58608,1,1080,1920,615,77,908,370,85849,0.041,,
1579996,1632701,9788424,9,10,58632,0,1080,1920,1180,130,1350,299,28730,0.014,,
1579997,1632701,9788424,9,10,58632,1,1080,1920,819,112,989,282,28900,0.014,,
1579998,1632701,9788424,9,10,58656,0,1080,1920,1180,130,1350,299,28730,0.014,,
1579999,1632701,9788424,9,10,58656,1,1080,1920,831,154,973,296,20164,0.01,,
1580000,1632701,9788424,9,10,58680,0,1080,1920,831,154,973,296,20164,0.01,,
1580001,1632701,9788424,9,10,58680,1,1080,1920,1204,169,1345,310,19881,0.01,,
1580002,1632701,9788424,9,10,58704,0,1080,1920,819,112,989,282,28900,0.014,,
1580003,1632701,9788424,9,10,58704,1,1080,1920,1204,169,1345,310,19881,0.01,,
1580004,1632701,9788424,9,10,58728,0,1080,1920,1157,341,1196,381,1560,0.001,,
1580005,1632701,9788424,9,10,58728,1,1080,1920,825,421,864,461,1560,0.001,,
1580006,1632701,9788424,9,10,58752,0,1080,1920,1139,340,1186,388,2256,0.001,,
1580007,1632701,9788424,9,10,58752,1,1080,1920,829,417,868,457,1560,0.001,,
1580008,1632701,9788424,9,10,58752,2,1080,1920,1021,325,1060,365,1560,0.001,,
1580009,1632701,9788424,9,10,58776,0,1080,1920,1011,353,1080,421,4692,0.002,,
1580010,1632701,9788424,9,10,58776,1,1080,1920,829,417,868,457,1560,0.001,,
1580011,1632701,9788424,9,10,58800,0,1080,1920,805,357,904,455,9702,0.005,,
1580012,1632701,9788424,9,10,58800,1,1080,1920,821,429,860,469,1560,0.001,,
1580013,1632701,9788424,9,10,58824,0,1080,1920,682,132,927,376,59780,0.029,,
1580014,1632701,9788424,9,10,58824,1,1080,1920,1094,198,1264,368,28900,0.014,,
1580015,1632701,9788424,9,10,58848,0,1080,1920,702,161,906,365,41616,0.02,,
1580016,1632701,9788424,9,10,58848,1,1080,1920,1074,161,1278,365,41616,0.02,,
1580017,1632701,9788424,9,10,58872,0,1080,1920,682,132,927,376,59780,0.029,,
1580018,1632701,9788424,9,10,58872,1,1080,1920,1094,198,1264,368,28900,0.014,,
1580019,1632701,9788424,9,10,58896,0,1080,1920,682,132,927,376,59780,0.029,,
1580020,1632701,9788424,9,10,58896,1,1080,1920,1074,161,1278,365,41616,0.02,,
1580021,1632701,9788424,9,10,58920,0,1080,1920,1094,198,1264,368,28900,0.014,,
1580022,1632701,9788424,9,10,58920,1,1080,1920,806,182,1009,385,41209,0.02,,
1580023,1632701,9788424,9,10,58944,0,1080,1920,1074,161,1278,365,41616,0.02,,
1580024,1632701,9788424,9,10,58944,1,1080,1920,732,156,976,401,59780,0.029,,
1580025,1632701,9788424,9,10,58968,0,1080,1920,1074,161,1278,365,41616,0.02,,
1580026,1632701,9788424,9,10,58968,1,1080,1920,707,132,952,376,59780,0.029,,
1580027,1632701,9788424,9,10,58992,0,1080,1920,723,161,927,365,41616,0.02,,
1580028,1632701,9788424,9,10,58992,1,1080,1920,1094,182,1298,385,41412,0.02,,
1580029,1632701,9788424,9,10,59016,0,1080,1920,1094,161,1298,365,41616,0.02,,
1580030,1632701,9788424,9,10,59016,1,1080,1920,723,182,927,385,41412,0.02,,
1580031,1632701,9788424,9,10,59040,0,1080,1920,723,182,927,385,41412,0.02,,
1580032,1632701,9788424,9,10,59040,1,1080,1920,1094,161,1298,365,41616,0.02,,
1580033,1632701,9788424,9,10,59064,0,1080,1920,723,182,927,385,41412,0.02,,
1580034,1632701,9788424,9,10,59064,1,1080,1920,1094,182,1298,385,41412,0.02,,
1580035,1632701,9788424,9,10,59088,0,1080,1920,1094,182,1298,385,41412,0.02,,
1580036,1632701,9788424,9,10,59088,1,1080,1920,723,182,927,385,41412,0.02,,
1580037,1632701,9788424,9,10,59112,0,1080,1920,723,182,927,385,41412,0.02,,
1580038,1632701,9788424,9,10,59112,1,1080,1920,1094,198,1264,368,28900,0.014,,
1580039,1632701,9788424,9,10,59136,0,1080,1920,723,182,927,385,41412,0.02,,
1580040,1632701,9788424,9,10,59136,1,1080,1920,1074,182,1278,385,41412,0.02,,
1580041,1632701,9788424,9,10,59160,0,1080,1920,1094,216,1264,385,28730,0.014,,
1580042,1632701,9788424,9,10,59160,1,1080,1920,707,156,952,401,60025,0.029,,
1580043,1632701,9788424,9,10,59184,0,1080,1920,682,132,927,376,59780,0.029,,
1580044,1632701,9788424,9,10,59184,1,1080,1920,1026,198,1195,368,28730,0.014,,
1580045,1632701,9788424,9,10,59208,0,1080,1920,707,156,952,401,60025,0.029,,
1580046,1632701,9788424,9,10,59208,1,1080,1920,1012,161,1216,365,41616,0.02,,
1580047,1632701,9788424,9,10,59232,0,1080,1920,806,182,1009,385,41209,0.02,,
1580048,1632701,9788424,9,10,59232,1,1080,1920,1239,182,1443,385,41412,0.02,,
1580049,1632701,9788424,9,10,59256,0,1080,1920,806,182,1009,385,41209,0.02,,
1580050,1632701,9788424,9,10,59280,0,1080,1920,764,182,968,385,41412,0.02,,
1580051,1632701,9788424,9,10,59304,0,1080,1920,661,202,865,406,41616,0.02,,
1580052,1632701,9788424,9,10,59304,1,1080,1920,162,181,407,426,60025,0.029,,
1580053,1632701,9788424,9,10,59448,0,1080,1920,319,65,671,418,124256,0.06,,
1580054,1632701,9788424,9,10,59472,0,1080,1920,319,101,671,453,123904,0.06,,
1580055,1632701,9788424,9,10,59496,0,1080,1920,1647,588,1716,656,4692,0.002,,
1580056,1632701,9788424,9,10,59520,0,1080,1920,1592,505,1660,573,4624,0.002,,
1580057,1632701,9788424,9,10,59544,0,1080,1920,1599,443,1667,511,4624,0.002,,
1580058,1632701,9788424,9,10,59640,0,1080,1920,645,397,684,437,1560,0.001,,
1580059,1632701,9788424,9,10,59664,0,1080,1920,793,166,1087,459,86142,0.042,,
1580060,1632701,9788424,9,10,59688,0,1080,1920,704,166,997,459,85849,0.041,,
1580061,1632701,9788424,9,10,59712,0,1080,1920,644,166,938,459,86142,0.042,,
1580062,1632701,9788424,9,10,59736,0,1080,1920,1318,216,1488,385,28730,0.014,,
1580063,1632701,9788424,9,10,59760,0,1080,1920,1404,216,1574,385,28730,0.014,,
1580064,1632701,9788424,9,10,59784,0,1080,1920,1352,216,1522,385,28730,0.014,,
1580065,1632701,9788424,9,10,59808,0,1080,1920,1352,216,1522,385,28730,0.014,,
1580066,1632701,9788424,9,10,59832,0,1080,1920,401,154,543,296,20164,0.01,,
1580067,1632701,9788424,9,10,59856,0,1080,1920,372,140,514,282,20164,0.01,,
1580068,1632701,9788424,9,10,59880,0,1080,1920,387,140,528,282,20022,0.01,,
1580069,1632701,9788424,9,10,59904,0,1080,1920,387,140,528,282,20022,0.01,,
1580070,1632701,9788424,9,10,59904,1,1080,1920,1376,140,1517,282,20022,0.01,,
1580071,1632701,9788424,9,10,59928,0,1080,1920,387,140,528,282,20022,0.01,,
1580072,1632701,9788424,9,10,59952,0,1080,1920,1321,202,1525,406,41616,0.02,,
1580073,1632701,9788424,9,10,59976,0,1080,1920,1301,216,1471,385,28730,0.014,,
1580074,1632701,9788424,9,10,60000,0,1080,1920,1301,202,1505,406,41616,0.02,,
1580075,1632701,9788424,9,10,60024,0,1080,1920,1301,202,1505,406,41616,0.02,,
1580076,1632701,9788424,9,10,60048,0,1080,1920,1321,202,1525,406,41616,0.02,,
1580077,1632701,9788424,9,10,60072,0,1080,1920,890,244,1242,596,123904,0.06,,
1580078,1632701,9788424,9,10,60096,0,1080,1920,676,208,1028,560,123904,0.06,,
1580079,1632701,9788424,9,10,60120,0,1080,1920,783,244,1135,596,123904,0.06,,
1580080,1632701,9788424,9,10,60144,0,1080,1920,355,315,707,667,123904,0.06,,
1580081,1632701,9788424,9,10,60168,0,1080,1920,283,244,636,596,124256,0.06,,
1580082,1632701,9788424,9,10,60192,0,1080,1920,212,315,564,667,123904,0.06,,
1580083,1632701,9788424,9,10,60216,0,1080,1920,597,175,1020,598,178929,0.086,,
1580084,1632701,9788424,9,10,60240,0,1080,1920,1551,231,1669,349,13924,0.007,,
1580085,1632701,9788424,9,10,60264,0,1080,1920,1539,219,1657,337,13924,0.007,,
1580086,1632701,9788424,9,10,60288,0,1080,1920,537,306,741,509,41412,0.02,,
1580087,1632701,9788424,9,10,60312,0,1080,1920,484,181,729,426,60025,0.029,,
1580088,1632701,9788424,9,10,60336,0,1080,1920,1178,231,1422,475,59536,0.029,,
1580089,1632701,9788424,9,10,60360,0,1080,1920,1150,195,1443,489,86142,0.042,,
1580090,1632701,9788424,9,10,60384,0,1080,1920,1178,206,1422,450,59536,0.029,,
1580091,1632701,9788424,9,10,60408,0,1080,1920,1227,206,1472,450,59780,0.029,,
1580092,1632701,9788424,9,10,60432,0,1080,1920,435,181,679,426,59780,0.029,,
1580093,1632701,9788424,9,10,60456,0,1080,1920,1252,206,1496,450,59536,0.029,,
1580094,1632701,9788424,9,10,60480,0,1080,1920,1252,206,1496,450,59536,0.029,,
1580095,1632701,9788424,9,10,60504,0,1080,1920,1252,231,1496,475,59536,0.029,,
1580096,1632701,9788424,9,10,60528,0,1080,1920,1184,277,1253,345,4692,0.002,,
1580097,1632701,9788424,9,10,60528,1,1080,1920,479,284,548,352,4692,0.002,,
1580098,1632701,9788424,9,10,60552,0,1080,1920,1177,277,1246,345,4692,0.002,,
1580099,1632701,9788424,9,10,60552,1,1080,1920,468,278,550,360,6724,0.003,,
1580100,1632701,9788424,9,10,60576,0,1080,1920,458,126,600,267,20022,0.01,,
1580101,1632701,9788424,9,10,60600,0,1080,1920,1204,154,1345,296,20022,0.01,,
1580102,1632701,9788424,9,10,60624,0,1080,1920,410,156,654,401,59780,0.029,,
1580103,1632701,9788424,9,10,60648,0,1080,1920,1209,166,1503,459,86142,0.042,,
1580104,1632701,9788424,9,10,60672,0,1080,1920,1239,195,1532,489,86142,0.042,,
1580105,1632701,9788424,9,10,60696,0,1080,1920,407,195,700,489,86142,0.042,,
1580106,1632701,9788424,9,10,60720,0,1080,1920,436,195,730,489,86436,0.042,,
1580107,1632701,9788424,9,10,60744,0,1080,1920,436,195,730,489,86436,0.042,,
1580108,1632701,9788424,9,10,60768,0,1080,1920,1104,172,1456,525,124256,0.06,,
1580109,1632701,9788424,9,10,60792,0,1080,1920,1104,208,1456,560,123904,0.06,,
1580110,1632701,9788424,9,10,60816,0,1080,1920,458,140,600,282,20164,0.01,,
1580111,1632701,9788424,9,10,60840,0,1080,1920,1132,154,1274,296,20164,0.01,,
1580112,1632701,9788424,9,10,60864,0,1080,1920,1046,183,1188,325,20164,0.01,,
1580113,1632701,9788424,9,10,60888,0,1080,1920,587,169,729,310,20022,0.01,,
1580114,1632701,9788424,9,10,60912,0,1080,1920,673,169,815,310,20022,0.01,,
1580115,1632701,9788424,9,10,60936,0,1080,1920,1161,169,1302,310,19881,0.01,,
1580116,1632701,9788424,9,10,60936,1,1080,1920,702,169,844,310,20022,0.01,,
1580117,1632701,9788424,9,10,60960,0,1080,1920,731,169,872,310,19881,0.01,,
1580118,1632701,9788424,9,10,60984,0,1080,1920,716,169,858,310,20022,0.01,,
1580119,1632701,9788424,9,10,60984,1,1080,1920,1175,169,1317,310,20022,0.01,,
1580120,1632701,9788424,9,10,61008,0,1080,1920,731,183,872,325,20022,0.01,,
1580121,1632701,9788424,9,10,61008,1,1080,1920,1175,169,1317,310,20022,0.01,,
1580122,1632701,9788424,9,10,61032,0,1080,1920,1202,181,1447,426,60025,0.029,,
1580123,1632701,9788424,9,10,61056,0,1080,1920,1277,206,1521,450,59536,0.029,,
1580124,1632701,9788424,9,10,61152,0,1080,1920,1423,257,1521,356,9702,0.005,,
1580125,1632701,9788424,9,10,61176,0,1080,1920,1462,257,1561,356,9801,0.005,,
1580126,1632701,9788424,9,10,61200,0,1080,1920,512,175,934,598,178506,0.086,,
1580127,1632701,9788424,9,10,61224,0,1080,1920,512,218,934,640,178084,0.086,,
1580128,1632701,9788424,9,10,61248,0,1080,1920,512,218,934,640,178084,0.086,,
1580129,1632701,9788424,9,10,61272,0,1080,1920,554,218,977,640,178506,0.086,,
1580130,1632701,9788424,9,10,61296,0,1080,1920,512,261,934,683,178084,0.086,,
1580131,1632701,9788424,9,10,61320,0,1080,1920,554,218,977,640,178506,0.086,,
1580132,1632701,9788424,9,10,61344,0,1080,1920,1115,182,1319,385,41412,0.02,,
1580133,1632701,9788424,9,10,61368,0,1080,1920,1163,198,1333,368,28900,0.014,,
1580134,1632701,9788424,9,10,61392,0,1080,1920,512,218,934,640,178084,0.086,,
1580135,1632701,9788424,9,10,61416,0,1080,1920,512,261,934,683,178084,0.086,,
1580136,1632701,9788424,9,10,61440,0,1080,1920,1177,182,1381,385,41412,0.02,,
1580137,1632701,9788424,9,10,61464,0,1080,1920,1177,202,1381,406,41616,0.02,,
1580138,1632701,9788424,9,10,61488,0,1080,1920,1232,216,1402,385,28730,0.014,,
1580139,1632701,9788424,9,10,61536,0,1080,1920,512,175,934,598,178506,0.086,,
1580140,1632701,9788424,9,10,61560,0,1080,1920,512,175,934,598,178506,0.086,,
1580141,1632701,9788424,9,10,61584,0,1080,1920,512,175,934,598,178506,0.086,,
1580142,1632701,9788424,9,10,61608,0,1080,1920,469,175,891,598,178506,0.086,,
1580143,1632701,9788424,9,10,61632,0,1080,1920,455,182,658,385,41209,0.02,,
1580144,1632701,9788424,9,10,61680,0,1080,1920,1311,460,1359,508,2304,0.001,,
1580145,1632701,9788424,9,10,61704,0,1080,1920,1627,180,1695,248,4624,0.002,,
1580146,1632701,9788424,9,10,61704,1,1080,1920,1028,436,1076,484,2304,0.001,,
1580147,1632701,9788424,9,10,61704,2,1080,1920,572,235,620,282,2256,0.001,,
1580148,1632701,9788424,9,10,61728,0,1080,1920,873,241,912,281,1560,0.001,,
1580149,1632701,9788424,9,10,61728,1,1080,1920,419,221,466,268,2209,0.001,,
1580150,1632701,9788424,9,10,61752,0,1080,1920,981,275,1038,332,3249,0.002,,
1580151,1632701,9788424,9,10,61776,0,1080,1920,949,270,1018,338,4692,0.002,,
1580152,1632701,9788424,9,10,61800,0,1080,1920,991,270,1059,338,4624,0.002,,
1580153,1632701,9788424,9,10,61824,0,1080,1920,991,270,1059,338,4624,0.002,,
1580154,1632701,9788424,9,10,61848,0,1080,1920,1134,217,1232,316,9702,0.005,,
1580155,1632701,9788424,9,10,61848,1,1080,1920,387,188,486,286,9702,0.005,,
1580156,1632701,9788424,9,10,61872,0,1080,1920,1134,217,1232,316,9702,0.005,,
1580157,1632701,9788424,9,10,61872,1,1080,1920,387,188,486,286,9702,0.005,,
1580158,1632701,9788424,9,10,61896,0,1080,1920,1144,208,1242,306,9604,0.005,,
1580159,1632701,9788424,9,10,61896,1,1080,1920,387,188,486,286,9702,0.005,,
1580160,1632701,9788424,9,10,61920,0,1080,1920,1144,208,1242,306,9604,0.005,,
1580161,1632701,9788424,9,10,61920,1,1080,1920,387,188,486,286,9702,0.005,,
1580162,1632701,9788424,9,10,61944,0,1080,1920,1144,208,1242,306,9604,0.005,,
1580163,1632701,9788424,9,10,61944,1,1080,1920,387,188,486,286,9702,0.005,,
1580164,1632701,9788424,9,10,61968,0,1080,1920,1134,208,1232,306,9604,0.005,,
1580165,1632701,9788424,9,10,61968,1,1080,1920,387,188,486,286,9702,0.005,,
1580166,1632701,9788424,9,10,61992,0,1080,1920,1404,216,1574,385,28730,0.014,,
1580167,1632701,9788424,9,10,62016,0,1080,1920,1421,216,1591,385,28730,0.014,,
1580168,1632701,9788424,9,10,62040,0,1080,1920,1421,216,1591,385,28730,0.014,,
1580169,1632701,9788424,9,10,62064,0,1080,1920,1421,216,1591,385,28730,0.014,,
1580170,1632701,9788424,9,10,62088,0,1080,1920,1421,233,1591,403,28900,0.014,,
1580171,1632701,9788424,9,10,62112,0,1080,1920,1404,216,1574,385,28730,0.014,,
1580172,1632701,9788424,9,10,62136,0,1080,1920,1421,216,1591,385,28730,0.014,,
1580173,1632701,9788424,9,10,62160,0,1080,1920,1445,223,1649,427,41616,0.02,,
1580174,1632701,9788424,9,10,62184,0,1080,1920,744,182,947,385,41209,0.02,,
1580175,1632701,9788424,9,10,62208,0,1080,1920,744,161,947,365,41412,0.02,,
1580176,1632701,9788424,9,10,62232,0,1080,1920,1421,250,1591,420,28900,0.014,,
1580177,1632701,9788424,9,10,62256,0,1080,1920,1456,250,1625,420,28730,0.014,,
1580178,1632701,9788424,9,10,62280,0,1080,1920,1421,250,1591,420,28900,0.014,,
1580179,1632701,9788424,9,10,62304,0,1080,1920,1387,250,1557,420,28900,0.014,,
1580180,1632701,9788424,9,10,62304,1,1080,1920,661,182,865,385,41412,0.02,,
1580181,1632701,9788424,9,10,62328,0,1080,1920,583,132,828,376,59780,0.029,,
1580182,1632701,9788424,9,10,62328,1,1080,1920,1404,250,1574,420,28900,0.014,,
1580183,1632701,9788424,9,10,62352,0,1080,1920,583,132,828,376,59780,0.029,,
1580184,1632701,9788424,9,10,62376,0,1080,1920,583,132,828,376,59780,0.029,,
1580185,1632701,9788424,9,10,62400,0,1080,1920,1421,250,1591,420,28900,0.014,,
1580186,1632701,9788424,9,10,62400,1,1080,1920,640,140,844,344,41616,0.02,,
1580187,1632701,9788424,9,10,62424,0,1080,1920,534,132,778,376,59536,0.029,,
1580188,1632701,9788424,9,10,62448,0,1080,1920,599,161,803,365,41616,0.02,,
1580189,1632701,9788424,9,10,62472,0,1080,1920,1456,250,1625,420,28730,0.014,,
1580190,1632701,9788424,9,10,62496,0,1080,1920,1456,233,1625,403,28730,0.014,,
1580191,1632701,9788424,9,10,62520,0,1080,1920,1473,216,1643,385,28730,0.014,,
1580192,1632701,9788424,9,10,62544,0,1080,1920,1524,233,1694,403,28900,0.014,,
1580193,1632701,9788424,9,10,62544,1,1080,1920,702,161,906,365,41616,0.02,,
1580194,1632701,9788424,9,10,62568,0,1080,1920,640,161,844,365,41616,0.02,,
1580195,1632701,9788424,9,10,62592,0,1080,1920,640,140,844,344,41616,0.02,,
1580196,1632701,9788424,9,10,62616,0,1080,1920,496,161,700,365,41616,0.02,,
1580197,1632701,9788424,9,10,62640,0,1080,1920,335,255,580,500,60025,0.029,,
1580198,1632701,9788424,9,10,62664,0,1080,1920,558,156,803,401,60025,0.029,,
1580199,1632701,9788424,9,10,62688,0,1080,1920,534,156,778,401,59780,0.029,,
1580200,1632701,9788424,9,10,62712,0,1080,1920,484,181,729,426,60025,0.029,,
1580201,1632701,9788424,9,10,62760,0,1080,1920,763,166,1057,459,86142,0.042,,
1580202,1632701,9788424,9,10,62784,0,1080,1920,676,137,1028,489,123904,0.06,,
1580203,1632701,9788424,9,10,62808,0,1080,1920,747,172,1099,525,124256,0.06,,
1580204,1632701,9788424,9,10,62832,0,1080,1920,711,208,1063,560,123904,0.06,,
1580205,1632701,9788424,9,10,62856,0,1080,1920,1060,240,1202,382,20164,0.01,,
1580206,1632701,9788424,9,10,62880,0,1080,1920,1046,212,1188,353,20022,0.01,,
1580207,1632701,9788424,9,10,62904,0,1080,1920,1032,197,1173,339,20022,0.01,,
1580208,1632701,9788424,9,10,62928,0,1080,1920,1026,198,1195,368,28730,0.014,,
1580209,1632701,9788424,9,10,62952,0,1080,1920,974,226,1116,368,20164,0.01,,
1580210,1632701,9788424,9,10,62976,0,1080,1920,640,172,992,525,124256,0.06,,
1580211,1632701,9788424,9,10,63000,0,1080,1920,604,172,956,525,124256,0.06,,
1580212,1632701,9788424,9,10,63024,0,1080,1920,604,172,956,525,124256,0.06,,
1580213,1632701,9788424,9,10,63048,0,1080,1920,604,172,956,525,124256,0.06,,
1580214,1632701,9788424,9,10,63072,0,1080,1920,640,172,992,525,124256,0.06,,
1580215,1632701,9788424,9,10,63096,0,1080,1920,640,172,992,525,124256,0.06,,
1580216,1632701,9788424,9,10,63120,0,1080,1920,640,172,992,525,124256,0.06,,
1580217,1632701,9788424,9,10,63144,0,1080,1920,517,161,720,365,41412,0.02,,
1580218,1632701,9788424,9,10,63168,0,1080,1920,517,182,720,385,41209,0.02,,
1580219,1632701,9788424,9,10,63192,0,1080,1920,475,202,679,406,41616,0.02,,
1580220,1632701,9788424,9,10,63216,0,1080,1920,1154,5,1661,512,257049,0.124,,
1580221,1632701,9788424,9,10,63408,0,1080,1920,1053,78,1257,282,41616,0.02,,
1580222,1632701,9788424,9,10,63432,0,1080,1920,971,140,1174,344,41412,0.02,,
1580223,1632701,9788424,9,10,63456,0,1080,1920,929,140,1133,344,41616,0.02,,
1580224,1632701,9788424,9,10,63480,0,1080,1920,1103,132,1348,376,59780,0.029,,
1580225,1632701,9788424,9,10,63504,0,1080,1920,1178,206,1422,450,59536,0.029,,
1580226,1632701,9788424,9,10,63528,0,1080,1920,1103,181,1348,426,60025,0.029,,
1580227,1632701,9788424,9,10,63552,0,1080,1920,380,537,428,585,2304,0.001,,
1580228,1632701,9788424,9,10,63552,1,1080,1920,1401,384,1458,441,3249,0.002,,
1580229,1632701,9788424,9,10,63576,0,1080,1920,380,537,428,585,2304,0.001,,
1580230,1632701,9788424,9,10,63576,1,1080,1920,1401,379,1458,436,3249,0.002,,
1580231,1632701,9788424,9,10,63600,0,1080,1920,380,537,428,585,2304,0.001,,
1580232,1632701,9788424,9,10,63600,1,1080,1920,1401,379,1458,436,3249,0.002,,
1580233,1632701,9788424,9,10,63624,0,1080,1920,380,537,428,585,2304,0.001,,
1580234,1632701,9788424,9,10,63624,1,1080,1920,1401,379,1458,436,3249,0.002,,
1580235,1632701,9788424,9,10,63648,0,1080,1920,1396,379,1452,436,3192,0.002,,
1580236,1632701,9788424,9,10,63648,1,1080,1920,380,537,428,585,2304,0.001,,
1580237,1632701,9788424,9,10,63672,0,1080,1920,1396,379,1452,436,3192,0.002,,
1580238,1632701,9788424,9,10,63672,1,1080,1920,380,537,428,585,2304,0.001,,
1580239,1632701,9788424,9,10,63696,0,1080,1920,1396,379,1452,436,3192,0.002,,
1580240,1632701,9788424,9,10,63696,1,1080,1920,380,537,428,585,2304,0.001,,
1580241,1632701,9788424,9,10,63720,0,1080,1920,1396,379,1452,436,3192,0.002,,
1580242,1632701,9788424,9,10,63720,1,1080,1920,380,537,428,585,2304,0.001,,
1580243,1632701,9788424,9,10,63744,0,1080,1920,1304,111,1446,253,20164,0.01,,
1580244,1632701,9788424,9,10,63768,0,1080,1920,1290,111,1431,253,20022,0.01,,
1580245,1632701,9788424,9,10,63840,0,1080,1920,1433,154,1575,296,20164,0.01,,
1580246,1632701,9788424,9,10,63864,0,1080,1920,569,244,921,596,123904,0.06,,
1580247,1632701,9788424,9,10,63888,0,1080,1920,569,244,921,596,123904,0.06,,
1580248,1632701,9788424,9,10,63912,0,1080,1920,569,244,921,596,123904,0.06,,
1580249,1632701,9788424,9,10,63936,0,1080,1920,533,244,885,596,123904,0.06,,
1580250,1632701,9788424,9,10,63960,0,1080,1920,1153,206,1397,450,59536,0.029,,
1580251,1632701,9788424,9,10,63984,0,1080,1920,1128,206,1373,450,59780,0.029,,
1580252,1632701,9788424,9,10,64008,0,1080,1920,533,208,885,560,123904,0.06,,
1580253,1632701,9788424,9,10,64032,0,1080,1920,533,208,885,560,123904,0.06,,
1580254,1632701,9788424,9,10,64056,0,1080,1920,1054,206,1298,450,59536,0.029,,
1580255,1632701,9788424,9,10,64104,0,1080,1920,569,208,921,560,123904,0.06,,
1580256,1632701,9788424,9,10,64128,0,1080,1920,533,208,885,560,123904,0.06,,
1580257,1632701,9788424,9,10,64248,0,1080,1920,1509,249,1577,317,4624,0.002,,
1580258,1632701,9788424,9,10,64272,0,1080,1920,1357,256,1425,324,4624,0.002,,
1580259,1632701,9788424,9,10,64296,0,1080,1920,1281,249,1349,317,4624,0.002,,
1580260,1632701,9788424,9,10,64320,0,1080,1920,1191,235,1259,303,4624,0.002,,
1580261,1632701,9788424,9,10,64368,0,1080,1920,1025,235,1094,303,4692,0.002,,
1580262,1632701,9788424,9,10,64392,0,1080,1920,949,228,1018,297,4761,0.002,,
1580263,1632701,9788424,9,10,64416,0,1080,1920,745,240,887,382,20164,0.01,,
1580264,1632701,9788424,9,10,64416,1,1080,1920,29,357,127,455,9604,0.005,,
1580265,1632701,9788424,9,10,64416,2,1080,1920,1438,233,1608,403,28900,0.014,,
1580266,1632701,9788424,9,10,64440,0,1080,1920,1562,283,1704,425,20164,0.01,,
1580267,1632701,9788424,9,10,64440,1,1080,1920,129,291,247,409,13924,0.007,,
1580268,1632701,9788424,9,10,64440,2,1080,1920,860,226,1001,368,20022,0.01,,
1580269,1632701,9788424,9,10,64464,0,1080,1920,10,255,128,373,13924,0.007,,
1580270,1632701,9788424,9,10,64464,1,1080,1920,1634,283,1775,425,20022,0.01,,
1580271,1632701,9788424,9,10,64488,0,1080,1920,995,267,1093,366,9702,0.005,,
1580272,1632701,9788424,9,10,64488,1,1080,1920,237,219,355,337,13924,0.007,,
1580273,1632701,9788424,9,10,64488,2,1080,1920,1648,298,1790,439,20022,0.01,,
1580274,1632701,9788424,9,10,64512,0,1080,1920,1034,277,1133,375,9702,0.005,,
1580275,1632701,9788424,9,10,64512,1,1080,1920,1646,315,1764,433,13924,0.007,,
1580276,1632701,9788424,9,10,64536,0,1080,1920,1034,277,1133,375,9702,0.005,,
1580277,1632701,9788424,9,10,64536,1,1080,1920,1610,315,1728,433,13924,0.007,,
1580278,1632701,9788424,9,10,64560,0,1080,1920,820,373,876,430,3192,0.002,,
1580279,1632701,9788424,9,10,64584,0,1080,1920,811,346,879,414,4624,0.002,,
1580280,1632701,9788424,9,10,64608,0,1080,1920,1425,65,1777,418,124256,0.06,,
1580281,1632701,9788424,9,10,64632,0,1080,1920,1211,101,1563,453,123904,0.06,,
1580282,1632701,9788424,9,10,64656,0,1080,1920,1179,136,1473,429,86142,0.042,,
1580283,1632701,9788424,9,10,64680,0,1080,1920,1209,136,1503,429,86142,0.042,,
1580284,1632701,9788424,9,10,64704,0,1080,1920,1209,136,1503,429,86142,0.042,,
1580285,1632701,9788424,9,10,64728,0,1080,1920,631,255,749,373,13924,0.007,,
1580286,1632701,9788424,9,10,64752,0,1080,1920,607,231,725,349,13924,0.007,,
1580287,1632701,9788424,9,10,64776,0,1080,1920,592,328,674,410,6724,0.003,,
1580288,1632701,9788424,9,10,64800,0,1080,1920,562,346,630,414,4624,0.002,,
1580289,1632701,9788424,9,10,65064,0,1080,1920,643,219,761,337,13924,0.007,,
1580290,1632701,9788424,9,10,65064,1,1080,1920,1157,148,1275,266,13924,0.007,,
1580291,1632701,9788424,9,10,65088,0,1080,1920,655,219,773,337,13924,0.007,,
1580292,1632701,9788424,9,10,65088,1,1080,1920,1184,158,1282,256,9604,0.005,,
1580293,1632701,9788424,9,10,65112,0,1080,1920,655,219,773,337,13924,0.007,,
1580294,1632701,9788424,9,10,65112,1,1080,1920,1174,148,1272,246,9604,0.005,,
1580295,1632701,9788424,9,10,65136,0,1080,1920,645,212,786,353,19881,0.01,,
1580296,1632701,9788424,9,10,65136,1,1080,1920,1164,148,1262,246,9604,0.005,,
1580297,1632701,9788424,9,10,65160,0,1080,1920,645,212,786,353,19881,0.01,,
1580298,1632701,9788424,9,10,65160,1,1080,1920,1133,124,1251,242,13924,0.007,,
1580299,1632701,9788424,9,10,65232,0,1080,1920,520,540,577,597,3249,0.002,,
1580300,1632701,9788424,9,10,65256,0,1080,1920,566,517,623,574,3249,0.002,,
1580301,1632701,9788424,9,10,65304,0,1080,1920,503,361,560,418,3249,0.002,,
1580302,1632701,9788424,9,10,65328,0,1080,1920,569,172,921,525,124256,0.06,,
1580303,1632701,9788424,9,10,65352,0,1080,1920,462,244,814,596,123904,0.06,,
1580304,1632701,9788424,9,10,65376,0,1080,1920,597,261,1020,683,178506,0.086,,
1580305,1632701,9788424,9,10,65400,0,1080,1920,726,261,1148,683,178084,0.086,,
1580306,1632701,9788424,9,10,65424,0,1080,1920,554,261,977,683,178506,0.086,,
1580307,1632701,9788424,9,10,65448,0,1080,1920,1172,499,1220,546,2256,0.001,,
1580308,1632701,9788424,9,10,65472,0,1080,1920,1172,504,1220,551,2256,0.001,,
1580309,1632701,9788424,9,10,65496,0,1080,1920,1172,508,1220,556,2304,0.001,,
1580310,1632701,9788424,9,10,65520,0,1080,1920,486,210,993,717,257049,0.124,,
1580311,1632701,9788424,9,10,65544,0,1080,1920,1074,158,1172,256,9604,0.005,,
1580312,1632701,9788424,9,10,65568,0,1080,1920,1313,188,1411,286,9604,0.005,,
1580313,1632701,9788424,9,10,65592,0,1080,1920,1103,132,1348,376,59780,0.029,,
1580314,1632701,9788424,9,10,65616,0,1080,1920,683,218,1105,640,178084,0.086,,
1580315,1632701,9788424,9,10,65640,0,1080,1920,459,181,704,426,60025,0.029,,
1580316,1632701,9788424,9,10,65664,0,1080,1920,585,255,878,548,85849,0.041,,
1580317,1632701,9788424,9,10,65688,0,1080,1920,426,261,849,683,178506,0.086,,
1580318,1632701,9788424,9,10,65712,0,1080,1920,469,303,891,726,178506,0.086,,
1580319,1632701,9788424,9,10,65736,0,1080,1920,554,261,977,683,178506,0.086,,
1580320,1632701,9788424,9,10,65760,0,1080,1920,554,261,977,683,178506,0.086,,
1580321,1632701,9788424,9,10,65784,0,1080,1920,997,208,1349,560,123904,0.06,,
1580322,1632701,9788424,9,10,65808,0,1080,1920,982,132,1405,555,178929,0.086,,
1580323,1632701,9788424,9,10,65832,0,1080,1920,940,132,1362,555,178506,0.086,,
1580324,1632701,9788424,9,10,65856,0,1080,1920,509,132,753,376,59536,0.029,,
1580325,1632701,9788424,9,10,65856,1,1080,1920,1128,255,1373,500,60025,0.029,,
1580326,1632701,9788424,9,10,65880,0,1080,1920,484,181,729,426,60025,0.029,,
1580327,1632701,9788424,9,10,65880,1,1080,1920,1277,231,1521,475,59536,0.029,,
1580328,1632701,9788424,9,10,65904,0,1080,1920,558,244,762,447,41412,0.02,,
1580329,1632701,9788424,9,10,65904,1,1080,1920,1090,285,1384,578,86142,0.042,,
1580330,1632701,9788424,9,10,65928,0,1080,1920,569,244,921,596,123904,0.06,,
1580331,1632701,9788424,9,10,65952,0,1080,1920,940,261,1362,683,178084,0.086,,
1580332,1632701,9788424,9,10,65976,0,1080,1920,961,279,1313,632,124256,0.06,,
1580333,1632701,9788424,9,10,66000,0,1080,1920,961,279,1313,632,124256,0.06,,
1580334,1632701,9788424,9,10,66024,0,1080,1920,389,112,559,282,28900,0.014,,
1580335,1632701,9788424,9,10,66024,1,1080,1920,991,250,1161,420,28900,0.014,,
1580336,1632701,9788424,9,10,66048,0,1080,1920,360,156,605,401,60025,0.029,,
1580337,1632701,9788424,9,10,66048,1,1080,1920,991,264,1195,468,41616,0.02,,
1580338,1632701,9788424,9,10,66072,0,1080,1920,1029,280,1273,525,59780,0.029,,
1580339,1632701,9788424,9,10,66072,1,1080,1920,459,181,704,426,60025,0.029,,
1580340,1632701,9788424,9,10,66096,0,1080,1920,1383,306,1587,509,41412,0.02,,
1580341,1632701,9788424,9,10,66096,1,1080,1920,335,206,580,450,59780,0.029,,
1580342,1632701,9788424,9,10,66120,0,1080,1920,462,208,814,560,123904,0.06,,
1580343,1632701,9788424,9,10,66144,0,1080,1920,1318,244,1670,596,123904,0.06,,
1580344,1632701,9788424,9,10,66168,0,1080,1920,569,244,921,596,123904,0.06,,
1580345,1632701,9788424,9,10,66192,0,1080,1920,597,218,1020,640,178506,0.086,,
1580346,1632701,9788424,9,10,66216,0,1080,1920,753,99,1362,707,370272,0.179,,
1580347,1632701,9788424,9,10,66240,0,1080,1920,322,99,930,707,369664,0.178,,
1580348,1632701,9788424,9,10,66264,0,1080,1920,506,222,1115,830,370272,0.179,,
1580349,1632701,9788424,9,10,66312,0,1080,1920,597,175,1020,598,178929,0.086,,
1580350,1632701,9788424,9,10,66384,0,1080,1920,811,218,1234,640,178506,0.086,,
1580351,1632701,9788424,9,10,66408,0,1080,1920,683,261,1105,683,178084,0.086,,
1580352,1632701,9788424,9,10,66456,0,1080,1920,484,280,729,525,60025,0.029,,
1580353,1632701,9788424,9,10,66456,1,1080,1920,1239,195,1532,489,86142,0.042,,
1580354,1632701,9788424,9,10,66480,0,1080,1920,383,432,806,854,178506,0.086,,
1580355,1632701,9788424,9,10,66480,1,1080,1920,1196,89,1619,512,178929,0.086,,
1580356,1632701,9788424,9,10,66504,0,1080,1920,890,279,1242,632,124256,0.06,,
1580357,1632701,9788424,9,10,66528,0,1080,1920,587,197,729,339,20164,0.01,,
1580358,1632701,9788424,9,10,66528,1,1080,1920,1253,267,1352,366,9801,0.005,,
1580359,1632701,9788424,9,10,66552,0,1080,1920,492,130,662,299,28730,0.014,,
1580360,1632701,9788424,9,10,66576,0,1080,1920,732,156,976,401,59780,0.029,,
1580361,1632701,9788424,9,10,66600,0,1080,1920,764,182,968,385,41412,0.02,,
1580362,1632701,9788424,9,10,66624,0,1080,1920,707,156,952,401,60025,0.029,,
1580363,1632701,9788424,9,10,66648,0,1080,1920,633,82,877,327,59780,0.029,,
1580364,1632701,9788424,9,10,66672,0,1080,1920,979,132,1224,376,59780,0.029,,
1580365,1632701,9788424,9,10,66672,1,1080,1920,224,443,292,511,4624,0.002,,
1580366,1632701,9788424,9,10,66696,0,1080,1920,991,140,1195,344,41616,0.02,,
1580367,1632701,9788424,9,10,66720,0,1080,1920,940,218,1362,640,178084,0.086,,
1580368,1632701,9788424,9,10,66768,0,1080,1920,656,178,754,276,9604,0.005,,
1580369,1632701,9788424,9,10,66792,0,1080,1920,658,162,740,244,6724,0.003,,
1580370,1632701,9788424,9,10,66816,0,1080,1920,512,218,934,640,178084,0.086,,
1580371,1632701,9788424,9,10,66840,0,1080,1920,768,218,1191,640,178506,0.086,,
1580372,1632701,9788424,9,10,66864,0,1080,1920,897,218,1319,640,178084,0.086,,
1580373,1632701,9788424,9,10,66888,0,1080,1920,435,210,942,717,257049,0.124,,
1580374,1632701,9788424,9,10,67056,0,1080,1920,517,244,720,447,41209,0.02,,
1580375,1632701,9788424,9,10,67080,0,1080,1920,723,182,927,385,41412,0.02,,
1580376,1632701,9788424,9,10,67104,0,1080,1920,950,140,1154,344,41616,0.02,,
1580377,1632701,9788424,9,10,67128,0,1080,1920,826,140,1030,344,41616,0.02,,
1580378,1632701,9788424,9,10,67152,0,1080,1920,867,161,1071,365,41616,0.02,,
1580379,1632701,9788424,9,10,67176,0,1080,1920,867,161,1071,365,41616,0.02,,
1580380,1632701,9788424,9,10,67200,0,1080,1920,847,140,1051,344,41616,0.02,,
1580381,1632701,9788424,9,10,67224,0,1080,1920,826,161,1030,365,41616,0.02,,
1580382,1632701,9788424,9,10,67392,0,1080,1920,768,346,1191,769,178929,0.086,,
1580383,1632701,9788424,9,10,67416,0,1080,1920,846,284,914,352,4624,0.002,,
1580384,1632701,9788424,9,10,67608,0,1080,1920,596,168,695,266,9702,0.005,,
1580385,1632701,9788424,9,10,67632,0,1080,1920,646,158,744,256,9604,0.005,,
1580386,1632701,9788424,9,10,67656,0,1080,1920,706,178,804,276,9604,0.005,,
1580387,1632701,9788424,9,10,67680,0,1080,1920,428,160,546,278,13924,0.007,,
1580388,1632701,9788424,9,10,67704,0,1080,1920,510,95,680,265,28900,0.014,,
1580389,1632701,9788424,9,10,67728,0,1080,1920,647,147,817,317,28900,0.014,,
1580390,1632701,9788424,9,10,67752,0,1080,1920,702,202,906,406,41616,0.02,,
1580391,1632701,9788424,9,10,67776,0,1080,1920,707,156,952,401,60025,0.029,,
1580392,1632701,9788424,9,10,67800,0,1080,1920,852,106,1146,400,86436,0.042,,
1580393,1632701,9788424,9,10,67824,0,1080,1920,854,65,1206,418,124256,0.06,,
