,img_height,img_width,face_num,x1,x2,y1,y2,area,pct_of_frame,frame_num,video_src,season,episode,series_id,encoding_path
0,1080,1920,0,424,594,112,282,28900,0.014,72,/home/amos/media/tv/White.Collar.S01-S06.1080p.BluRay.x265-RARBG/White.Collar.S06.1080p.WEBRip.x265-RARBG/White.Collar.S06E04.1080p.WEBRip.x265-RARBG.mp4,6,4,1358522,data/encodings/1358522/1358522_S06E04_72_0.npy
1,1080,1920,0,762,819,212,268,3192,0.002,96,/home/amos/media/tv/White.Collar.S01-S06.1080p.BluRay.x265-RARBG/White.Collar.S06.1080p.WEBRip.x265-RARBG/White.Collar.S06E04.1080p.WEBRip.x265-RARBG.mp4,6,4,1358522,data/encodings/1358522/1358522_S06E04_96_0.npy
2,1080,1920,1,1044,1143,237,336,9801,0.005,96,/home/amos/media/tv/White.Collar.S01-S06.1080p.BluRay.x265-RARBG/White.Collar.S06.1080p.WEBRip.x265-RARBG/White.Collar.S06E04.1080p.WEBRip.x265-RARBG.mp4,6,4,1358522,data/encodings/1358522/1358522_S06E04_96_1.npy
3,1080,1920,0,444,586,126,267,20022,0.01,120,/home/amos/media/tv/White.Collar.S01-S06.1080p.BluRay.x265-RARBG/White.Collar.S06.1080p.WEBRip.x265-RARBG/White.Collar.S06E04.1080p.WEBRip.x265-RARBG.mp4,6,4,1358522,data/encodings/1358522/1358522_S06E04_120_0.npy
4,1080,1920,1,1691,1790,307,405,9702,0.005,120,/home/amos/media/tv/White.Collar.S01-S06.1080p.BluRay.x265-RARBG/White.Collar.S06.1080p.WEBRip.x265-RARBG/White.Collar.S06E04.1080p.WEBRip.x265-RARBG.mp4,6,4,1358522,data/encodings/1358522/1358522_S06E04_120_1.npy
5,1080,1920,2,1412,1481,367,435,4692,0.002,120,/home/amos/media/tv/White.Collar.S01-S06.1080p.BluRay.x265-RARBG/White.Collar.S06.1080p.WEBRip.x265-RARBG/White.Collar.S06E04.1080p.WEBRip.x265-RARBG.mp4,6,4,1358522,data/encodings/1358522/1358522_S06E04_120_2.npy
6,1080,1920,3,338,436,257,356,9702,0.005,120,/home/amos/media/tv/White.Collar.S01-S06.1080p.BluRay.x265-RARBG/White.Collar.S06.1080p.WEBRip.x265-RARBG/White.Collar.S06E04.1080p.WEBRip.x265-RARBG.mp4,6,4,1358522,data/encodings/1358522/1358522_S06E04_120_3.npy
7,1080,1920,0,377,670,225,519,86142,0.042,144,/home/amos/media/tv/White.Collar.S01-S06.1080p.BluRay.x265-RARBG/White.Collar.S06.1080p.WEBRip.x265-RARBG/White.Collar.S06E04.1080p.WEBRip.x265-RARBG.mp4,6,4,1358522,data/encodings/1358522/1358522_S06E04_144_0.npy
8,1080,1920,0,1178,1422,181,426,59780,0.029,168,/home/amos/media/tv/White.Collar.S01-S06.1080p.BluRay.x265-RARBG/White.Collar.S06.1080p.WEBRip.x265-RARBG/White.Collar.S06E04.1080p.WEBRip.x265-RARBG.mp4,6,4,1358522,data/encodings/1358522/1358522_S06E04_168_0.npy
9,1080,1920,0,1012,1216,285,489,41616,0.02,192,/home/amos/media/tv/White.Collar.S01-S06.1080p.BluRay.x265-RARBG/White.Collar.S06.1080p.WEBRip.x265-RARBG/White.Collar.S06E04.1080p.WEBRip.x265-RARBG.mp4,6,4,1358522,data/encodings/1358522/1358522_S06E04_192_0.npy
10,1080,1920,0,768,938,181,351,28900,0.014,216,/home/amos/media/tv/White.Collar.S01-S06.1080p.BluRay.x265-RARBG/White.Collar.S06.1080p.WEBRip.x265-RARBG/White.Collar.S06E04.1080p.WEBRip.x265-RARBG.mp4,6,4,1358522,data/encodings/1358522/1358522_S06E04_216_0.npy
11,1080,1920,1,1370,1539,147,317,28730,0.014,216,/home/amos/media/tv/White.Collar.S01-S06.1080p.BluRay.x265-RARBG/White.Collar.S06.1080p.WEBRip.x265-RARBG/White.Collar.S06E04.1080p.WEBRip.x265-RARBG.mp4,6,4,1358522,data/encodings/1358522/1358522_S06E04_216_1.npy
12,1080,1920,0,817,958,183,325,20022,0.01,240,/home/amos/media/tv/White.Collar.S01-S06.1080p.BluRay.x265-RARBG/White.Collar.S06.1080p.WEBRip.x265-RARBG/White.Collar.S06E04.1080p.WEBRip.x265-RARBG.mp4,6,4,1358522,data/encodings/1358522/1358522_S06E04_240_0.npy
13,1080,1920,1,1335,1505,130,299,28730,0.014,240,/home/amos/media/tv/White.Collar.S01-S06.1080p.BluRay.x265-RARBG/White.Collar.S06.1080p.WEBRip.x265-RARBG/White.Collar.S06E04.1080p.WEBRip.x265-RARBG.mp4,6,4,1358522,data/encodings/1358522/1358522_S06E04_240_1.npy
14,1080,1920,0,922,1092,198,368,28900,0.014,264,/home/amos/media/tv/White.Collar.S01-S06.1080p.BluRay.x265-RARBG/White.Collar.S06.1080p.WEBRip.x265-RARBG/White.Collar.S06E04.1080p.WEBRip.x265-RARBG.mp4,6,4,1358522,data/encodings/1358522/1358522_S06E04_264_0.npy
15,1080,1920,1,1318,1488,147,317,28900,0.014,264,/home/amos/media/tv/White.Collar.S01-S06.1080p.BluRay.x265-RARBG/White.Collar.S06.1080p.WEBRip.x265-RARBG/White.Collar.S06E04.1080p.WEBRip.x265-RARBG.mp4,6,4,1358522,data/encodings/1358522/1358522_S06E04_264_1.npy
16,1080,1920,0,903,1044,212,353,19881,0.01,288,/home/amos/media/tv/White.Collar.S01-S06.1080p.BluRay.x265-RARBG/White.Collar.S06.1080p.WEBRip.x265-RARBG/White.Collar.S06E04.1080p.WEBRip.x265-RARBG.mp4,6,4,1358522,data/encodings/1358522/1358522_S06E04_288_0.npy
17,1080,1920,1,1301,1471,147,317,28900,0.014,288,/home/amos/media/tv/White.Collar.S01-S06.1080p.BluRay.x265-RARBG/White.Collar.S06.1080p.WEBRip.x265-RARBG/White.Collar.S06E04.1080p.WEBRip.x265-RARBG.mp4,6,4,1358522,data/encodings/1358522/1358522_S06E04_288_1.npy
18,1080,1920,0,957,1127,302,471,28730,0.014,312,/home/amos/media/tv/White.Collar.S01-S06.1080p.BluRay.x265-RARBG/White.Collar.S06.1080p.WEBRip.x265-RARBG/White.Collar.S06E04.1080p.WEBRip.x265-RARBG.mp4,6,4,1358522,data/encodings/1358522/1358522_S06E04_312_0.npy
19,1080,1920,0,1034,1133,237,336,9801,0.005,336,/home/amos/media/tv/White.Collar.S01-S06.1080p.BluRay.x265-RARBG/White.Collar.S06.1080p.WEBRip.x265-RARBG/White.Collar.S06E04.1080p.WEBRip.x265-RARBG.mp4,6,4,1358522,data/encodings/1358522/1358522_S06E04_336_0.npy
20,1080,1920,1,500,618,279,397,13924,0.007,336,/home/amos/media/tv/White.Collar.S01-S06.1080p.BluRay.x265-RARBG/White.Collar.S06.1080p.WEBRip.x265-RARBG/White.Collar.S06E04.1080p.WEBRip.x265-RARBG.mp4,6,4,1358522,data/encodings/1358522/1358522_S06E04_336_1.npy
21,1080,1920,0,894,1012,243,361,13924,0.007,360,/home/amos/media/tv/White.Collar.S01-S06.1080p.BluRay.x265-RARBG/White.Collar.S06.1080p.WEBRip.x265-RARBG/White.Collar.S06E04.1080p.WEBRip.x265-RARBG.mp4,6,4,1358522,data/encodings/1358522/1358522_S06E04_360_0.npy
22,1080,1920,1,430,571,269,411,20022,0.01,360,/home/amos/media/tv/White.Collar.S01-S06.1080p.BluRay.x265-RARBG/White.Collar.S06.1080p.WEBRip.x265-RARBG/White.Collar.S06E04.1080p.WEBRip.x265-RARBG.mp4,6,4,1358522,data/encodings/1358522/1358522_S06E04_360_1.npy
23,1080,1920,0,500,618,279,397,13924,0.007,384,/home/amos/media/tv/White.Collar.S01-S06.1080p.BluRay.x265-RARBG/White.Collar.S06.1080p.WEBRip.x265-RARBG/White.Collar.S06E04.1080p.WEBRip.x265-RARBG.mp4,6,4,1358522,data/encodings/1358522/1358522_S06E04_384_0.npy
24,1080,1920,1,985,1083,257,356,9702,0.005,384,/home/amos/media/tv/White.Collar.S01-S06.1080p.BluRay.x265-RARBG/White.Collar.S06.1080p.WEBRip.x265-RARBG/White.Collar.S06E04.1080p.WEBRip.x265-RARBG.mp4,6,4,1358522,data/encodings/1358522/1358522_S06E04_384_1.npy
25,1080,1920,2,318,416,327,425,9604,0.005,384,/home/amos/media/tv/White.Collar.S01-S06.1080p.BluRay.x265-RARBG/White.Collar.S06.1080p.WEBRip.x265-RARBG/White.Collar.S06E04.1080p.WEBRip.x265-RARBG.mp4,6,4,1358522,data/encodings/1358522/1358522_S06E04_384_2.npy
26,1080,1920,0,517,599,312,394,6724,0.003,456,/home/amos/media/tv/White.Collar.S01-S06.1080p.BluRay.x265-RARBG/White.Collar.S06.1080p.WEBRip.x265-RARBG/White.Collar.S06E04.1080p.WEBRip.x265-RARBG.mp4,6,4,1358522,data/encodings/1358522/1358522_S06E04_456_0.npy
27,1080,1920,0,1023,1071,340,388,2304,0.001,576,/home/amos/media/tv/White.Collar.S01-S06.1080p.BluRay.x265-RARBG/White.Collar.S06.1080p.WEBRip.x265-RARBG/White.Collar.S06E04.1080p.WEBRip.x265-RARBG.mp4,6,4,1358522,data/encodings/1358522/1358522_S06E04_576_0.npy
28,1080,1920,0,1028,1076,374,421,2256,0.001,600,/home/amos/media/tv/White.Collar.S01-S06.1080p.BluRay.x265-RARBG/White.Collar.S06.1080p.WEBRip.x265-RARBG/White.Collar.S06E04.1080p.WEBRip.x265-RARBG.mp4,6,4,1358522,data/encodings/1358522/1358522_S06E04_600_0.npy
29,1080,1920,1,547,645,257,356,9702,0.005,600,/home/amos/media/tv/White.Collar.S01-S06.1080p.BluRay.x265-RARBG/White.Collar.S06.1080p.WEBRip.x265-RARBG/White.Collar.S06E04.1080p.WEBRip.x265-RARBG.mp4,6,4,1358522,data/encodings/1358522/1358522_S06E04_600_1.npy
30,1080,1920,2,1452,1551,506,604,9702,0.005,600,/home/amos/media/tv/White.Collar.S01-S06.1080p.BluRay.x265-RARBG/White.Collar.S06.1080p.WEBRip.x265-RARBG/White.Collar.S06E04.1080p.WEBRip.x265-RARBG.mp4,6,4,1358522,data/encodings/1358522/1358522_S06E04_600_2.npy
31,1080,1920,0,1028,1076,398,445,2256,0.001,624,/home/amos/media/tv/White.Collar.S01-S06.1080p.BluRay.x265-RARBG/White.Collar.S06.1080p.WEBRip.x265-RARBG/White.Collar.S06E04.1080p.WEBRip.x265-RARBG.mp4,6,4,1358522,data/encodings/1358522/1358522_S06E04_624_0.npy
32,1080,1920,1,547,645,267,366,9702,0.005,624,/home/amos/media/tv/White.Collar.S01-S06.1080p.BluRay.x265-RARBG/White.Collar.S06.1080p.WEBRip.x265-RARBG/White.Collar.S06E04.1080p.WEBRip.x265-RARBG.mp4,6,4,1358522,data/encodings/1358522/1358522_S06E04_624_1.npy
33,1080,1920,0,1028,1076,398,445,2256,0.001,648,/home/amos/media/tv/White.Collar.S01-S06.1080p.BluRay.x265-RARBG/White.Collar.S06.1080p.WEBRip.x265-RARBG/White.Collar.S06E04.1080p.WEBRip.x265-RARBG.mp4,6,4,1358522,data/encodings/1358522/1358522_S06E04_648_0.npy
34,1080,1920,1,547,645,257,356,9702,0.005,648,/home/amos/media/tv/White.Collar.S01-S06.1080p.BluRay.x265-RARBG/White.Collar.S06.1080p.WEBRip.x265-RARBG/White.Collar.S06E04.1080p.WEBRip.x265-RARBG.mp4,6,4,1358522,data/encodings/1358522/1358522_S06E04_648_1.npy
35,1080,1920,0,466,760,195,489,86436,0.042,744,/home/amos/media/tv/White.Collar.S01-S06.1080p.BluRay.x265-RARBG/White.Collar.S06.1080p.WEBRip.x265-RARBG/White.Collar.S06E04.1080p.WEBRip.x265-RARBG.mp4,6,4,1358522,data/encodings/1358522/1358522_S06E04_744_0.npy
36,1080,1920,0,466,760,195,489,86436,0.042,768,/home/amos/media/tv/White.Collar.S01-S06.1080p.BluRay.x265-RARBG/White.Collar.S06.1080p.WEBRip.x265-RARBG/White.Collar.S06E04.1080p.WEBRip.x265-RARBG.mp4,6,4,1358522,data/encodings/1358522/1358522_S06E04_768_0.npy
37,1080,1920,0,466,760,195,489,86436,0.042,792,/home/amos/media/tv/White.Collar.S01-S06.1080p.BluRay.x265-RARBG/White.Collar.S06.1080p.WEBRip.x265-RARBG/White.Collar.S06E04.1080p.WEBRip.x265-RARBG.mp4,6,4,1358522,data/encodings/1358522/1358522_S06E04_792_0.npy
38,1080,1920,0,644,938,195,489,86436,0.042,816,/home/amos/media/tv/White.Collar.S01-S06.1080p.BluRay.x265-RARBG/White.Collar.S06.1080p.WEBRip.x265-RARBG/White.Collar.S06E04.1080p.WEBRip.x265-RARBG.mp4,6,4,1358522,data/encodings/1358522/1358522_S06E04_816_0.npy
39,1080,1920,0,905,1075,112,282,28900,0.014,936,/home/amos/media/tv/White.Collar.S01-S06.1080p.BluRay.x265-RARBG/White.Collar.S06.1080p.WEBRip.x265-RARBG/White.Collar.S06E04.1080p.WEBRip.x265-RARBG.mp4,6,4,1358522,data/encodings/1358522/1358522_S06E04_936_0.npy
40,1080,1920,0,861,900,393,433,1560,0.001,1104,/home/amos/media/tv/White.Collar.S01-S06.1080p.BluRay.x265-RARBG/White.Collar.S06.1080p.WEBRip.x265-RARBG/White.Collar.S06E04.1080p.WEBRip.x265-RARBG.mp4,6,4,1358522,data/encodings/1358522/1358522_S06E04_1104_0.npy
41,1080,1920,0,817,856,357,397,1560,0.001,1128,/home/amos/media/tv/White.Collar.S01-S06.1080p.BluRay.x265-RARBG/White.Collar.S06.1080p.WEBRip.x265-RARBG/White.Collar.S06E04.1080p.WEBRip.x265-RARBG.mp4,6,4,1358522,data/encodings/1358522/1358522_S06E04_1128_0.npy
42,1080,1920,0,820,876,304,361,3192,0.002,1152,/home/amos/media/tv/White.Collar.S01-S06.1080p.BluRay.x265-RARBG/White.Collar.S06.1080p.WEBRip.x265-RARBG/White.Collar.S06E04.1080p.WEBRip.x265-RARBG.mp4,6,4,1358522,data/encodings/1358522/1358522_S06E04_1152_0.npy
43,1080,1920,0,716,814,267,366,9702,0.005,1176,/home/amos/media/tv/White.Collar.S01-S06.1080p.BluRay.x265-RARBG/White.Collar.S06.1080p.WEBRip.x265-RARBG/White.Collar.S06E04.1080p.WEBRip.x265-RARBG.mp4,6,4,1358522,data/encodings/1358522/1358522_S06E04_1176_0.npy
44,1080,1920,0,428,546,327,445,13924,0.007,1272,/home/amos/media/tv/White.Collar.S01-S06.1080p.BluRay.x265-RARBG/White.Collar.S06.1080p.WEBRip.x265-RARBG/White.Collar.S06E04.1080p.WEBRip.x265-RARBG.mp4,6,4,1358522,data/encodings/1358522/1358522_S06E04_1272_0.npy
45,1080,1920,0,1284,1453,181,351,28730,0.014,1560,/home/amos/media/tv/White.Collar.S01-S06.1080p.BluRay.x265-RARBG/White.Collar.S06.1080p.WEBRip.x265-RARBG/White.Collar.S06E04.1080p.WEBRip.x265-RARBG.mp4,6,4,1358522,data/encodings/1358522/1358522_S06E04_1560_0.npy
46,1080,1920,0,1033,1236,161,365,41412,0.02,1584,/home/amos/media/tv/White.Collar.S01-S06.1080p.BluRay.x265-RARBG/White.Collar.S06.1080p.WEBRip.x265-RARBG/White.Collar.S06E04.1080p.WEBRip.x265-RARBG.mp4,6,4,1358522,data/encodings/1358522/1358522_S06E04_1584_0.npy
47,1080,1920,0,1150,1443,166,459,85849,0.041,1728,/home/amos/media/tv/White.Collar.S01-S06.1080p.BluRay.x265-RARBG/White.Collar.S06.1080p.WEBRip.x265-RARBG/White.Collar.S06E04.1080p.WEBRip.x265-RARBG.mp4,6,4,1358522,data/encodings/1358522/1358522_S06E04_1728_0.npy
48,1080,1920,0,942,1235,195,489,86142,0.042,1752,/home/amos/media/tv/White.Collar.S01-S06.1080p.BluRay.x265-RARBG/White.Collar.S06.1080p.WEBRip.x265-RARBG/White.Collar.S06E04.1080p.WEBRip.x265-RARBG.mp4,6,4,1358522,data/encodings/1358522/1358522_S06E04_1752_0.npy
49,1080,1920,0,747,1099,208,560,123904,0.06,1776,/home/amos/media/tv/White.Collar.S01-S06.1080p.BluRay.x265-RARBG/White.Collar.S06.1080p.WEBRip.x265-RARBG/White.Collar.S06E04.1080p.WEBRip.x265-RARBG.mp4,6,4,1358522,data/encodings/1358522/1358522_S06E04_1776_0.npy
50,1080,1920,0,683,1105,175,598,178506,0.086,1800,/home/amos/media/tv/White.Collar.S01-S06.1080p.BluRay.x265-RARBG/White.Collar.S06.1080p.WEBRip.x265-RARBG/White.Collar.S06E04.1080p.WEBRip.x265-RARBG.mp4,6,4,1358522,data/encodings/1358522/1358522_S06E04_1800_0.npy
51,1080,1920,0,726,1148,218,640,178084,0.086,1824,/home/amos/media/tv/White.Collar.S01-S06.1080p.BluRay.x265-RARBG/White.Collar.S06.1080p.WEBRip.x265-RARBG/White.Collar.S06E04.1080p.WEBRip.x265-RARBG.mp4,6,4,1358522,data/encodings/1358522/1358522_S06E04_1824_0.npy
52,1080,1920,0,691,1198,159,666,257049,0.124,1848,/home/amos/media/tv/White.Collar.S01-S06.1080p.BluRay.x265-RARBG/White.Collar.S06.1080p.WEBRip.x265-RARBG/White.Collar.S06E04.1080p.WEBRip.x265-RARBG.mp4,6,4,1358522,data/encodings/1358522/1358522_S06E04_1848_0.npy
53,1080,1920,0,1034,1133,367,465,9702,0.005,1920,/home/amos/media/tv/White.Collar.S01-S06.1080p.BluRay.x265-RARBG/White.Collar.S06.1080p.WEBRip.x265-RARBG/White.Collar.S06E04.1080p.WEBRip.x265-RARBG.mp4,6,4,1358522,data/encodings/1358522/1358522_S06E04_1920_0.npy
54,1080,1920,1,1532,1630,417,515,9604,0.005,1920,/home/amos/media/tv/White.Collar.S01-S06.1080p.BluRay.x265-RARBG/White.Collar.S06.1080p.WEBRip.x265-RARBG/White.Collar.S06E04.1080p.WEBRip.x265-RARBG.mp4,6,4,1358522,data/encodings/1358522/1358522_S06E04_1920_1.npy
55,1080,1920,2,595,713,375,493,13924,0.007,1920,/home/amos/media/tv/White.Collar.S01-S06.1080p.BluRay.x265-RARBG/White.Collar.S06.1080p.WEBRip.x265-RARBG/White.Collar.S06E04.1080p.WEBRip.x265-RARBG.mp4,6,4,1358522,data/encodings/1358522/1358522_S06E04_1920_2.npy
56,1080,1920,0,1214,1312,257,356,9702,0.005,1968,/home/amos/media/tv/White.Collar.S01-S06.1080p.BluRay.x265-RARBG/White.Collar.S06.1080p.WEBRip.x265-RARBG/White.Collar.S06E04.1080p.WEBRip.x265-RARBG.mp4,6,4,1358522,data/encodings/1358522/1358522_S06E04_1968_0.npy
57,1080,1920,1,583,701,208,325,13806,0.007,1968,/home/amos/media/tv/White.Collar.S01-S06.1080p.BluRay.x265-RARBG/White.Collar.S06.1080p.WEBRip.x265-RARBG/White.Collar.S06E04.1080p.WEBRip.x265-RARBG.mp4,6,4,1358522,data/encodings/1358522/1358522_S06E04_1968_1.npy
58,1080,1920,2,1811,1893,403,485,6724,0.003,1968,/home/amos/media/tv/White.Collar.S01-S06.1080p.BluRay.x265-RARBG/White.Collar.S06.1080p.WEBRip.x265-RARBG/White.Collar.S06E04.1080p.WEBRip.x265-RARBG.mp4,6,4,1358522,data/encodings/1358522/1358522_S06E04_1968_2.npy
59,1080,1920,3,1642,1740,307,405,9604,0.005,1968,/home/amos/media/tv/White.Collar.S01-S06.1080p.BluRay.x265-RARBG/White.Collar.S06.1080p.WEBRip.x265-RARBG/White.Collar.S06E04.1080p.WEBRip.x265-RARBG.mp4,6,4,1358522,data/encodings/1358522/1358522_S06E04_1968_3.npy
60,1080,1920,0,645,786,226,368,20022,0.01,1992,/home/amos/media/tv/White.Collar.S01-S06.1080p.BluRay.x265-RARBG/White.Collar.S06.1080p.WEBRip.x265-RARBG/White.Collar.S06E04.1080p.WEBRip.x265-RARBG.mp4,6,4,1358522,data/encodings/1358522/1358522_S06E04_1992_0.npy
61,1080,1920,1,1161,1302,226,368,20022,0.01,1992,/home/amos/media/tv/White.Collar.S01-S06.1080p.BluRay.x265-RARBG/White.Collar.S06.1080p.WEBRip.x265-RARBG/White.Collar.S06E04.1080p.WEBRip.x265-RARBG.mp4,6,4,1358522,data/encodings/1358522/1358522_S06E04_1992_1.npy
62,1080,1920,2,1622,1740,327,445,13924,0.007,1992,/home/amos/media/tv/White.Collar.S01-S06.1080p.BluRay.x265-RARBG/White.Collar.S06.1080p.WEBRip.x265-RARBG/White.Collar.S06E04.1080p.WEBRip.x265-RARBG.mp4,6,4,1358522,data/encodings/1358522/1358522_S06E04_1992_2.npy
63,1080,1920,0,702,844,240,382,20164,0.01,2016,/home/amos/media/tv/White.Collar.S01-S06.1080p.BluRay.x265-RARBG/White.Collar.S06.1080p.WEBRip.x265-RARBG/White.Collar.S06E04.1080p.WEBRip.x265-RARBG.mp4,6,4,1358522,data/encodings/1358522/1358522_S06E04_2016_0.npy
64,1080,1920,1,1247,1388,269,411,20022,0.01,2016,/home/amos/media/tv/White.Collar.S01-S06.1080p.BluRay.x265-RARBG/White.Collar.S06.1080p.WEBRip.x265-RARBG/White.Collar.S06E04.1080p.WEBRip.x265-RARBG.mp4,6,4,1358522,data/encodings/1358522/1358522_S06E04_2016_1.npy
65,1080,1920,2,1598,1716,351,469,13924,0.007,2016,/home/amos/media/tv/White.Collar.S01-S06.1080p.BluRay.x265-RARBG/White.Collar.S06.1080p.WEBRip.x265-RARBG/White.Collar.S06E04.1080p.WEBRip.x265-RARBG.mp4,6,4,1358522,data/encodings/1358522/1358522_S06E04_2016_2.npy
66,1080,1920,0,1192,1310,267,385,13924,0.007,2040,/home/amos/media/tv/White.Collar.S01-S06.1080p.BluRay.x265-RARBG/White.Collar.S06.1080p.WEBRip.x265-RARBG/White.Collar.S06E04.1080p.WEBRip.x265-RARBG.mp4,6,4,1358522,data/encodings/1358522/1358522_S06E04_2040_0.npy
67,1080,1920,1,165,283,351,469,13924,0.007,2040,/home/amos/media/tv/White.Collar.S01-S06.1080p.BluRay.x265-RARBG/White.Collar.S06.1080p.WEBRip.x265-RARBG/White.Collar.S06E04.1080p.WEBRip.x265-RARBG.mp4,6,4,1358522,data/encodings/1358522/1358522_S06E04_2040_1.npy
68,1080,1920,2,679,797,219,337,13924,0.007,2040,/home/amos/media/tv/White.Collar.S01-S06.1080p.BluRay.x265-RARBG/White.Collar.S06.1080p.WEBRip.x265-RARBG/White.Collar.S06E04.1080p.WEBRip.x265-RARBG.mp4,6,4,1358522,data/encodings/1358522/1358522_S06E04_2040_2.npy
69,1080,1920,0,1133,1251,267,385,13924,0.007,2064,/home/amos/media/tv/White.Collar.S01-S06.1080p.BluRay.x265-RARBG/White.Collar.S06.1080p.WEBRip.x265-RARBG/White.Collar.S06E04.1080p.WEBRip.x265-RARBG.mp4,6,4,1358522,data/encodings/1358522/1358522_S06E04_2064_0.npy
70,1080,1920,1,178,277,397,495,9702,0.005,2064,/home/amos/media/tv/White.Collar.S01-S06.1080p.BluRay.x265-RARBG/White.Collar.S06.1080p.WEBRip.x265-RARBG/White.Collar.S06E04.1080p.WEBRip.x265-RARBG.mp4,6,4,1358522,data/encodings/1358522/1358522_S06E04_2064_1.npy
71,1080,1920,2,619,737,255,373,13924,0.007,2064,/home/amos/media/tv/White.Collar.S01-S06.1080p.BluRay.x265-RARBG/White.Collar.S06.1080p.WEBRip.x265-RARBG/White.Collar.S06E04.1080p.WEBRip.x265-RARBG.mp4,6,4,1358522,data/encodings/1358522/1358522_S06E04_2064_2.npy
72,1080,1920,0,716,858,269,411,20164,0.01,2088,/home/amos/media/tv/White.Collar.S01-S06.1080p.BluRay.x265-RARBG/White.Collar.S06.1080p.WEBRip.x265-RARBG/White.Collar.S06E04.1080p.WEBRip.x265-RARBG.mp4,6,4,1358522,data/encodings/1358522/1358522_S06E04_2088_0.npy
73,1080,1920,1,1049,1167,267,385,13924,0.007,2088,/home/amos/media/tv/White.Collar.S01-S06.1080p.BluRay.x265-RARBG/White.Collar.S06.1080p.WEBRip.x265-RARBG/White.Collar.S06E04.1080p.WEBRip.x265-RARBG.mp4,6,4,1358522,data/encodings/1358522/1358522_S06E04_2088_1.npy
74,1080,1920,2,1587,1704,411,529,13806,0.007,2088,/home/amos/media/tv/White.Collar.S01-S06.1080p.BluRay.x265-RARBG/White.Collar.S06.1080p.WEBRip.x265-RARBG/White.Collar.S06E04.1080p.WEBRip.x265-RARBG.mp4,6,4,1358522,data/encodings/1358522/1358522_S06E04_2088_2.npy
75,1080,1920,0,602,743,255,396,19881,0.01,2112,/home/amos/media/tv/White.Collar.S01-S06.1080p.BluRay.x265-RARBG/White.Collar.S06.1080p.WEBRip.x265-RARBG/White.Collar.S06E04.1080p.WEBRip.x265-RARBG.mp4,6,4,1358522,data/encodings/1358522/1358522_S06E04_2112_0.npy
76,1080,1920,1,1169,1286,327,445,13806,0.007,2112,/home/amos/media/tv/White.Collar.S01-S06.1080p.BluRay.x265-RARBG/White.Collar.S06.1080p.WEBRip.x265-RARBG/White.Collar.S06E04.1080p.WEBRip.x265-RARBG.mp4,6,4,1358522,data/encodings/1358522/1358522_S06E04_2112_1.npy
77,1080,1920,2,1336,1454,434,552,13924,0.007,2112,/home/amos/media/tv/White.Collar.S01-S06.1080p.BluRay.x265-RARBG/White.Collar.S06.1080p.WEBRip.x265-RARBG/White.Collar.S06E04.1080p.WEBRip.x265-RARBG.mp4,6,4,1358522,data/encodings/1358522/1358522_S06E04_2112_2.npy
78,1080,1920,0,616,758,240,382,20164,0.01,2136,/home/amos/media/tv/White.Collar.S01-S06.1080p.BluRay.x265-RARBG/White.Collar.S06.1080p.WEBRip.x265-RARBG/White.Collar.S06E04.1080p.WEBRip.x265-RARBG.mp4,6,4,1358522,data/encodings/1358522/1358522_S06E04_2136_0.npy
79,1080,1920,1,1240,1358,291,409,13924,0.007,2136,/home/amos/media/tv/White.Collar.S01-S06.1080p.BluRay.x265-RARBG/White.Collar.S06.1080p.WEBRip.x265-RARBG/White.Collar.S06E04.1080p.WEBRip.x265-RARBG.mp4,6,4,1358522,data/encodings/1358522/1358522_S06E04_2136_1.npy
80,1080,1920,0,1192,1310,279,397,13924,0.007,2160,/home/amos/media/tv/White.Collar.S01-S06.1080p.BluRay.x265-RARBG/White.Collar.S06.1080p.WEBRip.x265-RARBG/White.Collar.S06E04.1080p.WEBRip.x265-RARBG.mp4,6,4,1358522,data/encodings/1358522/1358522_S06E04_2160_0.npy
81,1080,1920,1,655,773,291,409,13924,0.007,2160,/home/amos/media/tv/White.Collar.S01-S06.1080p.BluRay.x265-RARBG/White.Collar.S06.1080p.WEBRip.x265-RARBG/White.Collar.S06E04.1080p.WEBRip.x265-RARBG.mp4,6,4,1358522,data/encodings/1358522/1358522_S06E04_2160_1.npy
82,1080,1920,0,1192,1310,315,433,13924,0.007,2184,/home/amos/media/tv/White.Collar.S01-S06.1080p.BluRay.x265-RARBG/White.Collar.S06.1080p.WEBRip.x265-RARBG/White.Collar.S06E04.1080p.WEBRip.x265-RARBG.mp4,6,4,1358522,data/encodings/1358522/1358522_S06E04_2184_0.npy
83,1080,1920,1,688,829,283,425,20022,0.01,2184,/home/amos/media/tv/White.Collar.S01-S06.1080p.BluRay.x265-RARBG/White.Collar.S06.1080p.WEBRip.x265-RARBG/White.Collar.S06E04.1080p.WEBRip.x265-RARBG.mp4,6,4,1358522,data/encodings/1358522/1358522_S06E04_2184_1.npy
84,1080,1920,2,1034,1133,417,515,9702,0.005,2184,/home/amos/media/tv/White.Collar.S01-S06.1080p.BluRay.x265-RARBG/White.Collar.S06.1080p.WEBRip.x265-RARBG/White.Collar.S06E04.1080p.WEBRip.x265-RARBG.mp4,6,4,1358522,data/encodings/1358522/1358522_S06E04_2184_2.npy
85,1080,1920,0,667,785,279,397,13924,0.007,2208,/home/amos/media/tv/White.Collar.S01-S06.1080p.BluRay.x265-RARBG/White.Collar.S06.1080p.WEBRip.x265-RARBG/White.Collar.S06E04.1080p.WEBRip.x265-RARBG.mp4,6,4,1358522,data/encodings/1358522/1358522_S06E04_2208_0.npy
86,1080,1920,1,1175,1317,283,425,20164,0.01,2208,/home/amos/media/tv/White.Collar.S01-S06.1080p.BluRay.x265-RARBG/White.Collar.S06.1080p.WEBRip.x265-RARBG/White.Collar.S06E04.1080p.WEBRip.x265-RARBG.mp4,6,4,1358522,data/encodings/1358522/1358522_S06E04_2208_1.npy
87,1080,1920,0,631,749,303,421,13924,0.007,2232,/home/amos/media/tv/White.Collar.S01-S06.1080p.BluRay.x265-RARBG/White.Collar.S06.1080p.WEBRip.x265-RARBG/White.Collar.S06E04.1080p.WEBRip.x265-RARBG.mp4,6,4,1358522,data/encodings/1358522/1358522_S06E04_2232_0.npy
88,1080,1920,1,1146,1288,283,425,20164,0.01,2232,/home/amos/media/tv/White.Collar.S01-S06.1080p.BluRay.x265-RARBG/White.Collar.S06.1080p.WEBRip.x265-RARBG/White.Collar.S06E04.1080p.WEBRip.x265-RARBG.mp4,6,4,1358522,data/encodings/1358522/1358522_S06E04_2232_1.npy
89,1080,1920,0,652,709,511,568,3249,0.002,2256,/home/amos/media/tv/White.Collar.S01-S06.1080p.BluRay.x265-RARBG/White.Collar.S06.1080p.WEBRip.x265-RARBG/White.Collar.S06E04.1080p.WEBRip.x265-RARBG.mp4,6,4,1358522,data/encodings/1358522/1358522_S06E04_2256_0.npy
90,1080,1920,1,756,813,454,510,3192,0.002,2256,/home/amos/media/tv/White.Collar.S01-S06.1080p.BluRay.x265-RARBG/White.Collar.S06.1080p.WEBRip.x265-RARBG/White.Collar.S06E04.1080p.WEBRip.x265-RARBG.mp4,6,4,1358522,data/encodings/1358522/1358522_S06E04_2256_1.npy
91,1080,1920,0,641,698,523,580,3249,0.002,2280,/home/amos/media/tv/White.Collar.S01-S06.1080p.BluRay.x265-RARBG/White.Collar.S06.1080p.WEBRip.x265-RARBG/White.Collar.S06E04.1080p.WEBRip.x265-RARBG.mp4,6,4,1358522,data/encodings/1358522/1358522_S06E04_2280_0.npy
92,1080,1920,0,647,704,517,574,3249,0.002,2304,/home/amos/media/tv/White.Collar.S01-S06.1080p.BluRay.x265-RARBG/White.Collar.S06.1080p.WEBRip.x265-RARBG/White.Collar.S06E04.1080p.WEBRip.x265-RARBG.mp4,6,4,1358522,data/encodings/1358522/1358522_S06E04_2304_0.npy
93,1080,1920,0,704,761,517,574,3249,0.002,2328,/home/amos/media/tv/White.Collar.S01-S06.1080p.BluRay.x265-RARBG/White.Collar.S06.1080p.WEBRip.x265-RARBG/White.Collar.S06E04.1080p.WEBRip.x265-RARBG.mp4,6,4,1358522,data/encodings/1358522/1358522_S06E04_2328_0.npy
94,1080,1920,1,851,898,484,532,2256,0.001,2328,/home/amos/media/tv/White.Collar.S01-S06.1080p.BluRay.x265-RARBG/White.Collar.S06.1080p.WEBRip.x265-RARBG/White.Collar.S06E04.1080p.WEBRip.x265-RARBG.mp4,6,4,1358522,data/encodings/1358522/1358522_S06E04_2328_1.npy
95,1080,1920,0,774,821,557,604,2209,0.001,2352,/home/amos/media/tv/White.Collar.S01-S06.1080p.BluRay.x265-RARBG/White.Collar.S06.1080p.WEBRip.x265-RARBG/White.Collar.S06E04.1080p.WEBRip.x265-RARBG.mp4,6,4,1358522,data/encodings/1358522/1358522_S06E04_2352_0.npy
96,1080,1920,1,894,951,505,562,3249,0.002,2352,/home/amos/media/tv/White.Collar.S01-S06.1080p.BluRay.x265-RARBG/White.Collar.S06.1080p.WEBRip.x265-RARBG/White.Collar.S06E04.1080p.WEBRip.x265-RARBG.mp4,6,4,1358522,data/encodings/1358522/1358522_S06E04_2352_1.npy
97,1080,1920,0,917,974,534,591,3249,0.002,2376,/home/amos/media/tv/White.Collar.S01-S06.1080p.BluRay.x265-RARBG/White.Collar.S06.1080p.WEBRip.x265-RARBG/White.Collar.S06E04.1080p.WEBRip.x265-RARBG.mp4,6,4,1358522,data/encodings/1358522/1358522_S06E04_2376_0.npy
98,1080,1920,1,768,825,563,620,3249,0.002,2376,/home/amos/media/tv/White.Collar.S01-S06.1080p.BluRay.x265-RARBG/White.Collar.S06.1080p.WEBRip.x265-RARBG/White.Collar.S06E04.1080p.WEBRip.x265-RARBG.mp4,6,4,1358522,data/encodings/1358522/1358522_S06E04_2376_1.npy
99,1080,1920,0,527,697,560,729,28730,0.014,2400,/home/amos/media/tv/White.Collar.S01-S06.1080p.BluRay.x265-RARBG/White.Collar.S06.1080p.WEBRip.x265-RARBG/White.Collar.S06E04.1080p.WEBRip.x265-RARBG.mp4,6,4,1358522,data/encodings/1358522/1358522_S06E04_2400_0.npy
100,1080,1920,0,785,955,353,523,28900,0.014,2424,/home/amos/media/tv/White.Collar.S01-S06.1080p.BluRay.x265-RARBG/White.Collar.S06.1080p.WEBRip.x265-RARBG/White.Collar.S06E04.1080p.WEBRip.x265-RARBG.mp4,6,4,1358522,data/encodings/1358522/1358522_S06E04_2424_0.npy
101,1080,1920,1,0,209,107,351,50996,0.025,2424,/home/amos/media/tv/White.Collar.S01-S06.1080p.BluRay.x265-RARBG/White.Collar.S06.1080p.WEBRip.x265-RARBG/White.Collar.S06E04.1080p.WEBRip.x265-RARBG.mp4,6,4,1358522,data/encodings/1358522/1358522_S06E04_2424_1.npy
102,1080,1920,0,1033,1236,264,468,41412,0.02,2448,/home/amos/media/tv/White.Collar.S01-S06.1080p.BluRay.x265-RARBG/White.Collar.S06.1080p.WEBRip.x265-RARBG/White.Collar.S06E04.1080p.WEBRip.x265-RARBG.mp4,6,4,1358522,data/encodings/1358522/1358522_S06E04_2448_0.npy
103,1080,1920,0,888,1092,264,468,41616,0.02,2472,/home/amos/media/tv/White.Collar.S01-S06.1080p.BluRay.x265-RARBG/White.Collar.S06.1080p.WEBRip.x265-RARBG/White.Collar.S06E04.1080p.WEBRip.x265-RARBG.mp4,6,4,1358522,data/encodings/1358522/1358522_S06E04_2472_0.npy
104,1080,1920,0,909,1113,223,427,41616,0.02,2496,/home/amos/media/tv/White.Collar.S01-S06.1080p.BluRay.x265-RARBG/White.Collar.S06.1080p.WEBRip.x265-RARBG/White.Collar.S06E04.1080p.WEBRip.x265-RARBG.mp4,6,4,1358522,data/encodings/1358522/1358522_S06E04_2496_0.npy
105,1080,1920,0,806,1051,231,475,59780,0.029,2520,/home/amos/media/tv/White.Collar.S01-S06.1080p.BluRay.x265-RARBG/White.Collar.S06.1080p.WEBRip.x265-RARBG/White.Collar.S06E04.1080p.WEBRip.x265-RARBG.mp4,6,4,1358522,data/encodings/1358522/1358522_S06E04_2520_0.npy
106,1080,1920,0,856,1100,181,426,59780,0.029,2568,/home/amos/media/tv/White.Collar.S01-S06.1080p.BluRay.x265-RARBG/White.Collar.S06.1080p.WEBRip.x265-RARBG/White.Collar.S06E04.1080p.WEBRip.x265-RARBG.mp4,6,4,1358522,data/encodings/1358522/1358522_S06E04_2568_0.npy
107,1080,1920,0,882,1176,136,429,86142,0.042,2592,/home/amos/media/tv/White.Collar.S01-S06.1080p.BluRay.x265-RARBG/White.Collar.S06.1080p.WEBRip.x265-RARBG/White.Collar.S06E04.1080p.WEBRip.x265-RARBG.mp4,6,4,1358522,data/encodings/1358522/1358522_S06E04_2592_0.npy
108,1080,1920,0,929,1133,223,427,41616,0.02,2616,/home/amos/media/tv/White.Collar.S01-S06.1080p.BluRay.x265-RARBG/White.Collar.S06.1080p.WEBRip.x265-RARBG/White.Collar.S06E04.1080p.WEBRip.x265-RARBG.mp4,6,4,1358522,data/encodings/1358522/1358522_S06E04_2616_0.npy
109,1080,1920,0,909,1113,244,447,41412,0.02,2640,/home/amos/media/tv/White.Collar.S01-S06.1080p.BluRay.x265-RARBG/White.Collar.S06.1080p.WEBRip.x265-RARBG/White.Collar.S06E04.1080p.WEBRip.x265-RARBG.mp4,6,4,1358522,data/encodings/1358522/1358522_S06E04_2640_0.npy
110,1080,1920,0,971,1174,223,427,41412,0.02,2664,/home/amos/media/tv/White.Collar.S01-S06.1080p.BluRay.x265-RARBG/White.Collar.S06.1080p.WEBRip.x265-RARBG/White.Collar.S06E04.1080p.WEBRip.x265-RARBG.mp4,6,4,1358522,data/encodings/1358522/1358522_S06E04_2664_0.npy
111,1080,1920,0,909,1113,202,406,41616,0.02,2688,/home/amos/media/tv/White.Collar.S01-S06.1080p.BluRay.x265-RARBG/White.Collar.S06.1080p.WEBRip.x265-RARBG/White.Collar.S06E04.1080p.WEBRip.x265-RARBG.mp4,6,4,1358522,data/encodings/1358522/1358522_S06E04_2688_0.npy
112,1080,1920,0,1029,1273,206,450,59536,0.029,2712,/home/amos/media/tv/White.Collar.S01-S06.1080p.BluRay.x265-RARBG/White.Collar.S06.1080p.WEBRip.x265-RARBG/White.Collar.S06E04.1080p.WEBRip.x265-RARBG.mp4,6,4,1358522,data/encodings/1358522/1358522_S06E04_2712_0.npy
113,1080,1920,0,1029,1273,305,550,59780,0.029,2736,/home/amos/media/tv/White.Collar.S01-S06.1080p.BluRay.x265-RARBG/White.Collar.S06.1080p.WEBRip.x265-RARBG/White.Collar.S06E04.1080p.WEBRip.x265-RARBG.mp4,6,4,1358522,data/encodings/1358522/1358522_S06E04_2736_0.npy
114,1080,1920,0,1103,1348,330,574,59780,0.029,2760,/home/amos/media/tv/White.Collar.S01-S06.1080p.BluRay.x265-RARBG/White.Collar.S06.1080p.WEBRip.x265-RARBG/White.Collar.S06E04.1080p.WEBRip.x265-RARBG.mp4,6,4,1358522,data/encodings/1358522/1358522_S06E04_2760_0.npy
115,1080,1920,0,1001,1295,225,519,86436,0.042,2784,/home/amos/media/tv/White.Collar.S01-S06.1080p.BluRay.x265-RARBG/White.Collar.S06.1080p.WEBRip.x265-RARBG/White.Collar.S06E04.1080p.WEBRip.x265-RARBG.mp4,6,4,1358522,data/encodings/1358522/1358522_S06E04_2784_0.npy
116,1080,1920,0,991,1195,264,468,41616,0.02,2808,/home/amos/media/tv/White.Collar.S01-S06.1080p.BluRay.x265-RARBG/White.Collar.S06.1080p.WEBRip.x265-RARBG/White.Collar.S06E04.1080p.WEBRip.x265-RARBG.mp4,6,4,1358522,data/encodings/1358522/1358522_S06E04_2808_0.npy
117,1080,1920,0,991,1195,264,468,41616,0.02,2832,/home/amos/media/tv/White.Collar.S01-S06.1080p.BluRay.x265-RARBG/White.Collar.S06.1080p.WEBRip.x265-RARBG/White.Collar.S06E04.1080p.WEBRip.x265-RARBG.mp4,6,4,1358522,data/encodings/1358522/1358522_S06E04_2832_0.npy
118,1080,1920,0,585,878,255,548,85849,0.041,2856,/home/amos/media/tv/White.Collar.S01-S06.1080p.BluRay.x265-RARBG/White.Collar.S06.1080p.WEBRip.x265-RARBG/White.Collar.S06E04.1080p.WEBRip.x265-RARBG.mp4,6,4,1358522,data/encodings/1358522/1358522_S06E04_2856_0.npy
119,1080,1920,0,20,314,314,608,86436,0.042,2880,/home/amos/media/tv/White.Collar.S01-S06.1080p.BluRay.x265-RARBG/White.Collar.S06.1080p.WEBRip.x265-RARBG/White.Collar.S06E04.1080p.WEBRip.x265-RARBG.mp4,6,4,1358522,data/encodings/1358522/1358522_S06E04_2880_0.npy
120,1080,1920,1,1153,1397,132,376,59536,0.029,2880,/home/amos/media/tv/White.Collar.S01-S06.1080p.BluRay.x265-RARBG/White.Collar.S06.1080p.WEBRip.x265-RARBG/White.Collar.S06E04.1080p.WEBRip.x265-RARBG.mp4,6,4,1358522,data/encodings/1358522/1358522_S06E04_2880_1.npy
121,1080,1920,0,435,679,478,723,59780,0.029,2904,/home/amos/media/tv/White.Collar.S01-S06.1080p.BluRay.x265-RARBG/White.Collar.S06.1080p.WEBRip.x265-RARBG/White.Collar.S06E04.1080p.WEBRip.x265-RARBG.mp4,6,4,1358522,data/encodings/1358522/1358522_S06E04_2904_0.npy
122,1080,1920,1,1150,1443,166,459,85849,0.041,2904,/home/amos/media/tv/White.Collar.S01-S06.1080p.BluRay.x265-RARBG/White.Collar.S06.1080p.WEBRip.x265-RARBG/White.Collar.S06E04.1080p.WEBRip.x265-RARBG.mp4,6,4,1358522,data/encodings/1358522/1358522_S06E04_2904_1.npy
123,1080,1920,0,657,902,355,599,59780,0.029,2928,/home/amos/media/tv/White.Collar.S01-S06.1080p.BluRay.x265-RARBG/White.Collar.S06.1080p.WEBRip.x265-RARBG/White.Collar.S06E04.1080p.WEBRip.x265-RARBG.mp4,6,4,1358522,data/encodings/1358522/1358522_S06E04_2928_0.npy
124,1080,1920,0,806,1009,367,571,41412,0.02,2952,/home/amos/media/tv/White.Collar.S01-S06.1080p.BluRay.x265-RARBG/White.Collar.S06.1080p.WEBRip.x265-RARBG/White.Collar.S06E04.1080p.WEBRip.x265-RARBG.mp4,6,4,1358522,data/encodings/1358522/1358522_S06E04_2952_0.npy
125,1080,1920,1,1153,1397,132,376,59536,0.029,2952,/home/amos/media/tv/White.Collar.S01-S06.1080p.BluRay.x265-RARBG/White.Collar.S06.1080p.WEBRip.x265-RARBG/White.Collar.S06E04.1080p.WEBRip.x265-RARBG.mp4,6,4,1358522,data/encodings/1358522/1358522_S06E04_2952_1.npy
126,1080,1920,0,1153,1397,206,450,59536,0.029,2976,/home/amos/media/tv/White.Collar.S01-S06.1080p.BluRay.x265-RARBG/White.Collar.S06.1080p.WEBRip.x265-RARBG/White.Collar.S06E04.1080p.WEBRip.x265-RARBG.mp4,6,4,1358522,data/encodings/1358522/1358522_S06E04_2976_0.npy
127,1080,1920,1,826,1030,388,592,41616,0.02,2976,/home/amos/media/tv/White.Collar.S01-S06.1080p.BluRay.x265-RARBG/White.Collar.S06.1080p.WEBRip.x265-RARBG/White.Collar.S06E04.1080p.WEBRip.x265-RARBG.mp4,6,4,1358522,data/encodings/1358522/1358522_S06E04_2976_1.npy
128,1080,1920,0,867,1071,388,592,41616,0.02,3000,/home/amos/media/tv/White.Collar.S01-S06.1080p.BluRay.x265-RARBG/White.Collar.S06.1080p.WEBRip.x265-RARBG/White.Collar.S06E04.1080p.WEBRip.x265-RARBG.mp4,6,4,1358522,data/encodings/1358522/1358522_S06E04_3000_0.npy
129,1080,1920,1,1153,1397,206,450,59536,0.029,3000,/home/amos/media/tv/White.Collar.S01-S06.1080p.BluRay.x265-RARBG/White.Collar.S06.1080p.WEBRip.x265-RARBG/White.Collar.S06E04.1080p.WEBRip.x265-RARBG.mp4,6,4,1358522,data/encodings/1358522/1358522_S06E04_3000_1.npy
130,1080,1920,0,1218,1422,264,468,41616,0.02,3024,/home/amos/media/tv/White.Collar.S01-S06.1080p.BluRay.x265-RARBG/White.Collar.S06.1080p.WEBRip.x265-RARBG/White.Collar.S06E04.1080p.WEBRip.x265-RARBG.mp4,6,4,1358522,data/encodings/1358522/1358522_S06E04_3024_0.npy
131,1080,1920,1,785,989,429,633,41616,0.02,3024,/home/amos/media/tv/White.Collar.S01-S06.1080p.BluRay.x265-RARBG/White.Collar.S06.1080p.WEBRip.x265-RARBG/White.Collar.S06E04.1080p.WEBRip.x265-RARBG.mp4,6,4,1358522,data/encodings/1358522/1358522_S06E04_3024_1.npy
132,1080,1920,0,608,852,355,599,59536,0.029,3048,/home/amos/media/tv/White.Collar.S01-S06.1080p.BluRay.x265-RARBG/White.Collar.S06.1080p.WEBRip.x265-RARBG/White.Collar.S06E04.1080p.WEBRip.x265-RARBG.mp4,6,4,1358522,data/encodings/1358522/1358522_S06E04_3048_0.npy
133,1080,1920,0,537,741,306,509,41412,0.02,3072,/home/amos/media/tv/White.Collar.S01-S06.1080p.BluRay.x265-RARBG/White.Collar.S06.1080p.WEBRip.x265-RARBG/White.Collar.S06E04.1080p.WEBRip.x265-RARBG.mp4,6,4,1358522,data/encodings/1358522/1358522_S06E04_3072_0.npy
134,1080,1920,1,1239,1443,161,365,41616,0.02,3072,/home/amos/media/tv/White.Collar.S01-S06.1080p.BluRay.x265-RARBG/White.Collar.S06.1080p.WEBRip.x265-RARBG/White.Collar.S06E04.1080p.WEBRip.x265-RARBG.mp4,6,4,1358522,data/encodings/1358522/1358522_S06E04_3072_1.npy
135,1080,1920,0,441,611,267,437,28900,0.014,3096,/home/amos/media/tv/White.Collar.S01-S06.1080p.BluRay.x265-RARBG/White.Collar.S06.1080p.WEBRip.x265-RARBG/White.Collar.S06E04.1080p.WEBRip.x265-RARBG.mp4,6,4,1358522,data/encodings/1358522/1358522_S06E04_3096_0.npy
136,1080,1920,0,957,1127,302,471,28730,0.014,3120,/home/amos/media/tv/White.Collar.S01-S06.1080p.BluRay.x265-RARBG/White.Collar.S06.1080p.WEBRip.x265-RARBG/White.Collar.S06E04.1080p.WEBRip.x265-RARBG.mp4,6,4,1358522,data/encodings/1358522/1358522_S06E04_3120_0.npy
137,1080,1920,1,311,555,0,228,55632,0.027,3120,/home/amos/media/tv/White.Collar.S01-S06.1080p.BluRay.x265-RARBG/White.Collar.S06.1080p.WEBRip.x265-RARBG/White.Collar.S06E04.1080p.WEBRip.x265-RARBG.mp4,6,4,1358522,data/encodings/1358522/1358522_S06E04_3120_1.npy
138,1080,1920,0,831,1075,255,500,59780,0.029,3144,/home/amos/media/tv/White.Collar.S01-S06.1080p.BluRay.x265-RARBG/White.Collar.S06.1080p.WEBRip.x265-RARBG/White.Collar.S06E04.1080p.WEBRip.x265-RARBG.mp4,6,4,1358522,data/encodings/1358522/1358522_S06E04_3144_0.npy
139,1080,1920,0,888,1092,264,468,41616,0.02,3168,/home/amos/media/tv/White.Collar.S01-S06.1080p.BluRay.x265-RARBG/White.Collar.S06.1080p.WEBRip.x265-RARBG/White.Collar.S06E04.1080p.WEBRip.x265-RARBG.mp4,6,4,1358522,data/encodings/1358522/1358522_S06E04_3168_0.npy
140,1080,1920,0,732,976,255,500,59780,0.029,3192,/home/amos/media/tv/White.Collar.S01-S06.1080p.BluRay.x265-RARBG/White.Collar.S06.1080p.WEBRip.x265-RARBG/White.Collar.S06E04.1080p.WEBRip.x265-RARBG.mp4,6,4,1358522,data/encodings/1358522/1358522_S06E04_3192_0.npy
141,1080,1920,0,806,1009,244,447,41209,0.02,3216,/home/amos/media/tv/White.Collar.S01-S06.1080p.BluRay.x265-RARBG/White.Collar.S06.1080p.WEBRip.x265-RARBG/White.Collar.S06E04.1080p.WEBRip.x265-RARBG.mp4,6,4,1358522,data/encodings/1358522/1358522_S06E04_3216_0.npy
142,1080,1920,0,930,1174,231,475,59536,0.029,3240,/home/amos/media/tv/White.Collar.S01-S06.1080p.BluRay.x265-RARBG/White.Collar.S06.1080p.WEBRip.x265-RARBG/White.Collar.S06E04.1080p.WEBRip.x265-RARBG.mp4,6,4,1358522,data/encodings/1358522/1358522_S06E04_3240_0.npy
143,1080,1920,0,909,1113,264,468,41616,0.02,3264,/home/amos/media/tv/White.Collar.S01-S06.1080p.BluRay.x265-RARBG/White.Collar.S06.1080p.WEBRip.x265-RARBG/White.Collar.S06E04.1080p.WEBRip.x265-RARBG.mp4,6,4,1358522,data/encodings/1358522/1358522_S06E04_3264_0.npy
144,1080,1920,0,929,1133,244,447,41412,0.02,3288,/home/amos/media/tv/White.Collar.S01-S06.1080p.BluRay.x265-RARBG/White.Collar.S06.1080p.WEBRip.x265-RARBG/White.Collar.S06E04.1080p.WEBRip.x265-RARBG.mp4,6,4,1358522,data/encodings/1358522/1358522_S06E04_3288_0.npy
145,1080,1920,0,880,1125,181,426,60025,0.029,3336,/home/amos/media/tv/White.Collar.S01-S06.1080p.BluRay.x265-RARBG/White.Collar.S06.1080p.WEBRip.x265-RARBG/White.Collar.S06E04.1080p.WEBRip.x265-RARBG.mp4,6,4,1358522,data/encodings/1358522/1358522_S06E04_3336_0.npy
146,1080,1920,0,856,1100,156,401,59780,0.029,3360,/home/amos/media/tv/White.Collar.S01-S06.1080p.BluRay.x265-RARBG/White.Collar.S06.1080p.WEBRip.x265-RARBG/White.Collar.S06E04.1080p.WEBRip.x265-RARBG.mp4,6,4,1358522,data/encodings/1358522/1358522_S06E04_3360_0.npy
147,1080,1920,0,852,1146,136,429,86142,0.042,3384,/home/amos/media/tv/White.Collar.S01-S06.1080p.BluRay.x265-RARBG/White.Collar.S06.1080p.WEBRip.x265-RARBG/White.Collar.S06E04.1080p.WEBRip.x265-RARBG.mp4,6,4,1358522,data/encodings/1358522/1358522_S06E04_3384_0.npy
148,1080,1920,0,955,1199,379,624,59780,0.029,3408,/home/amos/media/tv/White.Collar.S01-S06.1080p.BluRay.x265-RARBG/White.Collar.S06.1080p.WEBRip.x265-RARBG/White.Collar.S06E04.1080p.WEBRip.x265-RARBG.mp4,6,4,1358522,data/encodings/1358522/1358522_S06E04_3408_0.npy
149,1080,1920,0,880,1125,280,525,60025,0.029,3432,/home/amos/media/tv/White.Collar.S01-S06.1080p.BluRay.x265-RARBG/White.Collar.S06.1080p.WEBRip.x265-RARBG/White.Collar.S06E04.1080p.WEBRip.x265-RARBG.mp4,6,4,1358522,data/encodings/1358522/1358522_S06E04_3432_0.npy
150,1080,1920,0,955,1199,255,500,59780,0.029,3456,/home/amos/media/tv/White.Collar.S01-S06.1080p.BluRay.x265-RARBG/White.Collar.S06.1080p.WEBRip.x265-RARBG/White.Collar.S06E04.1080p.WEBRip.x265-RARBG.mp4,6,4,1358522,data/encodings/1358522/1358522_S06E04_3456_0.npy
151,1080,1920,0,912,1205,255,548,85849,0.041,3480,/home/amos/media/tv/White.Collar.S01-S06.1080p.BluRay.x265-RARBG/White.Collar.S06.1080p.WEBRip.x265-RARBG/White.Collar.S06E04.1080p.WEBRip.x265-RARBG.mp4,6,4,1358522,data/encodings/1358522/1358522_S06E04_3480_0.npy
152,1080,1920,0,912,1205,255,548,85849,0.041,3504,/home/amos/media/tv/White.Collar.S01-S06.1080p.BluRay.x265-RARBG/White.Collar.S06.1080p.WEBRip.x265-RARBG/White.Collar.S06E04.1080p.WEBRip.x265-RARBG.mp4,6,4,1358522,data/encodings/1358522/1358522_S06E04_3504_0.npy
153,1080,1920,0,852,1146,255,548,86142,0.042,3528,/home/amos/media/tv/White.Collar.S01-S06.1080p.BluRay.x265-RARBG/White.Collar.S06.1080p.WEBRip.x265-RARBG/White.Collar.S06E04.1080p.WEBRip.x265-RARBG.mp4,6,4,1358522,data/encodings/1358522/1358522_S06E04_3528_0.npy
154,1080,1920,0,781,1026,305,550,60025,0.029,3552,/home/amos/media/tv/White.Collar.S01-S06.1080p.BluRay.x265-RARBG/White.Collar.S06.1080p.WEBRip.x265-RARBG/White.Collar.S06E04.1080p.WEBRip.x265-RARBG.mp4,6,4,1358522,data/encodings/1358522/1358522_S06E04_3552_0.npy
155,1080,1920,0,882,1176,285,578,86142,0.042,3576,/home/amos/media/tv/White.Collar.S01-S06.1080p.BluRay.x265-RARBG/White.Collar.S06.1080p.WEBRip.x265-RARBG/White.Collar.S06E04.1080p.WEBRip.x265-RARBG.mp4,6,4,1358522,data/encodings/1358522/1358522_S06E04_3576_0.npy
156,1080,1920,0,806,1051,330,574,59780,0.029,3600,/home/amos/media/tv/White.Collar.S01-S06.1080p.BluRay.x265-RARBG/White.Collar.S06.1080p.WEBRip.x265-RARBG/White.Collar.S06E04.1080p.WEBRip.x265-RARBG.mp4,6,4,1358522,data/encodings/1358522/1358522_S06E04_3600_0.npy
157,1080,1920,0,763,1057,285,578,86142,0.042,3624,/home/amos/media/tv/White.Collar.S01-S06.1080p.BluRay.x265-RARBG/White.Collar.S06.1080p.WEBRip.x265-RARBG/White.Collar.S06E04.1080p.WEBRip.x265-RARBG.mp4,6,4,1358522,data/encodings/1358522/1358522_S06E04_3624_0.npy
158,1080,1920,0,756,1001,280,525,60025,0.029,3648,/home/amos/media/tv/White.Collar.S01-S06.1080p.BluRay.x265-RARBG/White.Collar.S06.1080p.WEBRip.x265-RARBG/White.Collar.S06E04.1080p.WEBRip.x265-RARBG.mp4,6,4,1358522,data/encodings/1358522/1358522_S06E04_3648_0.npy
159,1080,1920,0,1103,1348,280,525,60025,0.029,3672,/home/amos/media/tv/White.Collar.S01-S06.1080p.BluRay.x265-RARBG/White.Collar.S06.1080p.WEBRip.x265-RARBG/White.Collar.S06E04.1080p.WEBRip.x265-RARBG.mp4,6,4,1358522,data/encodings/1358522/1358522_S06E04_3672_0.npy
160,1080,1920,0,1215,1385,198,368,28900,0.014,3720,/home/amos/media/tv/White.Collar.S01-S06.1080p.BluRay.x265-RARBG/White.Collar.S06.1080p.WEBRip.x265-RARBG/White.Collar.S06E04.1080p.WEBRip.x265-RARBG.mp4,6,4,1358522,data/encodings/1358522/1358522_S06E04_3720_0.npy
161,1080,1920,0,707,952,305,550,60025,0.029,3744,/home/amos/media/tv/White.Collar.S01-S06.1080p.BluRay.x265-RARBG/White.Collar.S06.1080p.WEBRip.x265-RARBG/White.Collar.S06E04.1080p.WEBRip.x265-RARBG.mp4,6,4,1358522,data/encodings/1358522/1358522_S06E04_3744_0.npy
162,1080,1920,0,497,849,244,596,123904,0.06,3768,/home/amos/media/tv/White.Collar.S01-S06.1080p.BluRay.x265-RARBG/White.Collar.S06.1080p.WEBRip.x265-RARBG/White.Collar.S06E04.1080p.WEBRip.x265-RARBG.mp4,6,4,1358522,data/encodings/1358522/1358522_S06E04_3768_0.npy
163,1080,1920,0,726,824,536,634,9604,0.005,3792,/home/amos/media/tv/White.Collar.S01-S06.1080p.BluRay.x265-RARBG/White.Collar.S06.1080p.WEBRip.x265-RARBG/White.Collar.S06E04.1080p.WEBRip.x265-RARBG.mp4,6,4,1358522,data/encodings/1358522/1358522_S06E04_3792_0.npy
164,1080,1920,0,750,868,303,421,13924,0.007,3816,/home/amos/media/tv/White.Collar.S01-S06.1080p.BluRay.x265-RARBG/White.Collar.S06.1080p.WEBRip.x265-RARBG/White.Collar.S06E04.1080p.WEBRip.x265-RARBG.mp4,6,4,1358522,data/encodings/1358522/1358522_S06E04_3816_0.npy
165,1080,1920,0,764,968,264,468,41616,0.02,3840,/home/amos/media/tv/White.Collar.S01-S06.1080p.BluRay.x265-RARBG/White.Collar.S06.1080p.WEBRip.x265-RARBG/White.Collar.S06E04.1080p.WEBRip.x265-RARBG.mp4,6,4,1358522,data/encodings/1358522/1358522_S06E04_3840_0.npy
166,1080,1920,1,1342,1546,78,282,41616,0.02,3840,/home/amos/media/tv/White.Collar.S01-S06.1080p.BluRay.x265-RARBG/White.Collar.S06.1080p.WEBRip.x265-RARBG/White.Collar.S06E04.1080p.WEBRip.x265-RARBG.mp4,6,4,1358522,data/encodings/1358522/1358522_S06E04_3840_1.npy
167,1080,1920,0,1301,1505,78,282,41616,0.02,3864,/home/amos/media/tv/White.Collar.S01-S06.1080p.BluRay.x265-RARBG/White.Collar.S06.1080p.WEBRip.x265-RARBG/White.Collar.S06E04.1080p.WEBRip.x265-RARBG.mp4,6,4,1358522,data/encodings/1358522/1358522_S06E04_3864_0.npy
168,1080,1920,1,744,947,264,468,41412,0.02,3864,/home/amos/media/tv/White.Collar.S01-S06.1080p.BluRay.x265-RARBG/White.Collar.S06.1080p.WEBRip.x265-RARBG/White.Collar.S06E04.1080p.WEBRip.x265-RARBG.mp4,6,4,1358522,data/encodings/1358522/1358522_S06E04_3864_1.npy
169,1080,1920,0,569,921,244,596,123904,0.06,3888,/home/amos/media/tv/White.Collar.S01-S06.1080p.BluRay.x265-RARBG/White.Collar.S06.1080p.WEBRip.x265-RARBG/White.Collar.S06E04.1080p.WEBRip.x265-RARBG.mp4,6,4,1358522,data/encodings/1358522/1358522_S06E04_3888_0.npy
170,1080,1920,0,569,921,208,560,123904,0.06,3912,/home/amos/media/tv/White.Collar.S01-S06.1080p.BluRay.x265-RARBG/White.Collar.S06.1080p.WEBRip.x265-RARBG/White.Collar.S06E04.1080p.WEBRip.x265-RARBG.mp4,6,4,1358522,data/encodings/1358522/1358522_S06E04_3912_0.npy
171,1080,1920,0,1260,1463,99,303,41412,0.02,3936,/home/amos/media/tv/White.Collar.S01-S06.1080p.BluRay.x265-RARBG/White.Collar.S06.1080p.WEBRip.x265-RARBG/White.Collar.S06E04.1080p.WEBRip.x265-RARBG.mp4,6,4,1358522,data/encodings/1358522/1358522_S06E04_3936_0.npy
172,1080,1920,1,806,1009,285,489,41412,0.02,3936,/home/amos/media/tv/White.Collar.S01-S06.1080p.BluRay.x265-RARBG/White.Collar.S06.1080p.WEBRip.x265-RARBG/White.Collar.S06E04.1080p.WEBRip.x265-RARBG.mp4,6,4,1358522,data/encodings/1358522/1358522_S06E04_3936_1.npy
173,1080,1920,0,1260,1463,120,324,41412,0.02,3960,/home/amos/media/tv/White.Collar.S01-S06.1080p.BluRay.x265-RARBG/White.Collar.S06.1080p.WEBRip.x265-RARBG/White.Collar.S06E04.1080p.WEBRip.x265-RARBG.mp4,6,4,1358522,data/encodings/1358522/1358522_S06E04_3960_0.npy
174,1080,1920,1,806,1009,285,489,41412,0.02,3960,/home/amos/media/tv/White.Collar.S01-S06.1080p.BluRay.x265-RARBG/White.Collar.S06.1080p.WEBRip.x265-RARBG/White.Collar.S06E04.1080p.WEBRip.x265-RARBG.mp4,6,4,1358522,data/encodings/1358522/1358522_S06E04_3960_1.npy
175,1080,1920,0,1239,1443,120,324,41616,0.02,3984,/home/amos/media/tv/White.Collar.S01-S06.1080p.BluRay.x265-RARBG/White.Collar.S06.1080p.WEBRip.x265-RARBG/White.Collar.S06E04.1080p.WEBRip.x265-RARBG.mp4,6,4,1358522,data/encodings/1358522/1358522_S06E04_3984_0.npy
176,1080,1920,1,806,1009,285,489,41412,0.02,3984,/home/amos/media/tv/White.Collar.S01-S06.1080p.BluRay.x265-RARBG/White.Collar.S06.1080p.WEBRip.x265-RARBG/White.Collar.S06E04.1080p.WEBRip.x265-RARBG.mp4,6,4,1358522,data/encodings/1358522/1358522_S06E04_3984_1.npy
177,1080,1920,0,1260,1463,120,324,41412,0.02,4008,/home/amos/media/tv/White.Collar.S01-S06.1080p.BluRay.x265-RARBG/White.Collar.S06.1080p.WEBRip.x265-RARBG/White.Collar.S06E04.1080p.WEBRip.x265-RARBG.mp4,6,4,1358522,data/encodings/1358522/1358522_S06E04_4008_0.npy
178,1080,1920,1,723,927,285,489,41616,0.02,4008,/home/amos/media/tv/White.Collar.S01-S06.1080p.BluRay.x265-RARBG/White.Collar.S06.1080p.WEBRip.x265-RARBG/White.Collar.S06E04.1080p.WEBRip.x265-RARBG.mp4,6,4,1358522,data/encodings/1358522/1358522_S06E04_4008_1.npy
179,1080,1920,0,1239,1443,120,324,41616,0.02,4032,/home/amos/media/tv/White.Collar.S01-S06.1080p.BluRay.x265-RARBG/White.Collar.S06.1080p.WEBRip.x265-RARBG/White.Collar.S06E04.1080p.WEBRip.x265-RARBG.mp4,6,4,1358522,data/encodings/1358522/1358522_S06E04_4032_0.npy
180,1080,1920,1,826,1030,285,489,41616,0.02,4032,/home/amos/media/tv/White.Collar.S01-S06.1080p.BluRay.x265-RARBG/White.Collar.S06.1080p.WEBRip.x265-RARBG/White.Collar.S06E04.1080p.WEBRip.x265-RARBG.mp4,6,4,1358522,data/encodings/1358522/1358522_S06E04_4032_1.npy
181,1080,1920,0,569,921,244,596,123904,0.06,4056,/home/amos/media/tv/White.Collar.S01-S06.1080p.BluRay.x265-RARBG/White.Collar.S06.1080p.WEBRip.x265-RARBG/White.Collar.S06E04.1080p.WEBRip.x265-RARBG.mp4,6,4,1358522,data/encodings/1358522/1358522_S06E04_4056_0.npy
182,1080,1920,0,615,908,285,578,85849,0.041,4080,/home/amos/media/tv/White.Collar.S01-S06.1080p.BluRay.x265-RARBG/White.Collar.S06.1080p.WEBRip.x265-RARBG/White.Collar.S06E04.1080p.WEBRip.x265-RARBG.mp4,6,4,1358522,data/encodings/1358522/1358522_S06E04_4080_0.npy
183,1080,1920,0,982,1405,261,683,178506,0.086,4104,/home/amos/media/tv/White.Collar.S01-S06.1080p.BluRay.x265-RARBG/White.Collar.S06.1080p.WEBRip.x265-RARBG/White.Collar.S06E04.1080p.WEBRip.x265-RARBG.mp4,6,4,1358522,data/encodings/1358522/1358522_S06E04_4104_0.npy
184,1080,1920,0,1154,1576,261,683,178084,0.086,4128,/home/amos/media/tv/White.Collar.S01-S06.1080p.BluRay.x265-RARBG/White.Collar.S06.1080p.WEBRip.x265-RARBG/White.Collar.S06E04.1080p.WEBRip.x265-RARBG.mp4,6,4,1358522,data/encodings/1358522/1358522_S06E04_4128_0.npy
185,1080,1920,0,1154,1576,261,683,178084,0.086,4152,/home/amos/media/tv/White.Collar.S01-S06.1080p.BluRay.x265-RARBG/White.Collar.S06.1080p.WEBRip.x265-RARBG/White.Collar.S06E04.1080p.WEBRip.x265-RARBG.mp4,6,4,1358522,data/encodings/1358522/1358522_S06E04_4152_0.npy
186,1080,1920,0,1196,1619,261,683,178506,0.086,4176,/home/amos/media/tv/White.Collar.S01-S06.1080p.BluRay.x265-RARBG/White.Collar.S06.1080p.WEBRip.x265-RARBG/White.Collar.S06E04.1080p.WEBRip.x265-RARBG.mp4,6,4,1358522,data/encodings/1358522/1358522_S06E04_4176_0.npy
187,1080,1920,0,604,956,244,596,123904,0.06,4200,/home/amos/media/tv/White.Collar.S01-S06.1080p.BluRay.x265-RARBG/White.Collar.S06.1080p.WEBRip.x265-RARBG/White.Collar.S06E04.1080p.WEBRip.x265-RARBG.mp4,6,4,1358522,data/encodings/1358522/1358522_S06E04_4200_0.npy
188,1080,1920,0,497,849,244,596,123904,0.06,4224,/home/amos/media/tv/White.Collar.S01-S06.1080p.BluRay.x265-RARBG/White.Collar.S06.1080p.WEBRip.x265-RARBG/White.Collar.S06E04.1080p.WEBRip.x265-RARBG.mp4,6,4,1358522,data/encodings/1358522/1358522_S06E04_4224_0.npy
189,1080,1920,0,1321,1525,120,324,41616,0.02,4248,/home/amos/media/tv/White.Collar.S01-S06.1080p.BluRay.x265-RARBG/White.Collar.S06.1080p.WEBRip.x265-RARBG/White.Collar.S06E04.1080p.WEBRip.x265-RARBG.mp4,6,4,1358522,data/encodings/1358522/1358522_S06E04_4248_0.npy
190,1080,1920,1,867,1071,285,489,41616,0.02,4248,/home/amos/media/tv/White.Collar.S01-S06.1080p.BluRay.x265-RARBG/White.Collar.S06.1080p.WEBRip.x265-RARBG/White.Collar.S06E04.1080p.WEBRip.x265-RARBG.mp4,6,4,1358522,data/encodings/1358522/1358522_S06E04_4248_1.npy
191,1080,1920,0,1301,1505,99,303,41616,0.02,4272,/home/amos/media/tv/White.Collar.S01-S06.1080p.BluRay.x265-RARBG/White.Collar.S06.1080p.WEBRip.x265-RARBG/White.Collar.S06E04.1080p.WEBRip.x265-RARBG.mp4,6,4,1358522,data/encodings/1358522/1358522_S06E04_4272_0.npy
192,1080,1920,1,888,1058,302,471,28730,0.014,4272,/home/amos/media/tv/White.Collar.S01-S06.1080p.BluRay.x265-RARBG/White.Collar.S06.1080p.WEBRip.x265-RARBG/White.Collar.S06E04.1080p.WEBRip.x265-RARBG.mp4,6,4,1358522,data/encodings/1358522/1358522_S06E04_4272_1.npy
193,1080,1920,0,1111,1533,261,683,178084,0.086,4296,/home/amos/media/tv/White.Collar.S01-S06.1080p.BluRay.x265-RARBG/White.Collar.S06.1080p.WEBRip.x265-RARBG/White.Collar.S06E04.1080p.WEBRip.x265-RARBG.mp4,6,4,1358522,data/encodings/1358522/1358522_S06E04_4296_0.npy
194,1080,1920,0,1068,1491,261,683,178506,0.086,4320,/home/amos/media/tv/White.Collar.S01-S06.1080p.BluRay.x265-RARBG/White.Collar.S06.1080p.WEBRip.x265-RARBG/White.Collar.S06E04.1080p.WEBRip.x265-RARBG.mp4,6,4,1358522,data/encodings/1358522/1358522_S06E04_4320_0.npy
195,1080,1920,0,925,1277,279,632,124256,0.06,4344,/home/amos/media/tv/White.Collar.S01-S06.1080p.BluRay.x265-RARBG/White.Collar.S06.1080p.WEBRip.x265-RARBG/White.Collar.S06E04.1080p.WEBRip.x265-RARBG.mp4,6,4,1358522,data/encodings/1358522/1358522_S06E04_4344_0.npy
196,1080,1920,0,997,1349,279,632,124256,0.06,4368,/home/amos/media/tv/White.Collar.S01-S06.1080p.BluRay.x265-RARBG/White.Collar.S06.1080p.WEBRip.x265-RARBG/White.Collar.S06E04.1080p.WEBRip.x265-RARBG.mp4,6,4,1358522,data/encodings/1358522/1358522_S06E04_4368_0.npy
197,1080,1920,0,640,992,279,632,124256,0.06,4392,/home/amos/media/tv/White.Collar.S01-S06.1080p.BluRay.x265-RARBG/White.Collar.S06.1080p.WEBRip.x265-RARBG/White.Collar.S06E04.1080p.WEBRip.x265-RARBG.mp4,6,4,1358522,data/encodings/1358522/1358522_S06E04_4392_0.npy
198,1080,1920,0,1321,1525,120,324,41616,0.02,4416,/home/amos/media/tv/White.Collar.S01-S06.1080p.BluRay.x265-RARBG/White.Collar.S06.1080p.WEBRip.x265-RARBG/White.Collar.S06E04.1080p.WEBRip.x265-RARBG.mp4,6,4,1358522,data/encodings/1358522/1358522_S06E04_4416_0.npy
199,1080,1920,1,847,1051,306,509,41412,0.02,4416,/home/amos/media/tv/White.Collar.S01-S06.1080p.BluRay.x265-RARBG/White.Collar.S06.1080p.WEBRip.x265-RARBG/White.Collar.S06E04.1080p.WEBRip.x265-RARBG.mp4,6,4,1358522,data/encodings/1358522/1358522_S06E04_4416_1.npy
200,1080,1920,0,1342,1546,120,324,41616,0.02,4440,/home/amos/media/tv/White.Collar.S01-S06.1080p.BluRay.x265-RARBG/White.Collar.S06.1080p.WEBRip.x265-RARBG/White.Collar.S06E04.1080p.WEBRip.x265-RARBG.mp4,6,4,1358522,data/encodings/1358522/1358522_S06E04_4440_0.npy
201,1080,1920,1,847,1051,306,509,41412,0.02,4440,/home/amos/media/tv/White.Collar.S01-S06.1080p.BluRay.x265-RARBG/White.Collar.S06.1080p.WEBRip.x265-RARBG/White.Collar.S06E04.1080p.WEBRip.x265-RARBG.mp4,6,4,1358522,data/encodings/1358522/1358522_S06E04_4440_1.npy
202,1080,1920,0,1452,1551,267,366,9801,0.005,4464,/home/amos/media/tv/White.Collar.S01-S06.1080p.BluRay.x265-RARBG/White.Collar.S06.1080p.WEBRip.x265-RARBG/White.Collar.S06E04.1080p.WEBRip.x265-RARBG.mp4,6,4,1358522,data/encodings/1358522/1358522_S06E04_4464_0.npy
203,1080,1920,0,1177,1381,264,468,41616,0.02,4536,/home/amos/media/tv/White.Collar.S01-S06.1080p.BluRay.x265-RARBG/White.Collar.S06.1080p.WEBRip.x265-RARBG/White.Collar.S06E04.1080p.WEBRip.x265-RARBG.mp4,6,4,1358522,data/encodings/1358522/1358522_S06E04_4536_0.npy
204,1080,1920,1,544,714,302,471,28730,0.014,4536,/home/amos/media/tv/White.Collar.S01-S06.1080p.BluRay.x265-RARBG/White.Collar.S06.1080p.WEBRip.x265-RARBG/White.Collar.S06E04.1080p.WEBRip.x265-RARBG.mp4,6,4,1358522,data/encodings/1358522/1358522_S06E04_4536_1.npy
205,1080,1920,0,360,605,355,599,59780,0.029,4560,/home/amos/media/tv/White.Collar.S01-S06.1080p.BluRay.x265-RARBG/White.Collar.S06.1080p.WEBRip.x265-RARBG/White.Collar.S06E04.1080p.WEBRip.x265-RARBG.mp4,6,4,1358522,data/encodings/1358522/1358522_S06E04_4560_0.npy
206,1080,1920,1,1153,1397,355,599,59536,0.029,4560,/home/amos/media/tv/White.Collar.S01-S06.1080p.BluRay.x265-RARBG/White.Collar.S06.1080p.WEBRip.x265-RARBG/White.Collar.S06E04.1080p.WEBRip.x265-RARBG.mp4,6,4,1358522,data/encodings/1358522/1358522_S06E04_4560_1.npy
207,1080,1920,0,1298,1592,374,667,86142,0.042,4584,/home/amos/media/tv/White.Collar.S01-S06.1080p.BluRay.x265-RARBG/White.Collar.S06.1080p.WEBRip.x265-RARBG/White.Collar.S06E04.1080p.WEBRip.x265-RARBG.mp4,6,4,1358522,data/encodings/1358522/1358522_S06E04_4584_0.npy
208,1080,1920,1,436,730,374,667,86142,0.042,4584,/home/amos/media/tv/White.Collar.S01-S06.1080p.BluRay.x265-RARBG/White.Collar.S06.1080p.WEBRip.x265-RARBG/White.Collar.S06E04.1080p.WEBRip.x265-RARBG.mp4,6,4,1358522,data/encodings/1358522/1358522_S06E04_4584_1.npy
209,1080,1920,0,940,1110,353,523,28900,0.014,4608,/home/amos/media/tv/White.Collar.S01-S06.1080p.BluRay.x265-RARBG/White.Collar.S06.1080p.WEBRip.x265-RARBG/White.Collar.S06E04.1080p.WEBRip.x265-RARBG.mp4,6,4,1358522,data/encodings/1358522/1358522_S06E04_4608_0.npy
210,1080,1920,0,1352,1522,456,626,28900,0.014,4632,/home/amos/media/tv/White.Collar.S01-S06.1080p.BluRay.x265-RARBG/White.Collar.S06.1080p.WEBRip.x265-RARBG/White.Collar.S06E04.1080p.WEBRip.x265-RARBG.mp4,6,4,1358522,data/encodings/1358522/1358522_S06E04_4632_0.npy
211,1080,1920,1,1264,1382,172,290,13924,0.007,4632,/home/amos/media/tv/White.Collar.S01-S06.1080p.BluRay.x265-RARBG/White.Collar.S06.1080p.WEBRip.x265-RARBG/White.Collar.S06E04.1080p.WEBRip.x265-RARBG.mp4,6,4,1358522,data/encodings/1358522/1358522_S06E04_4632_1.npy
212,1080,1920,0,355,525,216,385,28730,0.014,4656,/home/amos/media/tv/White.Collar.S01-S06.1080p.BluRay.x265-RARBG/White.Collar.S06.1080p.WEBRip.x265-RARBG/White.Collar.S06E04.1080p.WEBRip.x265-RARBG.mp4,6,4,1358522,data/encodings/1358522/1358522_S06E04_4656_0.npy
213,1080,1920,1,619,737,267,385,13924,0.007,4656,/home/amos/media/tv/White.Collar.S01-S06.1080p.BluRay.x265-RARBG/White.Collar.S06.1080p.WEBRip.x265-RARBG/White.Collar.S06E04.1080p.WEBRip.x265-RARBG.mp4,6,4,1358522,data/encodings/1358522/1358522_S06E04_4656_1.npy
214,1080,1920,2,1094,1298,306,509,41412,0.02,4656,/home/amos/media/tv/White.Collar.S01-S06.1080p.BluRay.x265-RARBG/White.Collar.S06.1080p.WEBRip.x265-RARBG/White.Collar.S06E04.1080p.WEBRip.x265-RARBG.mp4,6,4,1358522,data/encodings/1358522/1358522_S06E04_4656_2.npy
215,1080,1920,0,682,852,233,403,28900,0.014,4680,/home/amos/media/tv/White.Collar.S01-S06.1080p.BluRay.x265-RARBG/White.Collar.S06.1080p.WEBRip.x265-RARBG/White.Collar.S06E04.1080p.WEBRip.x265-RARBG.mp4,6,4,1358522,data/encodings/1358522/1358522_S06E04_4680_0.npy
216,1080,1920,1,1252,1496,206,450,59536,0.029,4680,/home/amos/media/tv/White.Collar.S01-S06.1080p.BluRay.x265-RARBG/White.Collar.S06.1080p.WEBRip.x265-RARBG/White.Collar.S06E04.1080p.WEBRip.x265-RARBG.mp4,6,4,1358522,data/encodings/1358522/1358522_S06E04_4680_1.npy
217,1080,1920,0,1202,1447,181,426,60025,0.029,4704,/home/amos/media/tv/White.Collar.S01-S06.1080p.BluRay.x265-RARBG/White.Collar.S06.1080p.WEBRip.x265-RARBG/White.Collar.S06E04.1080p.WEBRip.x265-RARBG.mp4,6,4,1358522,data/encodings/1358522/1358522_S06E04_4704_0.npy
218,1080,1920,1,647,817,216,385,28730,0.014,4704,/home/amos/media/tv/White.Collar.S01-S06.1080p.BluRay.x265-RARBG/White.Collar.S06.1080p.WEBRip.x265-RARBG/White.Collar.S06E04.1080p.WEBRip.x265-RARBG.mp4,6,4,1358522,data/encodings/1358522/1358522_S06E04_4704_1.npy
219,1080,1920,0,1301,1546,156,401,60025,0.029,4728,/home/amos/media/tv/White.Collar.S01-S06.1080p.BluRay.x265-RARBG/White.Collar.S06.1080p.WEBRip.x265-RARBG/White.Collar.S06E04.1080p.WEBRip.x265-RARBG.mp4,6,4,1358522,data/encodings/1358522/1358522_S06E04_4728_0.npy
220,1080,1920,0,1178,1422,181,426,59780,0.029,4752,/home/amos/media/tv/White.Collar.S01-S06.1080p.BluRay.x265-RARBG/White.Collar.S06.1080p.WEBRip.x265-RARBG/White.Collar.S06E04.1080p.WEBRip.x265-RARBG.mp4,6,4,1358522,data/encodings/1358522/1358522_S06E04_4752_0.npy
221,1080,1920,1,578,782,306,509,41412,0.02,4752,/home/amos/media/tv/White.Collar.S01-S06.1080p.BluRay.x265-RARBG/White.Collar.S06.1080p.WEBRip.x265-RARBG/White.Collar.S06E04.1080p.WEBRip.x265-RARBG.mp4,6,4,1358522,data/encodings/1358522/1358522_S06E04_4752_1.npy
222,1080,1920,0,1103,1348,231,475,59780,0.029,4776,/home/amos/media/tv/White.Collar.S01-S06.1080p.BluRay.x265-RARBG/White.Collar.S06.1080p.WEBRip.x265-RARBG/White.Collar.S06E04.1080p.WEBRip.x265-RARBG.mp4,6,4,1358522,data/encodings/1358522/1358522_S06E04_4776_0.npy
223,1080,1920,0,640,844,244,447,41412,0.02,4824,/home/amos/media/tv/White.Collar.S01-S06.1080p.BluRay.x265-RARBG/White.Collar.S06.1080p.WEBRip.x265-RARBG/White.Collar.S06E04.1080p.WEBRip.x265-RARBG.mp4,6,4,1358522,data/encodings/1358522/1358522_S06E04_4824_0.npy
224,1080,1920,0,682,852,267,437,28900,0.014,4848,/home/amos/media/tv/White.Collar.S01-S06.1080p.BluRay.x265-RARBG/White.Collar.S06.1080p.WEBRip.x265-RARBG/White.Collar.S06E04.1080p.WEBRip.x265-RARBG.mp4,6,4,1358522,data/encodings/1358522/1358522_S06E04_4848_0.npy
225,1080,1920,0,641,698,598,654,3192,0.002,4872,/home/amos/media/tv/White.Collar.S01-S06.1080p.BluRay.x265-RARBG/White.Collar.S06.1080p.WEBRip.x265-RARBG/White.Collar.S06E04.1080p.WEBRip.x265-RARBG.mp4,6,4,1358522,data/encodings/1358522/1358522_S06E04_4872_0.npy
226,1080,1920,0,635,692,580,637,3249,0.002,4896,/home/amos/media/tv/White.Collar.S01-S06.1080p.BluRay.x265-RARBG/White.Collar.S06.1080p.WEBRip.x265-RARBG/White.Collar.S06E04.1080p.WEBRip.x265-RARBG.mp4,6,4,1358522,data/encodings/1358522/1358522_S06E04_4896_0.npy
227,1080,1920,0,702,906,264,468,41616,0.02,4920,/home/amos/media/tv/White.Collar.S01-S06.1080p.BluRay.x265-RARBG/White.Collar.S06.1080p.WEBRip.x265-RARBG/White.Collar.S06E04.1080p.WEBRip.x265-RARBG.mp4,6,4,1358522,data/encodings/1358522/1358522_S06E04_4920_0.npy
228,1080,1920,0,781,1026,206,450,59780,0.029,4944,/home/amos/media/tv/White.Collar.S01-S06.1080p.BluRay.x265-RARBG/White.Collar.S06.1080p.WEBRip.x265-RARBG/White.Collar.S06E04.1080p.WEBRip.x265-RARBG.mp4,6,4,1358522,data/encodings/1358522/1358522_S06E04_4944_0.npy
229,1080,1920,0,1071,1119,480,527,2256,0.001,5016,/home/amos/media/tv/White.Collar.S01-S06.1080p.BluRay.x265-RARBG/White.Collar.S06.1080p.WEBRip.x265-RARBG/White.Collar.S06E04.1080p.WEBRip.x265-RARBG.mp4,6,4,1358522,data/encodings/1358522/1358522_S06E04_5016_0.npy
230,1080,1920,1,150,197,513,561,2256,0.001,5016,/home/amos/media/tv/White.Collar.S01-S06.1080p.BluRay.x265-RARBG/White.Collar.S06.1080p.WEBRip.x265-RARBG/White.Collar.S06E04.1080p.WEBRip.x265-RARBG.mp4,6,4,1358522,data/encodings/1358522/1358522_S06E04_5016_1.npy
231,1080,1920,0,656,754,357,455,9604,0.005,5232,/home/amos/media/tv/White.Collar.S01-S06.1080p.BluRay.x265-RARBG/White.Collar.S06.1080p.WEBRip.x265-RARBG/White.Collar.S06E04.1080p.WEBRip.x265-RARBG.mp4,6,4,1358522,data/encodings/1358522/1358522_S06E04_5232_0.npy
232,1080,1920,0,738,1468,17,747,532900,0.257,5376,/home/amos/media/tv/White.Collar.S01-S06.1080p.BluRay.x265-RARBG/White.Collar.S06.1080p.WEBRip.x265-RARBG/White.Collar.S06E04.1080p.WEBRip.x265-RARBG.mp4,6,4,1358522,data/encodings/1358522/1358522_S06E04_5376_0.npy
233,1080,1920,0,589,1096,159,666,257049,0.124,5400,/home/amos/media/tv/White.Collar.S01-S06.1080p.BluRay.x265-RARBG/White.Collar.S06.1080p.WEBRip.x265-RARBG/White.Collar.S06E04.1080p.WEBRip.x265-RARBG.mp4,6,4,1358522,data/encodings/1358522/1358522_S06E04_5400_0.npy
234,1080,1920,0,335,580,181,426,60025,0.029,5424,/home/amos/media/tv/White.Collar.S01-S06.1080p.BluRay.x265-RARBG/White.Collar.S06.1080p.WEBRip.x265-RARBG/White.Collar.S06E04.1080p.WEBRip.x265-RARBG.mp4,6,4,1358522,data/encodings/1358522/1358522_S06E04_5424_0.npy
235,1080,1920,0,286,530,181,426,59780,0.029,5448,/home/amos/media/tv/White.Collar.S01-S06.1080p.BluRay.x265-RARBG/White.Collar.S06.1080p.WEBRip.x265-RARBG/White.Collar.S06E04.1080p.WEBRip.x265-RARBG.mp4,6,4,1358522,data/encodings/1358522/1358522_S06E04_5448_0.npy
236,1080,1920,0,351,555,202,406,41616,0.02,5472,/home/amos/media/tv/White.Collar.S01-S06.1080p.BluRay.x265-RARBG/White.Collar.S06.1080p.WEBRip.x265-RARBG/White.Collar.S06E04.1080p.WEBRip.x265-RARBG.mp4,6,4,1358522,data/encodings/1358522/1358522_S06E04_5472_0.npy
237,1080,1920,0,1073,1155,336,418,6724,0.003,5496,/home/amos/media/tv/White.Collar.S01-S06.1080p.BluRay.x265-RARBG/White.Collar.S06.1080p.WEBRip.x265-RARBG/White.Collar.S06E04.1080p.WEBRip.x265-RARBG.mp4,6,4,1358522,data/encodings/1358522/1358522_S06E04_5496_0.npy
238,1080,1920,0,726,824,178,276,9604,0.005,5520,/home/amos/media/tv/White.Collar.S01-S06.1080p.BluRay.x265-RARBG/White.Collar.S06.1080p.WEBRip.x265-RARBG/White.Collar.S06E04.1080p.WEBRip.x265-RARBG.mp4,6,4,1358522,data/encodings/1358522/1358522_S06E04_5520_0.npy
239,1080,1920,0,915,1013,178,276,9604,0.005,5544,/home/amos/media/tv/White.Collar.S01-S06.1080p.BluRay.x265-RARBG/White.Collar.S06.1080p.WEBRip.x265-RARBG/White.Collar.S06E04.1080p.WEBRip.x265-RARBG.mp4,6,4,1358522,data/encodings/1358522/1358522_S06E04_5544_0.npy
240,1080,1920,1,512,630,231,349,13924,0.007,5544,/home/amos/media/tv/White.Collar.S01-S06.1080p.BluRay.x265-RARBG/White.Collar.S06.1080p.WEBRip.x265-RARBG/White.Collar.S06E04.1080p.WEBRip.x265-RARBG.mp4,6,4,1358522,data/encodings/1358522/1358522_S06E04_5544_1.npy
241,1080,1920,0,488,606,208,325,13806,0.007,5568,/home/amos/media/tv/White.Collar.S01-S06.1080p.BluRay.x265-RARBG/White.Collar.S06.1080p.WEBRip.x265-RARBG/White.Collar.S06E04.1080p.WEBRip.x265-RARBG.mp4,6,4,1358522,data/encodings/1358522/1358522_S06E04_5568_0.npy
242,1080,1920,1,1024,1123,178,276,9702,0.005,5568,/home/amos/media/tv/White.Collar.S01-S06.1080p.BluRay.x265-RARBG/White.Collar.S06.1080p.WEBRip.x265-RARBG/White.Collar.S06E04.1080p.WEBRip.x265-RARBG.mp4,6,4,1358522,data/encodings/1358522/1358522_S06E04_5568_1.npy
243,1080,1920,0,567,665,208,306,9604,0.005,5592,/home/amos/media/tv/White.Collar.S01-S06.1080p.BluRay.x265-RARBG/White.Collar.S06.1080p.WEBRip.x265-RARBG/White.Collar.S06E04.1080p.WEBRip.x265-RARBG.mp4,6,4,1358522,data/encodings/1358522/1358522_S06E04_5592_0.npy
244,1080,1920,1,977,1095,136,254,13924,0.007,5592,/home/amos/media/tv/White.Collar.S01-S06.1080p.BluRay.x265-RARBG/White.Collar.S06.1080p.WEBRip.x265-RARBG/White.Collar.S06E04.1080p.WEBRip.x265-RARBG.mp4,6,4,1358522,data/encodings/1358522/1358522_S06E04_5592_1.npy
245,1080,1920,0,1005,1103,158,256,9604,0.005,5616,/home/amos/media/tv/White.Collar.S01-S06.1080p.BluRay.x265-RARBG/White.Collar.S06.1080p.WEBRip.x265-RARBG/White.Collar.S06E04.1080p.WEBRip.x265-RARBG.mp4,6,4,1358522,data/encodings/1358522/1358522_S06E04_5616_0.npy
246,1080,1920,1,583,701,196,314,13924,0.007,5616,/home/amos/media/tv/White.Collar.S01-S06.1080p.BluRay.x265-RARBG/White.Collar.S06.1080p.WEBRip.x265-RARBG/White.Collar.S06E04.1080p.WEBRip.x265-RARBG.mp4,6,4,1358522,data/encodings/1358522/1358522_S06E04_5616_1.npy
247,1080,1920,0,1085,1203,172,290,13924,0.007,5640,/home/amos/media/tv/White.Collar.S01-S06.1080p.BluRay.x265-RARBG/White.Collar.S06.1080p.WEBRip.x265-RARBG/White.Collar.S06E04.1080p.WEBRip.x265-RARBG.mp4,6,4,1358522,data/encodings/1358522/1358522_S06E04_5640_0.npy
248,1080,1920,1,619,737,172,290,13924,0.007,5640,/home/amos/media/tv/White.Collar.S01-S06.1080p.BluRay.x265-RARBG/White.Collar.S06.1080p.WEBRip.x265-RARBG/White.Collar.S06E04.1080p.WEBRip.x265-RARBG.mp4,6,4,1358522,data/encodings/1358522/1358522_S06E04_5640_1.npy
249,1080,1920,0,617,686,505,573,4692,0.002,5664,/home/amos/media/tv/White.Collar.S01-S06.1080p.BluRay.x265-RARBG/White.Collar.S06.1080p.WEBRip.x265-RARBG/White.Collar.S06E04.1080p.WEBRip.x265-RARBG.mp4,6,4,1358522,data/encodings/1358522/1358522_S06E04_5664_0.npy
250,1080,1920,1,407,506,426,525,9801,0.005,5664,/home/amos/media/tv/White.Collar.S01-S06.1080p.BluRay.x265-RARBG/White.Collar.S06.1080p.WEBRip.x265-RARBG/White.Collar.S06E04.1080p.WEBRip.x265-RARBG.mp4,6,4,1358522,data/encodings/1358522/1358522_S06E04_5664_1.npy
251,1080,1920,0,348,446,426,525,9702,0.005,5688,/home/amos/media/tv/White.Collar.S01-S06.1080p.BluRay.x265-RARBG/White.Collar.S06.1080p.WEBRip.x265-RARBG/White.Collar.S06E04.1080p.WEBRip.x265-RARBG.mp4,6,4,1358522,data/encodings/1358522/1358522_S06E04_5688_0.npy
252,1080,1920,1,562,630,477,545,4624,0.002,5688,/home/amos/media/tv/White.Collar.S01-S06.1080p.BluRay.x265-RARBG/White.Collar.S06.1080p.WEBRip.x265-RARBG/White.Collar.S06E04.1080p.WEBRip.x265-RARBG.mp4,6,4,1358522,data/encodings/1358522/1358522_S06E04_5688_1.npy
253,1080,1920,0,358,456,456,555,9702,0.005,5712,/home/amos/media/tv/White.Collar.S01-S06.1080p.BluRay.x265-RARBG/White.Collar.S06.1080p.WEBRip.x265-RARBG/White.Collar.S06E04.1080p.WEBRip.x265-RARBG.mp4,6,4,1358522,data/encodings/1358522/1358522_S06E04_5712_0.npy
254,1080,1920,1,589,646,477,533,3192,0.002,5712,/home/amos/media/tv/White.Collar.S01-S06.1080p.BluRay.x265-RARBG/White.Collar.S06.1080p.WEBRip.x265-RARBG/White.Collar.S06E04.1080p.WEBRip.x265-RARBG.mp4,6,4,1358522,data/encodings/1358522/1358522_S06E04_5712_1.npy
255,1080,1920,0,664,721,477,533,3192,0.002,5736,/home/amos/media/tv/White.Collar.S01-S06.1080p.BluRay.x265-RARBG/White.Collar.S06.1080p.WEBRip.x265-RARBG/White.Collar.S06E04.1080p.WEBRip.x265-RARBG.mp4,6,4,1358522,data/encodings/1358522/1358522_S06E04_5736_0.npy
256,1080,1920,1,443,525,469,551,6724,0.003,5736,/home/amos/media/tv/White.Collar.S01-S06.1080p.BluRay.x265-RARBG/White.Collar.S06.1080p.WEBRip.x265-RARBG/White.Collar.S06E04.1080p.WEBRip.x265-RARBG.mp4,6,4,1358522,data/encodings/1358522/1358522_S06E04_5736_1.npy
257,1080,1920,0,974,1056,478,559,6642,0.003,5784,/home/amos/media/tv/White.Collar.S01-S06.1080p.BluRay.x265-RARBG/White.Collar.S06.1080p.WEBRip.x265-RARBG/White.Collar.S06E04.1080p.WEBRip.x265-RARBG.mp4,6,4,1358522,data/encodings/1358522/1358522_S06E04_5784_0.npy
258,1080,1920,0,131,301,147,317,28900,0.014,5832,/home/amos/media/tv/White.Collar.S01-S06.1080p.BluRay.x265-RARBG/White.Collar.S06.1080p.WEBRip.x265-RARBG/White.Collar.S06E04.1080p.WEBRip.x265-RARBG.mp4,6,4,1358522,data/encodings/1358522/1358522_S06E04_5832_0.npy
259,1080,1920,1,203,271,373,442,4692,0.002,5832,/home/amos/media/tv/White.Collar.S01-S06.1080p.BluRay.x265-RARBG/White.Collar.S06.1080p.WEBRip.x265-RARBG/White.Collar.S06E04.1080p.WEBRip.x265-RARBG.mp4,6,4,1358522,data/encodings/1358522/1358522_S06E04_5832_1.npy
260,1080,1920,0,745,887,212,353,20022,0.01,5856,/home/amos/media/tv/White.Collar.S01-S06.1080p.BluRay.x265-RARBG/White.Collar.S06.1080p.WEBRip.x265-RARBG/White.Collar.S06E04.1080p.WEBRip.x265-RARBG.mp4,6,4,1358522,data/encodings/1358522/1358522_S06E04_5856_0.npy
261,1080,1920,0,831,973,183,325,20164,0.01,5880,/home/amos/media/tv/White.Collar.S01-S06.1080p.BluRay.x265-RARBG/White.Collar.S06.1080p.WEBRip.x265-RARBG/White.Collar.S06E04.1080p.WEBRip.x265-RARBG.mp4,6,4,1358522,data/encodings/1358522/1358522_S06E04_5880_0.npy
262,1080,1920,1,38,283,255,500,60025,0.029,5880,/home/amos/media/tv/White.Collar.S01-S06.1080p.BluRay.x265-RARBG/White.Collar.S06.1080p.WEBRip.x265-RARBG/White.Collar.S06E04.1080p.WEBRip.x265-RARBG.mp4,6,4,1358522,data/encodings/1358522/1358522_S06E04_5880_1.npy
263,1080,1920,0,723,927,182,385,41412,0.02,5928,/home/amos/media/tv/White.Collar.S01-S06.1080p.BluRay.x265-RARBG/White.Collar.S06.1080p.WEBRip.x265-RARBG/White.Collar.S06E04.1080p.WEBRip.x265-RARBG.mp4,6,4,1358522,data/encodings/1358522/1358522_S06E04_5928_0.npy
264,1080,1920,0,496,700,182,385,41412,0.02,5952,/home/amos/media/tv/White.Collar.S01-S06.1080p.BluRay.x265-RARBG/White.Collar.S06.1080p.WEBRip.x265-RARBG/White.Collar.S06E04.1080p.WEBRip.x265-RARBG.mp4,6,4,1358522,data/encodings/1358522/1358522_S06E04_5952_0.npy
265,1080,1920,0,1261,1403,369,511,20164,0.01,5976,/home/amos/media/tv/White.Collar.S01-S06.1080p.BluRay.x265-RARBG/White.Collar.S06.1080p.WEBRip.x265-RARBG/White.Collar.S06E04.1080p.WEBRip.x265-RARBG.mp4,6,4,1358522,data/encodings/1358522/1358522_S06E04_5976_0.npy
266,1080,1920,0,1204,1322,387,505,13924,0.007,6000,/home/amos/media/tv/White.Collar.S01-S06.1080p.BluRay.x265-RARBG/White.Collar.S06.1080p.WEBRip.x265-RARBG/White.Collar.S06E04.1080p.WEBRip.x265-RARBG.mp4,6,4,1358522,data/encodings/1358522/1358522_S06E04_6000_0.npy
267,1080,1920,0,544,714,181,351,28900,0.014,6024,/home/amos/media/tv/White.Collar.S01-S06.1080p.BluRay.x265-RARBG/White.Collar.S06.1080p.WEBRip.x265-RARBG/White.Collar.S06E04.1080p.WEBRip.x265-RARBG.mp4,6,4,1358522,data/encodings/1358522/1358522_S06E04_6024_0.npy
268,1080,1920,0,661,865,182,385,41412,0.02,6048,/home/amos/media/tv/White.Collar.S01-S06.1080p.BluRay.x265-RARBG/White.Collar.S06.1080p.WEBRip.x265-RARBG/White.Collar.S06E04.1080p.WEBRip.x265-RARBG.mp4,6,4,1358522,data/encodings/1358522/1358522_S06E04_6048_0.npy
269,1080,1920,0,1073,1191,387,505,13924,0.007,6072,/home/amos/media/tv/White.Collar.S01-S06.1080p.BluRay.x265-RARBG/White.Collar.S06.1080p.WEBRip.x265-RARBG/White.Collar.S06E04.1080p.WEBRip.x265-RARBG.mp4,6,4,1358522,data/encodings/1358522/1358522_S06E04_6072_0.npy
270,1080,1920,0,1025,1143,375,493,13924,0.007,6096,/home/amos/media/tv/White.Collar.S01-S06.1080p.BluRay.x265-RARBG/White.Collar.S06.1080p.WEBRip.x265-RARBG/White.Collar.S06E04.1080p.WEBRip.x265-RARBG.mp4,6,4,1358522,data/encodings/1358522/1358522_S06E04_6096_0.npy
271,1080,1920,0,1034,1133,387,485,9702,0.005,6120,/home/amos/media/tv/White.Collar.S01-S06.1080p.BluRay.x265-RARBG/White.Collar.S06.1080p.WEBRip.x265-RARBG/White.Collar.S06E04.1080p.WEBRip.x265-RARBG.mp4,6,4,1358522,data/encodings/1358522/1358522_S06E04_6120_0.npy
272,1080,1920,0,965,1083,387,505,13924,0.007,6144,/home/amos/media/tv/White.Collar.S01-S06.1080p.BluRay.x265-RARBG/White.Collar.S06.1080p.WEBRip.x265-RARBG/White.Collar.S06E04.1080p.WEBRip.x265-RARBG.mp4,6,4,1358522,data/encodings/1358522/1358522_S06E04_6144_0.npy
273,1080,1920,0,965,1083,399,517,13924,0.007,6168,/home/amos/media/tv/White.Collar.S01-S06.1080p.BluRay.x265-RARBG/White.Collar.S06.1080p.WEBRip.x265-RARBG/White.Collar.S06E04.1080p.WEBRip.x265-RARBG.mp4,6,4,1358522,data/encodings/1358522/1358522_S06E04_6168_0.npy
274,1080,1920,0,989,1107,387,505,13924,0.007,6192,/home/amos/media/tv/White.Collar.S01-S06.1080p.BluRay.x265-RARBG/White.Collar.S06.1080p.WEBRip.x265-RARBG/White.Collar.S06E04.1080p.WEBRip.x265-RARBG.mp4,6,4,1358522,data/encodings/1358522/1358522_S06E04_6192_0.npy
275,1080,1920,0,613,783,130,299,28730,0.014,6216,/home/amos/media/tv/White.Collar.S01-S06.1080p.BluRay.x265-RARBG/White.Collar.S06.1080p.WEBRip.x265-RARBG/White.Collar.S06E04.1080p.WEBRip.x265-RARBG.mp4,6,4,1358522,data/encodings/1358522/1358522_S06E04_6216_0.npy
276,1080,1920,0,733,903,164,334,28900,0.014,6240,/home/amos/media/tv/White.Collar.S01-S06.1080p.BluRay.x265-RARBG/White.Collar.S06.1080p.WEBRip.x265-RARBG/White.Collar.S06E04.1080p.WEBRip.x265-RARBG.mp4,6,4,1358522,data/encodings/1358522/1358522_S06E04_6240_0.npy
277,1080,1920,0,768,938,147,317,28900,0.014,6264,/home/amos/media/tv/White.Collar.S01-S06.1080p.BluRay.x265-RARBG/White.Collar.S06.1080p.WEBRip.x265-RARBG/White.Collar.S06E04.1080p.WEBRip.x265-RARBG.mp4,6,4,1358522,data/encodings/1358522/1358522_S06E04_6264_0.npy
278,1080,1920,0,871,1041,336,506,28900,0.014,6288,/home/amos/media/tv/White.Collar.S01-S06.1080p.BluRay.x265-RARBG/White.Collar.S06.1080p.WEBRip.x265-RARBG/White.Collar.S06E04.1080p.WEBRip.x265-RARBG.mp4,6,4,1358522,data/encodings/1358522/1358522_S06E04_6288_0.npy
279,1080,1920,0,871,1041,353,523,28900,0.014,6312,/home/amos/media/tv/White.Collar.S01-S06.1080p.BluRay.x265-RARBG/White.Collar.S06.1080p.WEBRip.x265-RARBG/White.Collar.S06E04.1080p.WEBRip.x265-RARBG.mp4,6,4,1358522,data/encodings/1358522/1358522_S06E04_6312_0.npy
280,1080,1920,0,867,1071,306,509,41412,0.02,6336,/home/amos/media/tv/White.Collar.S01-S06.1080p.BluRay.x265-RARBG/White.Collar.S06.1080p.WEBRip.x265-RARBG/White.Collar.S06E04.1080p.WEBRip.x265-RARBG.mp4,6,4,1358522,data/encodings/1358522/1358522_S06E04_6336_0.npy
281,1080,1920,0,640,992,208,560,123904,0.06,6360,/home/amos/media/tv/White.Collar.S01-S06.1080p.BluRay.x265-RARBG/White.Collar.S06.1080p.WEBRip.x265-RARBG/White.Collar.S06E04.1080p.WEBRip.x265-RARBG.mp4,6,4,1358522,data/encodings/1358522/1358522_S06E04_6360_0.npy
282,1080,1920,0,608,852,206,450,59536,0.029,6384,/home/amos/media/tv/White.Collar.S01-S06.1080p.BluRay.x265-RARBG/White.Collar.S06.1080p.WEBRip.x265-RARBG/White.Collar.S06E04.1080p.WEBRip.x265-RARBG.mp4,6,4,1358522,data/encodings/1358522/1358522_S06E04_6384_0.npy
283,1080,1920,0,585,878,166,459,85849,0.041,6408,/home/amos/media/tv/White.Collar.S01-S06.1080p.BluRay.x265-RARBG/White.Collar.S06.1080p.WEBRip.x265-RARBG/White.Collar.S06E04.1080p.WEBRip.x265-RARBG.mp4,6,4,1358522,data/encodings/1358522/1358522_S06E04_6408_0.npy
284,1080,1920,0,657,902,206,450,59780,0.029,6432,/home/amos/media/tv/White.Collar.S01-S06.1080p.BluRay.x265-RARBG/White.Collar.S06.1080p.WEBRip.x265-RARBG/White.Collar.S06E04.1080p.WEBRip.x265-RARBG.mp4,6,4,1358522,data/encodings/1358522/1358522_S06E04_6432_0.npy
285,1080,1920,0,644,938,195,489,86436,0.042,6456,/home/amos/media/tv/White.Collar.S01-S06.1080p.BluRay.x265-RARBG/White.Collar.S06.1080p.WEBRip.x265-RARBG/White.Collar.S06E04.1080p.WEBRip.x265-RARBG.mp4,6,4,1358522,data/encodings/1358522/1358522_S06E04_6456_0.npy
286,1080,1920,0,823,1116,403,697,86142,0.042,6480,/home/amos/media/tv/White.Collar.S01-S06.1080p.BluRay.x265-RARBG/White.Collar.S06.1080p.WEBRip.x265-RARBG/White.Collar.S06E04.1080p.WEBRip.x265-RARBG.mp4,6,4,1358522,data/encodings/1358522/1358522_S06E04_6480_0.npy
287,1080,1920,0,763,1057,285,578,86142,0.042,6504,/home/amos/media/tv/White.Collar.S01-S06.1080p.BluRay.x265-RARBG/White.Collar.S06.1080p.WEBRip.x265-RARBG/White.Collar.S06E04.1080p.WEBRip.x265-RARBG.mp4,6,4,1358522,data/encodings/1358522/1358522_S06E04_6504_0.npy
288,1080,1920,0,585,878,166,459,85849,0.041,6576,/home/amos/media/tv/White.Collar.S01-S06.1080p.BluRay.x265-RARBG/White.Collar.S06.1080p.WEBRip.x265-RARBG/White.Collar.S06E04.1080p.WEBRip.x265-RARBG.mp4,6,4,1358522,data/encodings/1358522/1358522_S06E04_6576_0.npy
289,1080,1920,0,615,908,166,459,85849,0.041,6600,/home/amos/media/tv/White.Collar.S01-S06.1080p.BluRay.x265-RARBG/White.Collar.S06.1080p.WEBRip.x265-RARBG/White.Collar.S06E04.1080p.WEBRip.x265-RARBG.mp4,6,4,1358522,data/encodings/1358522/1358522_S06E04_6600_0.npy
290,1080,1920,0,674,968,195,489,86436,0.042,6624,/home/amos/media/tv/White.Collar.S01-S06.1080p.BluRay.x265-RARBG/White.Collar.S06.1080p.WEBRip.x265-RARBG/White.Collar.S06E04.1080p.WEBRip.x265-RARBG.mp4,6,4,1358522,data/encodings/1358522/1358522_S06E04_6624_0.npy
291,1080,1920,0,763,1057,344,637,86142,0.042,6672,/home/amos/media/tv/White.Collar.S01-S06.1080p.BluRay.x265-RARBG/White.Collar.S06.1080p.WEBRip.x265-RARBG/White.Collar.S06E04.1080p.WEBRip.x265-RARBG.mp4,6,4,1358522,data/encodings/1358522/1358522_S06E04_6672_0.npy
292,1080,1920,0,823,1116,344,637,85849,0.041,6696,/home/amos/media/tv/White.Collar.S01-S06.1080p.BluRay.x265-RARBG/White.Collar.S06.1080p.WEBRip.x265-RARBG/White.Collar.S06E04.1080p.WEBRip.x265-RARBG.mp4,6,4,1358522,data/encodings/1358522/1358522_S06E04_6696_0.npy
293,1080,1920,0,882,1176,344,637,86142,0.042,6720,/home/amos/media/tv/White.Collar.S01-S06.1080p.BluRay.x265-RARBG/White.Collar.S06.1080p.WEBRip.x265-RARBG/White.Collar.S06E04.1080p.WEBRip.x265-RARBG.mp4,6,4,1358522,data/encodings/1358522/1358522_S06E04_6720_0.npy
294,1080,1920,0,905,1150,231,475,59780,0.029,6744,/home/amos/media/tv/White.Collar.S01-S06.1080p.BluRay.x265-RARBG/White.Collar.S06.1080p.WEBRip.x265-RARBG/White.Collar.S06E04.1080p.WEBRip.x265-RARBG.mp4,6,4,1358522,data/encodings/1358522/1358522_S06E04_6744_0.npy
295,1080,1920,0,831,1075,280,525,59780,0.029,6768,/home/amos/media/tv/White.Collar.S01-S06.1080p.BluRay.x265-RARBG/White.Collar.S06.1080p.WEBRip.x265-RARBG/White.Collar.S06E04.1080p.WEBRip.x265-RARBG.mp4,6,4,1358522,data/encodings/1358522/1358522_S06E04_6768_0.npy
296,1080,1920,0,526,819,136,429,85849,0.041,6792,/home/amos/media/tv/White.Collar.S01-S06.1080p.BluRay.x265-RARBG/White.Collar.S06.1080p.WEBRip.x265-RARBG/White.Collar.S06E04.1080p.WEBRip.x265-RARBG.mp4,6,4,1358522,data/encodings/1358522/1358522_S06E04_6792_0.npy
297,1080,1920,1,971,1265,314,608,86436,0.042,6792,/home/amos/media/tv/White.Collar.S01-S06.1080p.BluRay.x265-RARBG/White.Collar.S06.1080p.WEBRip.x265-RARBG/White.Collar.S06E04.1080p.WEBRip.x265-RARBG.mp4,6,4,1358522,data/encodings/1358522/1358522_S06E04_6792_1.npy
298,1080,1920,0,1103,1348,330,574,59780,0.029,6816,/home/amos/media/tv/White.Collar.S01-S06.1080p.BluRay.x265-RARBG/White.Collar.S06.1080p.WEBRip.x265-RARBG/White.Collar.S06E04.1080p.WEBRip.x265-RARBG.mp4,6,4,1358522,data/encodings/1358522/1358522_S06E04_6816_0.npy
299,1080,1920,0,1061,1354,344,637,85849,0.041,6840,/home/amos/media/tv/White.Collar.S01-S06.1080p.BluRay.x265-RARBG/White.Collar.S06.1080p.WEBRip.x265-RARBG/White.Collar.S06E04.1080p.WEBRip.x265-RARBG.mp4,6,4,1358522,data/encodings/1358522/1358522_S06E04_6840_0.npy
300,1080,1920,0,674,968,225,519,86436,0.042,6864,/home/amos/media/tv/White.Collar.S01-S06.1080p.BluRay.x265-RARBG/White.Collar.S06.1080p.WEBRip.x265-RARBG/White.Collar.S06E04.1080p.WEBRip.x265-RARBG.mp4,6,4,1358522,data/encodings/1358522/1358522_S06E04_6864_0.npy
301,1080,1920,0,1061,1354,314,608,86142,0.042,6888,/home/amos/media/tv/White.Collar.S01-S06.1080p.BluRay.x265-RARBG/White.Collar.S06.1080p.WEBRip.x265-RARBG/White.Collar.S06E04.1080p.WEBRip.x265-RARBG.mp4,6,4,1358522,data/encodings/1358522/1358522_S06E04_6888_0.npy
302,1080,1920,0,1061,1354,344,637,85849,0.041,6912,/home/amos/media/tv/White.Collar.S01-S06.1080p.BluRay.x265-RARBG/White.Collar.S06.1080p.WEBRip.x265-RARBG/White.Collar.S06E04.1080p.WEBRip.x265-RARBG.mp4,6,4,1358522,data/encodings/1358522/1358522_S06E04_6912_0.npy
303,1080,1920,0,1031,1324,344,637,85849,0.041,6936,/home/amos/media/tv/White.Collar.S01-S06.1080p.BluRay.x265-RARBG/White.Collar.S06.1080p.WEBRip.x265-RARBG/White.Collar.S06E04.1080p.WEBRip.x265-RARBG.mp4,6,4,1358522,data/encodings/1358522/1358522_S06E04_6936_0.npy
304,1080,1920,0,604,956,208,560,123904,0.06,6960,/home/amos/media/tv/White.Collar.S01-S06.1080p.BluRay.x265-RARBG/White.Collar.S06.1080p.WEBRip.x265-RARBG/White.Collar.S06E04.1080p.WEBRip.x265-RARBG.mp4,6,4,1358522,data/encodings/1358522/1358522_S06E04_6960_0.npy
305,1080,1920,0,569,921,208,560,123904,0.06,6984,/home/amos/media/tv/White.Collar.S01-S06.1080p.BluRay.x265-RARBG/White.Collar.S06.1080p.WEBRip.x265-RARBG/White.Collar.S06E04.1080p.WEBRip.x265-RARBG.mp4,6,4,1358522,data/encodings/1358522/1358522_S06E04_6984_0.npy
306,1080,1920,0,1090,1384,314,608,86436,0.042,7008,/home/amos/media/tv/White.Collar.S01-S06.1080p.BluRay.x265-RARBG/White.Collar.S06.1080p.WEBRip.x265-RARBG/White.Collar.S06E04.1080p.WEBRip.x265-RARBG.mp4,6,4,1358522,data/encodings/1358522/1358522_S06E04_7008_0.npy
307,1080,1920,1,426,778,65,418,124256,0.06,7008,/home/amos/media/tv/White.Collar.S01-S06.1080p.BluRay.x265-RARBG/White.Collar.S06.1080p.WEBRip.x265-RARBG/White.Collar.S06E04.1080p.WEBRip.x265-RARBG.mp4,6,4,1358522,data/encodings/1358522/1358522_S06E04_7008_1.npy
308,1080,1920,0,1001,1295,314,608,86436,0.042,7032,/home/amos/media/tv/White.Collar.S01-S06.1080p.BluRay.x265-RARBG/White.Collar.S06.1080p.WEBRip.x265-RARBG/White.Collar.S06E04.1080p.WEBRip.x265-RARBG.mp4,6,4,1358522,data/encodings/1358522/1358522_S06E04_7032_0.npy
309,1080,1920,1,176,529,30,382,124256,0.06,7032,/home/amos/media/tv/White.Collar.S01-S06.1080p.BluRay.x265-RARBG/White.Collar.S06.1080p.WEBRip.x265-RARBG/White.Collar.S06E04.1080p.WEBRip.x265-RARBG.mp4,6,4,1358522,data/encodings/1358522/1358522_S06E04_7032_1.npy
310,1080,1920,0,1004,1249,355,599,59780,0.029,7056,/home/amos/media/tv/White.Collar.S01-S06.1080p.BluRay.x265-RARBG/White.Collar.S06.1080p.WEBRip.x265-RARBG/White.Collar.S06E04.1080p.WEBRip.x265-RARBG.mp4,6,4,1358522,data/encodings/1358522/1358522_S06E04_7056_0.npy
311,1080,1920,0,1001,1295,314,608,86436,0.042,7080,/home/amos/media/tv/White.Collar.S01-S06.1080p.BluRay.x265-RARBG/White.Collar.S06.1080p.WEBRip.x265-RARBG/White.Collar.S06E04.1080p.WEBRip.x265-RARBG.mp4,6,4,1358522,data/encodings/1358522/1358522_S06E04_7080_0.npy
312,1080,1920,0,961,1313,315,667,123904,0.06,7176,/home/amos/media/tv/White.Collar.S01-S06.1080p.BluRay.x265-RARBG/White.Collar.S06.1080p.WEBRip.x265-RARBG/White.Collar.S06E04.1080p.WEBRip.x265-RARBG.mp4,6,4,1358522,data/encodings/1358522/1358522_S06E04_7176_0.npy
313,1080,1920,0,997,1349,279,632,124256,0.06,7200,/home/amos/media/tv/White.Collar.S01-S06.1080p.BluRay.x265-RARBG/White.Collar.S06.1080p.WEBRip.x265-RARBG/White.Collar.S06E04.1080p.WEBRip.x265-RARBG.mp4,6,4,1358522,data/encodings/1358522/1358522_S06E04_7200_0.npy
314,1080,1920,0,997,1349,315,667,123904,0.06,7224,/home/amos/media/tv/White.Collar.S01-S06.1080p.BluRay.x265-RARBG/White.Collar.S06.1080p.WEBRip.x265-RARBG/White.Collar.S06E04.1080p.WEBRip.x265-RARBG.mp4,6,4,1358522,data/encodings/1358522/1358522_S06E04_7224_0.npy
315,1080,1920,0,997,1349,315,667,123904,0.06,7248,/home/amos/media/tv/White.Collar.S01-S06.1080p.BluRay.x265-RARBG/White.Collar.S06.1080p.WEBRip.x265-RARBG/White.Collar.S06E04.1080p.WEBRip.x265-RARBG.mp4,6,4,1358522,data/encodings/1358522/1358522_S06E04_7248_0.npy
316,1080,1920,0,1106,1188,303,385,6724,0.003,7272,/home/amos/media/tv/White.Collar.S01-S06.1080p.BluRay.x265-RARBG/White.Collar.S06.1080p.WEBRip.x265-RARBG/White.Collar.S06E04.1080p.WEBRip.x265-RARBG.mp4,6,4,1358522,data/encodings/1358522/1358522_S06E04_7272_0.npy
317,1080,1920,0,1068,1420,279,632,124256,0.06,7440,/home/amos/media/tv/White.Collar.S01-S06.1080p.BluRay.x265-RARBG/White.Collar.S06.1080p.WEBRip.x265-RARBG/White.Collar.S06E04.1080p.WEBRip.x265-RARBG.mp4,6,4,1358522,data/encodings/1358522/1358522_S06E04_7440_0.npy
318,1080,1920,0,1068,1491,218,640,178506,0.086,7464,/home/amos/media/tv/White.Collar.S01-S06.1080p.BluRay.x265-RARBG/White.Collar.S06.1080p.WEBRip.x265-RARBG/White.Collar.S06E04.1080p.WEBRip.x265-RARBG.mp4,6,4,1358522,data/encodings/1358522/1358522_S06E04_7464_0.npy
319,1080,1920,0,1104,1456,315,667,123904,0.06,7488,/home/amos/media/tv/White.Collar.S01-S06.1080p.BluRay.x265-RARBG/White.Collar.S06.1080p.WEBRip.x265-RARBG/White.Collar.S06E04.1080p.WEBRip.x265-RARBG.mp4,6,4,1358522,data/encodings/1358522/1358522_S06E04_7488_0.npy
320,1080,1920,0,1104,1456,279,632,124256,0.06,7512,/home/amos/media/tv/White.Collar.S01-S06.1080p.BluRay.x265-RARBG/White.Collar.S06.1080p.WEBRip.x265-RARBG/White.Collar.S06E04.1080p.WEBRip.x265-RARBG.mp4,6,4,1358522,data/encodings/1358522/1358522_S06E04_7512_0.npy
321,1080,1920,0,469,891,218,640,178084,0.086,7560,/home/amos/media/tv/White.Collar.S01-S06.1080p.BluRay.x265-RARBG/White.Collar.S06.1080p.WEBRip.x265-RARBG/White.Collar.S06E04.1080p.WEBRip.x265-RARBG.mp4,6,4,1358522,data/encodings/1358522/1358522_S06E04_7560_0.npy
322,1080,1920,0,569,921,279,632,124256,0.06,7584,/home/amos/media/tv/White.Collar.S01-S06.1080p.BluRay.x265-RARBG/White.Collar.S06.1080p.WEBRip.x265-RARBG/White.Collar.S06E04.1080p.WEBRip.x265-RARBG.mp4,6,4,1358522,data/encodings/1358522/1358522_S06E04_7584_0.npy
323,1080,1920,1,1359,1866,621,1080,232713,0.112,7584,/home/amos/media/tv/White.Collar.S01-S06.1080p.BluRay.x265-RARBG/White.Collar.S06.1080p.WEBRip.x265-RARBG/White.Collar.S06E04.1080p.WEBRip.x265-RARBG.mp4,6,4,1358522,data/encodings/1358522/1358522_S06E04_7584_1.npy
324,1080,1920,0,1104,1456,279,632,124256,0.06,7608,/home/amos/media/tv/White.Collar.S01-S06.1080p.BluRay.x265-RARBG/White.Collar.S06.1080p.WEBRip.x265-RARBG/White.Collar.S06E04.1080p.WEBRip.x265-RARBG.mp4,6,4,1358522,data/encodings/1358522/1358522_S06E04_7608_0.npy
325,1080,1920,0,1068,1491,261,683,178506,0.086,7632,/home/amos/media/tv/White.Collar.S01-S06.1080p.BluRay.x265-RARBG/White.Collar.S06.1080p.WEBRip.x265-RARBG/White.Collar.S06E04.1080p.WEBRip.x265-RARBG.mp4,6,4,1358522,data/encodings/1358522/1358522_S06E04_7632_0.npy
326,1080,1920,0,469,891,218,640,178084,0.086,7656,/home/amos/media/tv/White.Collar.S01-S06.1080p.BluRay.x265-RARBG/White.Collar.S06.1080p.WEBRip.x265-RARBG/White.Collar.S06E04.1080p.WEBRip.x265-RARBG.mp4,6,4,1358522,data/encodings/1358522/1358522_S06E04_7656_0.npy
327,1080,1920,0,512,934,218,640,178084,0.086,7680,/home/amos/media/tv/White.Collar.S01-S06.1080p.BluRay.x265-RARBG/White.Collar.S06.1080p.WEBRip.x265-RARBG/White.Collar.S06E04.1080p.WEBRip.x265-RARBG.mp4,6,4,1358522,data/encodings/1358522/1358522_S06E04_7680_0.npy
328,1080,1920,0,462,814,279,632,124256,0.06,7704,/home/amos/media/tv/White.Collar.S01-S06.1080p.BluRay.x265-RARBG/White.Collar.S06.1080p.WEBRip.x265-RARBG/White.Collar.S06E04.1080p.WEBRip.x265-RARBG.mp4,6,4,1358522,data/encodings/1358522/1358522_S06E04_7704_0.npy
329,1080,1920,0,383,806,218,640,178506,0.086,7728,/home/amos/media/tv/White.Collar.S01-S06.1080p.BluRay.x265-RARBG/White.Collar.S06.1080p.WEBRip.x265-RARBG/White.Collar.S06E04.1080p.WEBRip.x265-RARBG.mp4,6,4,1358522,data/encodings/1358522/1358522_S06E04_7728_0.npy
330,1080,1920,0,383,806,303,726,178929,0.086,7752,/home/amos/media/tv/White.Collar.S01-S06.1080p.BluRay.x265-RARBG/White.Collar.S06.1080p.WEBRip.x265-RARBG/White.Collar.S06E04.1080p.WEBRip.x265-RARBG.mp4,6,4,1358522,data/encodings/1358522/1358522_S06E04_7752_0.npy
331,1080,1920,0,492,662,233,403,28900,0.014,7776,/home/amos/media/tv/White.Collar.S01-S06.1080p.BluRay.x265-RARBG/White.Collar.S06.1080p.WEBRip.x265-RARBG/White.Collar.S06E04.1080p.WEBRip.x265-RARBG.mp4,6,4,1358522,data/encodings/1358522/1358522_S06E04_7776_0.npy
332,1080,1920,0,512,934,261,683,178084,0.086,7800,/home/amos/media/tv/White.Collar.S01-S06.1080p.BluRay.x265-RARBG/White.Collar.S06.1080p.WEBRip.x265-RARBG/White.Collar.S06E04.1080p.WEBRip.x265-RARBG.mp4,6,4,1358522,data/encodings/1358522/1358522_S06E04_7800_0.npy
333,1080,1920,0,555,849,374,667,86142,0.042,7824,/home/amos/media/tv/White.Collar.S01-S06.1080p.BluRay.x265-RARBG/White.Collar.S06.1080p.WEBRip.x265-RARBG/White.Collar.S06E04.1080p.WEBRip.x265-RARBG.mp4,6,4,1358522,data/encodings/1358522/1358522_S06E04_7824_0.npy
334,1080,1920,1,1298,1592,344,637,86142,0.042,7824,/home/amos/media/tv/White.Collar.S01-S06.1080p.BluRay.x265-RARBG/White.Collar.S06.1080p.WEBRip.x265-RARBG/White.Collar.S06E04.1080p.WEBRip.x265-RARBG.mp4,6,4,1358522,data/encodings/1358522/1358522_S06E04_7824_1.npy
335,1080,1920,0,13,622,99,707,370272,0.179,7848,/home/amos/media/tv/White.Collar.S01-S06.1080p.BluRay.x265-RARBG/White.Collar.S06.1080p.WEBRip.x265-RARBG/White.Collar.S06E04.1080p.WEBRip.x265-RARBG.mp4,6,4,1358522,data/encodings/1358522/1358522_S06E04_7848_0.npy
336,1080,1920,0,1211,1563,529,881,123904,0.06,7896,/home/amos/media/tv/White.Collar.S01-S06.1080p.BluRay.x265-RARBG/White.Collar.S06.1080p.WEBRip.x265-RARBG/White.Collar.S06E04.1080p.WEBRip.x265-RARBG.mp4,6,4,1358522,data/encodings/1358522/1358522_S06E04_7896_0.npy
337,1080,1920,0,578,782,677,881,41616,0.02,7920,/home/amos/media/tv/White.Collar.S01-S06.1080p.BluRay.x265-RARBG/White.Collar.S06.1080p.WEBRip.x265-RARBG/White.Collar.S06E04.1080p.WEBRip.x265-RARBG.mp4,6,4,1358522,data/encodings/1358522/1358522_S06E04_7920_0.npy
338,1080,1920,0,385,630,280,525,60025,0.029,7944,/home/amos/media/tv/White.Collar.S01-S06.1080p.BluRay.x265-RARBG/White.Collar.S06.1080p.WEBRip.x265-RARBG/White.Collar.S06E04.1080p.WEBRip.x265-RARBG.mp4,6,4,1358522,data/encodings/1358522/1358522_S06E04_7944_0.npy
339,1080,1920,1,1318,1460,326,468,20164,0.01,7944,/home/amos/media/tv/White.Collar.S01-S06.1080p.BluRay.x265-RARBG/White.Collar.S06.1080p.WEBRip.x265-RARBG/White.Collar.S06E04.1080p.WEBRip.x265-RARBG.mp4,6,4,1358522,data/encodings/1358522/1358522_S06E04_7944_1.npy
340,1080,1920,2,763,1057,730,1024,86436,0.042,7944,/home/amos/media/tv/White.Collar.S01-S06.1080p.BluRay.x265-RARBG/White.Collar.S06.1080p.WEBRip.x265-RARBG/White.Collar.S06E04.1080p.WEBRip.x265-RARBG.mp4,6,4,1358522,data/encodings/1358522/1358522_S06E04_7944_2.npy
341,1080,1920,0,991,1195,367,571,41616,0.02,7968,/home/amos/media/tv/White.Collar.S01-S06.1080p.BluRay.x265-RARBG/White.Collar.S06.1080p.WEBRip.x265-RARBG/White.Collar.S06E04.1080p.WEBRip.x265-RARBG.mp4,6,4,1358522,data/encodings/1358522/1358522_S06E04_7968_0.npy
342,1080,1920,0,372,576,388,592,41616,0.02,7992,/home/amos/media/tv/White.Collar.S01-S06.1080p.BluRay.x265-RARBG/White.Collar.S06.1080p.WEBRip.x265-RARBG/White.Collar.S06E04.1080p.WEBRip.x265-RARBG.mp4,6,4,1358522,data/encodings/1358522/1358522_S06E04_7992_0.npy
343,1080,1920,0,393,597,388,592,41616,0.02,8016,/home/amos/media/tv/White.Collar.S01-S06.1080p.BluRay.x265-RARBG/White.Collar.S06.1080p.WEBRip.x265-RARBG/White.Collar.S06E04.1080p.WEBRip.x265-RARBG.mp4,6,4,1358522,data/encodings/1358522/1358522_S06E04_8016_0.npy
344,1080,1920,0,392,510,733,851,13924,0.007,8040,/home/amos/media/tv/White.Collar.S01-S06.1080p.BluRay.x265-RARBG/White.Collar.S06.1080p.WEBRip.x265-RARBG/White.Collar.S06E04.1080p.WEBRip.x265-RARBG.mp4,6,4,1358522,data/encodings/1358522/1358522_S06E04_8040_0.npy
345,1080,1920,1,834,952,673,791,13924,0.007,8040,/home/amos/media/tv/White.Collar.S01-S06.1080p.BluRay.x265-RARBG/White.Collar.S06.1080p.WEBRip.x265-RARBG/White.Collar.S06E04.1080p.WEBRip.x265-RARBG.mp4,6,4,1358522,data/encodings/1358522/1358522_S06E04_8040_1.npy
346,1080,1920,0,512,630,685,803,13924,0.007,8064,/home/amos/media/tv/White.Collar.S01-S06.1080p.BluRay.x265-RARBG/White.Collar.S06.1080p.WEBRip.x265-RARBG/White.Collar.S06E04.1080p.WEBRip.x265-RARBG.mp4,6,4,1358522,data/encodings/1358522/1358522_S06E04_8064_0.npy
347,1080,1920,1,954,1071,673,791,13806,0.007,8064,/home/amos/media/tv/White.Collar.S01-S06.1080p.BluRay.x265-RARBG/White.Collar.S06.1080p.WEBRip.x265-RARBG/White.Collar.S06E04.1080p.WEBRip.x265-RARBG.mp4,6,4,1358522,data/encodings/1358522/1358522_S06E04_8064_1.npy
348,1080,1920,0,1264,1346,395,476,6642,0.003,8160,/home/amos/media/tv/White.Collar.S01-S06.1080p.BluRay.x265-RARBG/White.Collar.S06.1080p.WEBRip.x265-RARBG/White.Collar.S06E04.1080p.WEBRip.x265-RARBG.mp4,6,4,1358522,data/encodings/1358522/1358522_S06E04_8160_0.npy
349,1080,1920,0,1223,1322,357,455,9702,0.005,8184,/home/amos/media/tv/White.Collar.S01-S06.1080p.BluRay.x265-RARBG/White.Collar.S06.1080p.WEBRip.x265-RARBG/White.Collar.S06E04.1080p.WEBRip.x265-RARBG.mp4,6,4,1358522,data/encodings/1358522/1358522_S06E04_8184_0.npy
350,1080,1920,1,845,944,367,465,9702,0.005,8184,/home/amos/media/tv/White.Collar.S01-S06.1080p.BluRay.x265-RARBG/White.Collar.S06.1080p.WEBRip.x265-RARBG/White.Collar.S06E04.1080p.WEBRip.x265-RARBG.mp4,6,4,1358522,data/encodings/1358522/1358522_S06E04_8184_1.npy
351,1080,1920,0,932,1014,353,435,6724,0.003,8208,/home/amos/media/tv/White.Collar.S01-S06.1080p.BluRay.x265-RARBG/White.Collar.S06.1080p.WEBRip.x265-RARBG/White.Collar.S06E04.1080p.WEBRip.x265-RARBG.mp4,6,4,1358522,data/encodings/1358522/1358522_S06E04_8208_0.npy
352,1080,1920,1,1194,1292,357,455,9604,0.005,8208,/home/amos/media/tv/White.Collar.S01-S06.1080p.BluRay.x265-RARBG/White.Collar.S06.1080p.WEBRip.x265-RARBG/White.Collar.S06E04.1080p.WEBRip.x265-RARBG.mp4,6,4,1358522,data/encodings/1358522/1358522_S06E04_8208_1.npy
353,1080,1920,2,177,259,726,808,6724,0.003,8208,/home/amos/media/tv/White.Collar.S01-S06.1080p.BluRay.x265-RARBG/White.Collar.S06.1080p.WEBRip.x265-RARBG/White.Collar.S06E04.1080p.WEBRip.x265-RARBG.mp4,6,4,1358522,data/encodings/1358522/1358522_S06E04_8208_2.npy
354,1080,1920,0,875,973,347,445,9604,0.005,8232,/home/amos/media/tv/White.Collar.S01-S06.1080p.BluRay.x265-RARBG/White.Collar.S06.1080p.WEBRip.x265-RARBG/White.Collar.S06E04.1080p.WEBRip.x265-RARBG.mp4,6,4,1358522,data/encodings/1358522/1358522_S06E04_8232_0.npy
355,1080,1920,1,1174,1272,317,415,9604,0.005,8232,/home/amos/media/tv/White.Collar.S01-S06.1080p.BluRay.x265-RARBG/White.Collar.S06.1080p.WEBRip.x265-RARBG/White.Collar.S06E04.1080p.WEBRip.x265-RARBG.mp4,6,4,1358522,data/encodings/1358522/1358522_S06E04_8232_1.npy
356,1080,1920,0,835,934,327,425,9702,0.005,8256,/home/amos/media/tv/White.Collar.S01-S06.1080p.BluRay.x265-RARBG/White.Collar.S06.1080p.WEBRip.x265-RARBG/White.Collar.S06E04.1080p.WEBRip.x265-RARBG.mp4,6,4,1358522,data/encodings/1358522/1358522_S06E04_8256_0.npy
357,1080,1920,1,1264,1382,303,421,13924,0.007,8256,/home/amos/media/tv/White.Collar.S01-S06.1080p.BluRay.x265-RARBG/White.Collar.S06.1080p.WEBRip.x265-RARBG/White.Collar.S06E04.1080p.WEBRip.x265-RARBG.mp4,6,4,1358522,data/encodings/1358522/1358522_S06E04_8256_1.npy
358,1080,1920,0,865,963,297,395,9604,0.005,8280,/home/amos/media/tv/White.Collar.S01-S06.1080p.BluRay.x265-RARBG/White.Collar.S06.1080p.WEBRip.x265-RARBG/White.Collar.S06E04.1080p.WEBRip.x265-RARBG.mp4,6,4,1358522,data/encodings/1358522/1358522_S06E04_8280_0.npy
359,1080,1920,1,1218,1360,226,368,20164,0.01,8280,/home/amos/media/tv/White.Collar.S01-S06.1080p.BluRay.x265-RARBG/White.Collar.S06.1080p.WEBRip.x265-RARBG/White.Collar.S06E04.1080p.WEBRip.x265-RARBG.mp4,6,4,1358522,data/encodings/1358522/1358522_S06E04_8280_1.npy
360,1080,1920,0,955,1053,267,366,9702,0.005,8304,/home/amos/media/tv/White.Collar.S01-S06.1080p.BluRay.x265-RARBG/White.Collar.S06.1080p.WEBRip.x265-RARBG/White.Collar.S06E04.1080p.WEBRip.x265-RARBG.mp4,6,4,1358522,data/encodings/1358522/1358522_S06E04_8304_0.npy
361,1080,1920,1,1333,1431,327,425,9604,0.005,8304,/home/amos/media/tv/White.Collar.S01-S06.1080p.BluRay.x265-RARBG/White.Collar.S06.1080p.WEBRip.x265-RARBG/White.Collar.S06E04.1080p.WEBRip.x265-RARBG.mp4,6,4,1358522,data/encodings/1358522/1358522_S06E04_8304_1.npy
362,1080,1920,2,42,99,465,522,3249,0.002,8304,/home/amos/media/tv/White.Collar.S01-S06.1080p.BluRay.x265-RARBG/White.Collar.S06.1080p.WEBRip.x265-RARBG/White.Collar.S06E04.1080p.WEBRip.x265-RARBG.mp4,6,4,1358522,data/encodings/1358522/1358522_S06E04_8304_2.npy
363,1080,1920,3,71,128,638,695,3249,0.002,8304,/home/amos/media/tv/White.Collar.S01-S06.1080p.BluRay.x265-RARBG/White.Collar.S06.1080p.WEBRip.x265-RARBG/White.Collar.S06E04.1080p.WEBRip.x265-RARBG.mp4,6,4,1358522,data/encodings/1358522/1358522_S06E04_8304_3.npy
364,1080,1920,0,935,1033,287,385,9604,0.005,8328,/home/amos/media/tv/White.Collar.S01-S06.1080p.BluRay.x265-RARBG/White.Collar.S06.1080p.WEBRip.x265-RARBG/White.Collar.S06E04.1080p.WEBRip.x265-RARBG.mp4,6,4,1358522,data/encodings/1358522/1358522_S06E04_8328_0.npy
365,1080,1920,1,1347,1429,336,418,6724,0.003,8328,/home/amos/media/tv/White.Collar.S01-S06.1080p.BluRay.x265-RARBG/White.Collar.S06.1080p.WEBRip.x265-RARBG/White.Collar.S06E04.1080p.WEBRip.x265-RARBG.mp4,6,4,1358522,data/encodings/1358522/1358522_S06E04_8328_1.npy
366,1080,1920,2,82,139,655,712,3249,0.002,8328,/home/amos/media/tv/White.Collar.S01-S06.1080p.BluRay.x265-RARBG/White.Collar.S06.1080p.WEBRip.x265-RARBG/White.Collar.S06E04.1080p.WEBRip.x265-RARBG.mp4,6,4,1358522,data/encodings/1358522/1358522_S06E04_8328_2.npy
367,1080,1920,3,0,47,482,539,2679,0.001,8328,/home/amos/media/tv/White.Collar.S01-S06.1080p.BluRay.x265-RARBG/White.Collar.S06.1080p.WEBRip.x265-RARBG/White.Collar.S06E04.1080p.WEBRip.x265-RARBG.mp4,6,4,1358522,data/encodings/1358522/1358522_S06E04_8328_3.npy
368,1080,1920,0,955,1053,257,356,9702,0.005,8352,/home/amos/media/tv/White.Collar.S01-S06.1080p.BluRay.x265-RARBG/White.Collar.S06.1080p.WEBRip.x265-RARBG/White.Collar.S06E04.1080p.WEBRip.x265-RARBG.mp4,6,4,1358522,data/encodings/1358522/1358522_S06E04_8352_0.npy
369,1080,1920,1,1353,1451,327,425,9604,0.005,8352,/home/amos/media/tv/White.Collar.S01-S06.1080p.BluRay.x265-RARBG/White.Collar.S06.1080p.WEBRip.x265-RARBG/White.Collar.S06E04.1080p.WEBRip.x265-RARBG.mp4,6,4,1358522,data/encodings/1358522/1358522_S06E04_8352_1.npy
370,1080,1920,2,13,70,494,551,3249,0.002,8352,/home/amos/media/tv/White.Collar.S01-S06.1080p.BluRay.x265-RARBG/White.Collar.S06.1080p.WEBRip.x265-RARBG/White.Collar.S06E04.1080p.WEBRip.x265-RARBG.mp4,6,4,1358522,data/encodings/1358522/1358522_S06E04_8352_2.npy
371,1080,1920,0,925,1023,257,356,9702,0.005,8376,/home/amos/media/tv/White.Collar.S01-S06.1080p.BluRay.x265-RARBG/White.Collar.S06.1080p.WEBRip.x265-RARBG/White.Collar.S06E04.1080p.WEBRip.x265-RARBG.mp4,6,4,1358522,data/encodings/1358522/1358522_S06E04_8376_0.npy
372,1080,1920,1,1353,1451,297,395,9604,0.005,8376,/home/amos/media/tv/White.Collar.S01-S06.1080p.BluRay.x265-RARBG/White.Collar.S06.1080p.WEBRip.x265-RARBG/White.Collar.S06E04.1080p.WEBRip.x265-RARBG.mp4,6,4,1358522,data/encodings/1358522/1358522_S06E04_8376_1.npy
373,1080,1920,2,0,77,619,700,6237,0.003,8376,/home/amos/media/tv/White.Collar.S01-S06.1080p.BluRay.x265-RARBG/White.Collar.S06.1080p.WEBRip.x265-RARBG/White.Collar.S06E04.1080p.WEBRip.x265-RARBG.mp4,6,4,1358522,data/encodings/1358522/1358522_S06E04_8376_2.npy
374,1080,1920,3,92,160,470,538,4624,0.002,8376,/home/amos/media/tv/White.Collar.S01-S06.1080p.BluRay.x265-RARBG/White.Collar.S06.1080p.WEBRip.x265-RARBG/White.Collar.S06E04.1080p.WEBRip.x265-RARBG.mp4,6,4,1358522,data/encodings/1358522/1358522_S06E04_8376_3.npy
375,1080,1920,4,146,202,649,706,3192,0.002,8376,/home/amos/media/tv/White.Collar.S01-S06.1080p.BluRay.x265-RARBG/White.Collar.S06.1080p.WEBRip.x265-RARBG/White.Collar.S06E04.1080p.WEBRip.x265-RARBG.mp4,6,4,1358522,data/encodings/1358522/1358522_S06E04_8376_4.npy
376,1080,1920,0,975,1073,247,346,9702,0.005,8400,/home/amos/media/tv/White.Collar.S01-S06.1080p.BluRay.x265-RARBG/White.Collar.S06.1080p.WEBRip.x265-RARBG/White.Collar.S06E04.1080p.WEBRip.x265-RARBG.mp4,6,4,1358522,data/encodings/1358522/1358522_S06E04_8400_0.npy
377,1080,1920,1,1313,1411,287,385,9604,0.005,8400,/home/amos/media/tv/White.Collar.S01-S06.1080p.BluRay.x265-RARBG/White.Collar.S06.1080p.WEBRip.x265-RARBG/White.Collar.S06E04.1080p.WEBRip.x265-RARBG.mp4,6,4,1358522,data/encodings/1358522/1358522_S06E04_8400_1.npy
378,1080,1920,2,28,110,619,700,6642,0.003,8400,/home/amos/media/tv/White.Collar.S01-S06.1080p.BluRay.x265-RARBG/White.Collar.S06.1080p.WEBRip.x265-RARBG/White.Collar.S06E04.1080p.WEBRip.x265-RARBG.mp4,6,4,1358522,data/encodings/1358522/1358522_S06E04_8400_2.npy
379,1080,1920,3,78,147,470,538,4692,0.002,8400,/home/amos/media/tv/White.Collar.S01-S06.1080p.BluRay.x265-RARBG/White.Collar.S06.1080p.WEBRip.x265-RARBG/White.Collar.S06E04.1080p.WEBRip.x265-RARBG.mp4,6,4,1358522,data/encodings/1358522/1358522_S06E04_8400_3.npy
380,1080,1920,0,885,983,208,306,9604,0.005,8424,/home/amos/media/tv/White.Collar.S01-S06.1080p.BluRay.x265-RARBG/White.Collar.S06.1080p.WEBRip.x265-RARBG/White.Collar.S06E04.1080p.WEBRip.x265-RARBG.mp4,6,4,1358522,data/encodings/1358522/1358522_S06E04_8424_0.npy
381,1080,1920,1,45,127,610,692,6724,0.003,8424,/home/amos/media/tv/White.Collar.S01-S06.1080p.BluRay.x265-RARBG/White.Collar.S06.1080p.WEBRip.x265-RARBG/White.Collar.S06E04.1080p.WEBRip.x265-RARBG.mp4,6,4,1358522,data/encodings/1358522/1358522_S06E04_8424_1.npy
382,1080,1920,2,16,84,463,532,4692,0.002,8424,/home/amos/media/tv/White.Collar.S01-S06.1080p.BluRay.x265-RARBG/White.Collar.S06.1080p.WEBRip.x265-RARBG/White.Collar.S06E04.1080p.WEBRip.x265-RARBG.mp4,6,4,1358522,data/encodings/1358522/1358522_S06E04_8424_2.npy
383,1080,1920,0,791,873,229,311,6724,0.003,8448,/home/amos/media/tv/White.Collar.S01-S06.1080p.BluRay.x265-RARBG/White.Collar.S06.1080p.WEBRip.x265-RARBG/White.Collar.S06E04.1080p.WEBRip.x265-RARBG.mp4,6,4,1358522,data/encodings/1358522/1358522_S06E04_8448_0.npy
384,1080,1920,1,45,127,610,692,6724,0.003,8448,/home/amos/media/tv/White.Collar.S01-S06.1080p.BluRay.x265-RARBG/White.Collar.S06.1080p.WEBRip.x265-RARBG/White.Collar.S06E04.1080p.WEBRip.x265-RARBG.mp4,6,4,1358522,data/encodings/1358522/1358522_S06E04_8448_1.npy
385,1080,1920,2,1293,1391,277,375,9604,0.005,8448,/home/amos/media/tv/White.Collar.S01-S06.1080p.BluRay.x265-RARBG/White.Collar.S06.1080p.WEBRip.x265-RARBG/White.Collar.S06E04.1080p.WEBRip.x265-RARBG.mp4,6,4,1358522,data/encodings/1358522/1358522_S06E04_8448_2.npy
386,1080,1920,0,774,892,196,314,13924,0.007,8472,/home/amos/media/tv/White.Collar.S01-S06.1080p.BluRay.x265-RARBG/White.Collar.S06.1080p.WEBRip.x265-RARBG/White.Collar.S06E04.1080p.WEBRip.x265-RARBG.mp4,6,4,1358522,data/encodings/1358522/1358522_S06E04_8472_0.npy
387,1080,1920,1,1293,1391,247,346,9702,0.005,8472,/home/amos/media/tv/White.Collar.S01-S06.1080p.BluRay.x265-RARBG/White.Collar.S06.1080p.WEBRip.x265-RARBG/White.Collar.S06E04.1080p.WEBRip.x265-RARBG.mp4,6,4,1358522,data/encodings/1358522/1358522_S06E04_8472_1.npy
388,1080,1920,2,61,143,610,692,6724,0.003,8472,/home/amos/media/tv/White.Collar.S01-S06.1080p.BluRay.x265-RARBG/White.Collar.S06.1080p.WEBRip.x265-RARBG/White.Collar.S06E04.1080p.WEBRip.x265-RARBG.mp4,6,4,1358522,data/encodings/1358522/1358522_S06E04_8472_2.npy
389,1080,1920,0,798,916,172,290,13924,0.007,8496,/home/amos/media/tv/White.Collar.S01-S06.1080p.BluRay.x265-RARBG/White.Collar.S06.1080p.WEBRip.x265-RARBG/White.Collar.S06E04.1080p.WEBRip.x265-RARBG.mp4,6,4,1358522,data/encodings/1358522/1358522_S06E04_8496_0.npy
390,1080,1920,1,1313,1411,247,346,9702,0.005,8496,/home/amos/media/tv/White.Collar.S01-S06.1080p.BluRay.x265-RARBG/White.Collar.S06.1080p.WEBRip.x265-RARBG/White.Collar.S06E04.1080p.WEBRip.x265-RARBG.mp4,6,4,1358522,data/encodings/1358522/1358522_S06E04_8496_1.npy
391,1080,1920,2,70,151,610,692,6642,0.003,8496,/home/amos/media/tv/White.Collar.S01-S06.1080p.BluRay.x265-RARBG/White.Collar.S06.1080p.WEBRip.x265-RARBG/White.Collar.S06E04.1080p.WEBRip.x265-RARBG.mp4,6,4,1358522,data/encodings/1358522/1358522_S06E04_8496_2.npy
392,1080,1920,0,882,1000,255,373,13924,0.007,8520,/home/amos/media/tv/White.Collar.S01-S06.1080p.BluRay.x265-RARBG/White.Collar.S06.1080p.WEBRip.x265-RARBG/White.Collar.S06E04.1080p.WEBRip.x265-RARBG.mp4,6,4,1358522,data/encodings/1358522/1358522_S06E04_8520_0.npy
393,1080,1920,1,1275,1417,169,310,20022,0.01,8520,/home/amos/media/tv/White.Collar.S01-S06.1080p.BluRay.x265-RARBG/White.Collar.S06.1080p.WEBRip.x265-RARBG/White.Collar.S06E04.1080p.WEBRip.x265-RARBG.mp4,6,4,1358522,data/encodings/1358522/1358522_S06E04_8520_1.npy
394,1080,1920,0,895,993,257,356,9702,0.005,8544,/home/amos/media/tv/White.Collar.S01-S06.1080p.BluRay.x265-RARBG/White.Collar.S06.1080p.WEBRip.x265-RARBG/White.Collar.S06E04.1080p.WEBRip.x265-RARBG.mp4,6,4,1358522,data/encodings/1358522/1358522_S06E04_8544_0.npy
395,1080,1920,1,1218,1360,197,339,20164,0.01,8544,/home/amos/media/tv/White.Collar.S01-S06.1080p.BluRay.x265-RARBG/White.Collar.S06.1080p.WEBRip.x265-RARBG/White.Collar.S06E04.1080p.WEBRip.x265-RARBG.mp4,6,4,1358522,data/encodings/1358522/1358522_S06E04_8544_1.npy
396,1080,1920,0,895,993,257,356,9702,0.005,8568,/home/amos/media/tv/White.Collar.S01-S06.1080p.BluRay.x265-RARBG/White.Collar.S06.1080p.WEBRip.x265-RARBG/White.Collar.S06E04.1080p.WEBRip.x265-RARBG.mp4,6,4,1358522,data/encodings/1358522/1358522_S06E04_8568_0.npy
397,1080,1920,1,1232,1374,226,368,20164,0.01,8568,/home/amos/media/tv/White.Collar.S01-S06.1080p.BluRay.x265-RARBG/White.Collar.S06.1080p.WEBRip.x265-RARBG/White.Collar.S06E04.1080p.WEBRip.x265-RARBG.mp4,6,4,1358522,data/encodings/1358522/1358522_S06E04_8568_1.npy
398,1080,1920,0,815,914,247,346,9801,0.005,8592,/home/amos/media/tv/White.Collar.S01-S06.1080p.BluRay.x265-RARBG/White.Collar.S06.1080p.WEBRip.x265-RARBG/White.Collar.S06E04.1080p.WEBRip.x265-RARBG.mp4,6,4,1358522,data/encodings/1358522/1358522_S06E04_8592_0.npy
399,1080,1920,0,739,856,243,361,13806,0.007,8616,/home/amos/media/tv/White.Collar.S01-S06.1080p.BluRay.x265-RARBG/White.Collar.S06.1080p.WEBRip.x265-RARBG/White.Collar.S06E04.1080p.WEBRip.x265-RARBG.mp4,6,4,1358522,data/encodings/1358522/1358522_S06E04_8616_0.npy
400,1080,1920,1,1146,1288,154,296,20164,0.01,8616,/home/amos/media/tv/White.Collar.S01-S06.1080p.BluRay.x265-RARBG/White.Collar.S06.1080p.WEBRip.x265-RARBG/White.Collar.S06E04.1080p.WEBRip.x265-RARBG.mp4,6,4,1358522,data/encodings/1358522/1358522_S06E04_8616_1.npy
401,1080,1920,2,1609,1666,494,551,3249,0.002,8616,/home/amos/media/tv/White.Collar.S01-S06.1080p.BluRay.x265-RARBG/White.Collar.S06.1080p.WEBRip.x265-RARBG/White.Collar.S06E04.1080p.WEBRip.x265-RARBG.mp4,6,4,1358522,data/encodings/1358522/1358522_S06E04_8616_2.npy
402,1080,1920,0,496,789,195,489,86142,0.042,8640,/home/amos/media/tv/White.Collar.S01-S06.1080p.BluRay.x265-RARBG/White.Collar.S06.1080p.WEBRip.x265-RARBG/White.Collar.S06E04.1080p.WEBRip.x265-RARBG.mp4,6,4,1358522,data/encodings/1358522/1358522_S06E04_8640_0.npy
403,1080,1920,1,1150,1443,285,578,85849,0.041,8640,/home/amos/media/tv/White.Collar.S01-S06.1080p.BluRay.x265-RARBG/White.Collar.S06.1080p.WEBRip.x265-RARBG/White.Collar.S06E04.1080p.WEBRip.x265-RARBG.mp4,6,4,1358522,data/encodings/1358522/1358522_S06E04_8640_1.npy
404,1080,1920,0,459,704,206,450,59780,0.029,8664,/home/amos/media/tv/White.Collar.S01-S06.1080p.BluRay.x265-RARBG/White.Collar.S06.1080p.WEBRip.x265-RARBG/White.Collar.S06E04.1080p.WEBRip.x265-RARBG.mp4,6,4,1358522,data/encodings/1358522/1358522_S06E04_8664_0.npy
405,1080,1920,1,1269,1562,314,608,86142,0.042,8664,/home/amos/media/tv/White.Collar.S01-S06.1080p.BluRay.x265-RARBG/White.Collar.S06.1080p.WEBRip.x265-RARBG/White.Collar.S06E04.1080p.WEBRip.x265-RARBG.mp4,6,4,1358522,data/encodings/1358522/1358522_S06E04_8664_1.npy
406,1080,1920,0,971,1265,344,637,86142,0.042,8688,/home/amos/media/tv/White.Collar.S01-S06.1080p.BluRay.x265-RARBG/White.Collar.S06.1080p.WEBRip.x265-RARBG/White.Collar.S06E04.1080p.WEBRip.x265-RARBG.mp4,6,4,1358522,data/encodings/1358522/1358522_S06E04_8688_0.npy
407,1080,1920,0,997,1349,351,703,123904,0.06,8712,/home/amos/media/tv/White.Collar.S01-S06.1080p.BluRay.x265-RARBG/White.Collar.S06.1080p.WEBRip.x265-RARBG/White.Collar.S06E04.1080p.WEBRip.x265-RARBG.mp4,6,4,1358522,data/encodings/1358522/1358522_S06E04_8712_0.npy
408,1080,1920,0,682,885,182,385,41209,0.02,8736,/home/amos/media/tv/White.Collar.S01-S06.1080p.BluRay.x265-RARBG/White.Collar.S06.1080p.WEBRip.x265-RARBG/White.Collar.S06E04.1080p.WEBRip.x265-RARBG.mp4,6,4,1358522,data/encodings/1358522/1358522_S06E04_8736_0.npy
409,1080,1920,1,1156,1360,202,406,41616,0.02,8736,/home/amos/media/tv/White.Collar.S01-S06.1080p.BluRay.x265-RARBG/White.Collar.S06.1080p.WEBRip.x265-RARBG/White.Collar.S06E04.1080p.WEBRip.x265-RARBG.mp4,6,4,1358522,data/encodings/1358522/1358522_S06E04_8736_1.npy
410,1080,1920,0,657,902,156,401,60025,0.029,8760,/home/amos/media/tv/White.Collar.S01-S06.1080p.BluRay.x265-RARBG/White.Collar.S06.1080p.WEBRip.x265-RARBG/White.Collar.S06E04.1080p.WEBRip.x265-RARBG.mp4,6,4,1358522,data/encodings/1358522/1358522_S06E04_8760_0.npy
411,1080,1920,0,745,887,183,325,20164,0.01,8784,/home/amos/media/tv/White.Collar.S01-S06.1080p.BluRay.x265-RARBG/White.Collar.S06.1080p.WEBRip.x265-RARBG/White.Collar.S06E04.1080p.WEBRip.x265-RARBG.mp4,6,4,1358522,data/encodings/1358522/1358522_S06E04_8784_0.npy
412,1080,1920,1,1301,1471,250,420,28900,0.014,8784,/home/amos/media/tv/White.Collar.S01-S06.1080p.BluRay.x265-RARBG/White.Collar.S06.1080p.WEBRip.x265-RARBG/White.Collar.S06E04.1080p.WEBRip.x265-RARBG.mp4,6,4,1358522,data/encodings/1358522/1358522_S06E04_8784_1.npy
413,1080,1920,0,733,903,181,351,28900,0.014,8808,/home/amos/media/tv/White.Collar.S01-S06.1080p.BluRay.x265-RARBG/White.Collar.S06.1080p.WEBRip.x265-RARBG/White.Collar.S06E04.1080p.WEBRip.x265-RARBG.mp4,6,4,1358522,data/encodings/1358522/1358522_S06E04_8808_0.npy
414,1080,1920,0,716,886,164,334,28900,0.014,8832,/home/amos/media/tv/White.Collar.S01-S06.1080p.BluRay.x265-RARBG/White.Collar.S06.1080p.WEBRip.x265-RARBG/White.Collar.S06E04.1080p.WEBRip.x265-RARBG.mp4,6,4,1358522,data/encodings/1358522/1358522_S06E04_8832_0.npy
415,1080,1920,1,1266,1436,233,403,28900,0.014,8832,/home/amos/media/tv/White.Collar.S01-S06.1080p.BluRay.x265-RARBG/White.Collar.S06.1080p.WEBRip.x265-RARBG/White.Collar.S06E04.1080p.WEBRip.x265-RARBG.mp4,6,4,1358522,data/encodings/1358522/1358522_S06E04_8832_1.npy
416,1080,1920,0,783,1135,315,667,123904,0.06,8856,/home/amos/media/tv/White.Collar.S01-S06.1080p.BluRay.x265-RARBG/White.Collar.S06.1080p.WEBRip.x265-RARBG/White.Collar.S06E04.1080p.WEBRip.x265-RARBG.mp4,6,4,1358522,data/encodings/1358522/1358522_S06E04_8856_0.npy
417,1080,1920,1,377,670,77,370,85849,0.041,8856,/home/amos/media/tv/White.Collar.S01-S06.1080p.BluRay.x265-RARBG/White.Collar.S06.1080p.WEBRip.x265-RARBG/White.Collar.S06E04.1080p.WEBRip.x265-RARBG.mp4,6,4,1358522,data/encodings/1358522/1358522_S06E04_8856_1.npy
418,1080,1920,0,783,1135,315,667,123904,0.06,8880,/home/amos/media/tv/White.Collar.S01-S06.1080p.BluRay.x265-RARBG/White.Collar.S06.1080p.WEBRip.x265-RARBG/White.Collar.S06E04.1080p.WEBRip.x265-RARBG.mp4,6,4,1358522,data/encodings/1358522/1358522_S06E04_8880_0.npy
419,1080,1920,1,347,641,166,459,86142,0.042,8880,/home/amos/media/tv/White.Collar.S01-S06.1080p.BluRay.x265-RARBG/White.Collar.S06.1080p.WEBRip.x265-RARBG/White.Collar.S06E04.1080p.WEBRip.x265-RARBG.mp4,6,4,1358522,data/encodings/1358522/1358522_S06E04_8880_1.npy
420,1080,1920,0,823,1116,344,637,85849,0.041,8904,/home/amos/media/tv/White.Collar.S01-S06.1080p.BluRay.x265-RARBG/White.Collar.S06.1080p.WEBRip.x265-RARBG/White.Collar.S06E04.1080p.WEBRip.x265-RARBG.mp4,6,4,1358522,data/encodings/1358522/1358522_S06E04_8904_0.npy
421,1080,1920,1,283,636,137,489,124256,0.06,8904,/home/amos/media/tv/White.Collar.S01-S06.1080p.BluRay.x265-RARBG/White.Collar.S06.1080p.WEBRip.x265-RARBG/White.Collar.S06E04.1080p.WEBRip.x265-RARBG.mp4,6,4,1358522,data/encodings/1358522/1358522_S06E04_8904_1.npy
422,1080,1920,0,852,1146,314,608,86436,0.042,8928,/home/amos/media/tv/White.Collar.S01-S06.1080p.BluRay.x265-RARBG/White.Collar.S06.1080p.WEBRip.x265-RARBG/White.Collar.S06E04.1080p.WEBRip.x265-RARBG.mp4,6,4,1358522,data/encodings/1358522/1358522_S06E04_8928_0.npy
423,1080,1920,1,347,641,166,459,86142,0.042,8928,/home/amos/media/tv/White.Collar.S01-S06.1080p.BluRay.x265-RARBG/White.Collar.S06.1080p.WEBRip.x265-RARBG/White.Collar.S06E04.1080p.WEBRip.x265-RARBG.mp4,6,4,1358522,data/encodings/1358522/1358522_S06E04_8928_1.npy
424,1080,1920,0,640,844,182,385,41412,0.02,8952,/home/amos/media/tv/White.Collar.S01-S06.1080p.BluRay.x265-RARBG/White.Collar.S06.1080p.WEBRip.x265-RARBG/White.Collar.S06E04.1080p.WEBRip.x265-RARBG.mp4,6,4,1358522,data/encodings/1358522/1358522_S06E04_8952_0.npy
425,1080,1920,0,620,824,202,406,41616,0.02,8976,/home/amos/media/tv/White.Collar.S01-S06.1080p.BluRay.x265-RARBG/White.Collar.S06.1080p.WEBRip.x265-RARBG/White.Collar.S06E04.1080p.WEBRip.x265-RARBG.mp4,6,4,1358522,data/encodings/1358522/1358522_S06E04_8976_0.npy
426,1080,1920,0,1025,1448,261,683,178506,0.086,9000,/home/amos/media/tv/White.Collar.S01-S06.1080p.BluRay.x265-RARBG/White.Collar.S06.1080p.WEBRip.x265-RARBG/White.Collar.S06E04.1080p.WEBRip.x265-RARBG.mp4,6,4,1358522,data/encodings/1358522/1358522_S06E04_9000_0.npy
427,1080,1920,0,1068,1420,244,596,123904,0.06,9024,/home/amos/media/tv/White.Collar.S01-S06.1080p.BluRay.x265-RARBG/White.Collar.S06.1080p.WEBRip.x265-RARBG/White.Collar.S06E04.1080p.WEBRip.x265-RARBG.mp4,6,4,1358522,data/encodings/1358522/1358522_S06E04_9024_0.npy
428,1080,1920,0,1068,1491,175,598,178929,0.086,9048,/home/amos/media/tv/White.Collar.S01-S06.1080p.BluRay.x265-RARBG/White.Collar.S06.1080p.WEBRip.x265-RARBG/White.Collar.S06E04.1080p.WEBRip.x265-RARBG.mp4,6,4,1358522,data/encodings/1358522/1358522_S06E04_9048_0.npy
429,1080,1920,0,517,720,202,406,41412,0.02,9552,/home/amos/media/tv/White.Collar.S01-S06.1080p.BluRay.x265-RARBG/White.Collar.S06.1080p.WEBRip.x265-RARBG/White.Collar.S06E04.1080p.WEBRip.x265-RARBG.mp4,6,4,1358522,data/encodings/1358522/1358522_S06E04_9552_0.npy
430,1080,1920,0,604,956,244,596,123904,0.06,9648,/home/amos/media/tv/White.Collar.S01-S06.1080p.BluRay.x265-RARBG/White.Collar.S06.1080p.WEBRip.x265-RARBG/White.Collar.S06E04.1080p.WEBRip.x265-RARBG.mp4,6,4,1358522,data/encodings/1358522/1358522_S06E04_9648_0.npy
431,1080,1920,0,569,921,279,632,124256,0.06,9672,/home/amos/media/tv/White.Collar.S01-S06.1080p.BluRay.x265-RARBG/White.Collar.S06.1080p.WEBRip.x265-RARBG/White.Collar.S06E04.1080p.WEBRip.x265-RARBG.mp4,6,4,1358522,data/encodings/1358522/1358522_S06E04_9672_0.npy
432,1080,1920,0,885,983,317,415,9604,0.005,9816,/home/amos/media/tv/White.Collar.S01-S06.1080p.BluRay.x265-RARBG/White.Collar.S06.1080p.WEBRip.x265-RARBG/White.Collar.S06E04.1080p.WEBRip.x265-RARBG.mp4,6,4,1358522,data/encodings/1358522/1358522_S06E04_9816_0.npy
433,1080,1920,1,1363,1445,436,518,6724,0.003,9816,/home/amos/media/tv/White.Collar.S01-S06.1080p.BluRay.x265-RARBG/White.Collar.S06.1080p.WEBRip.x265-RARBG/White.Collar.S06E04.1080p.WEBRip.x265-RARBG.mp4,6,4,1358522,data/encodings/1358522/1358522_S06E04_9816_1.npy
434,1080,1920,0,1355,1437,428,510,6724,0.003,9840,/home/amos/media/tv/White.Collar.S01-S06.1080p.BluRay.x265-RARBG/White.Collar.S06.1080p.WEBRip.x265-RARBG/White.Collar.S06E04.1080p.WEBRip.x265-RARBG.mp4,6,4,1358522,data/encodings/1358522/1358522_S06E04_9840_0.npy
435,1080,1920,1,885,983,317,415,9604,0.005,9840,/home/amos/media/tv/White.Collar.S01-S06.1080p.BluRay.x265-RARBG/White.Collar.S06.1080p.WEBRip.x265-RARBG/White.Collar.S06E04.1080p.WEBRip.x265-RARBG.mp4,6,4,1358522,data/encodings/1358522/1358522_S06E04_9840_1.npy
436,1080,1920,2,715,833,208,325,13806,0.007,9840,/home/amos/media/tv/White.Collar.S01-S06.1080p.BluRay.x265-RARBG/White.Collar.S06.1080p.WEBRip.x265-RARBG/White.Collar.S06E04.1080p.WEBRip.x265-RARBG.mp4,6,4,1358522,data/encodings/1358522/1358522_S06E04_9840_2.npy
437,1080,1920,0,1343,1441,417,515,9604,0.005,9864,/home/amos/media/tv/White.Collar.S01-S06.1080p.BluRay.x265-RARBG/White.Collar.S06.1080p.WEBRip.x265-RARBG/White.Collar.S06E04.1080p.WEBRip.x265-RARBG.mp4,6,4,1358522,data/encodings/1358522/1358522_S06E04_9864_0.npy
438,1080,1920,1,885,983,307,405,9604,0.005,9864,/home/amos/media/tv/White.Collar.S01-S06.1080p.BluRay.x265-RARBG/White.Collar.S06.1080p.WEBRip.x265-RARBG/White.Collar.S06E04.1080p.WEBRip.x265-RARBG.mp4,6,4,1358522,data/encodings/1358522/1358522_S06E04_9864_1.npy
439,1080,1920,2,727,845,196,314,13924,0.007,9864,/home/amos/media/tv/White.Collar.S01-S06.1080p.BluRay.x265-RARBG/White.Collar.S06.1080p.WEBRip.x265-RARBG/White.Collar.S06E04.1080p.WEBRip.x265-RARBG.mp4,6,4,1358522,data/encodings/1358522/1358522_S06E04_9864_2.npy
440,1080,1920,0,1423,1521,496,594,9604,0.005,9984,/home/amos/media/tv/White.Collar.S01-S06.1080p.BluRay.x265-RARBG/White.Collar.S06.1080p.WEBRip.x265-RARBG/White.Collar.S06E04.1080p.WEBRip.x265-RARBG.mp4,6,4,1358522,data/encodings/1358522/1358522_S06E04_9984_0.npy
441,1080,1920,1,875,973,367,465,9604,0.005,9984,/home/amos/media/tv/White.Collar.S01-S06.1080p.BluRay.x265-RARBG/White.Collar.S06.1080p.WEBRip.x265-RARBG/White.Collar.S06E04.1080p.WEBRip.x265-RARBG.mp4,6,4,1358522,data/encodings/1358522/1358522_S06E04_9984_1.npy
442,1080,1920,2,802,944,183,325,20164,0.01,9984,/home/amos/media/tv/White.Collar.S01-S06.1080p.BluRay.x265-RARBG/White.Collar.S06.1080p.WEBRip.x265-RARBG/White.Collar.S06E04.1080p.WEBRip.x265-RARBG.mp4,6,4,1358522,data/encodings/1358522/1358522_S06E04_9984_2.npy
443,1080,1920,3,960,1102,197,339,20164,0.01,9984,/home/amos/media/tv/White.Collar.S01-S06.1080p.BluRay.x265-RARBG/White.Collar.S06.1080p.WEBRip.x265-RARBG/White.Collar.S06E04.1080p.WEBRip.x265-RARBG.mp4,6,4,1358522,data/encodings/1358522/1358522_S06E04_9984_3.npy
444,1080,1920,0,1433,1531,516,614,9604,0.005,10008,/home/amos/media/tv/White.Collar.S01-S06.1080p.BluRay.x265-RARBG/White.Collar.S06.1080p.WEBRip.x265-RARBG/White.Collar.S06E04.1080p.WEBRip.x265-RARBG.mp4,6,4,1358522,data/encodings/1358522/1358522_S06E04_10008_0.npy
445,1080,1920,1,802,944,197,339,20164,0.01,10008,/home/amos/media/tv/White.Collar.S01-S06.1080p.BluRay.x265-RARBG/White.Collar.S06.1080p.WEBRip.x265-RARBG/White.Collar.S06E04.1080p.WEBRip.x265-RARBG.mp4,6,4,1358522,data/encodings/1358522/1358522_S06E04_10008_1.npy
446,1080,1920,0,1442,1541,536,634,9702,0.005,10032,/home/amos/media/tv/White.Collar.S01-S06.1080p.BluRay.x265-RARBG/White.Collar.S06.1080p.WEBRip.x265-RARBG/White.Collar.S06E04.1080p.WEBRip.x265-RARBG.mp4,6,4,1358522,data/encodings/1358522/1358522_S06E04_10032_0.npy
447,1080,1920,0,1442,1541,556,654,9702,0.005,10056,/home/amos/media/tv/White.Collar.S01-S06.1080p.BluRay.x265-RARBG/White.Collar.S06.1080p.WEBRip.x265-RARBG/White.Collar.S06E04.1080p.WEBRip.x265-RARBG.mp4,6,4,1358522,data/encodings/1358522/1358522_S06E04_10056_0.npy
448,1080,1920,1,925,1023,446,545,9702,0.005,10056,/home/amos/media/tv/White.Collar.S01-S06.1080p.BluRay.x265-RARBG/White.Collar.S06.1080p.WEBRip.x265-RARBG/White.Collar.S06E04.1080p.WEBRip.x265-RARBG.mp4,6,4,1358522,data/encodings/1358522/1358522_S06E04_10056_1.npy
449,1080,1920,0,1443,1561,566,684,13924,0.007,10080,/home/amos/media/tv/White.Collar.S01-S06.1080p.BluRay.x265-RARBG/White.Collar.S06.1080p.WEBRip.x265-RARBG/White.Collar.S06E04.1080p.WEBRip.x265-RARBG.mp4,6,4,1358522,data/encodings/1358522/1358522_S06E04_10080_0.npy
450,1080,1920,0,475,679,0,138,28152,0.014,10128,/home/amos/media/tv/White.Collar.S01-S06.1080p.BluRay.x265-RARBG/White.Collar.S06.1080p.WEBRip.x265-RARBG/White.Collar.S06E04.1080p.WEBRip.x265-RARBG.mp4,6,4,1358522,data/encodings/1358522/1358522_S06E04_10128_0.npy
451,1080,1920,1,1094,1298,78,282,41616,0.02,10128,/home/amos/media/tv/White.Collar.S01-S06.1080p.BluRay.x265-RARBG/White.Collar.S06.1080p.WEBRip.x265-RARBG/White.Collar.S06E04.1080p.WEBRip.x265-RARBG.mp4,6,4,1358522,data/encodings/1358522/1358522_S06E04_10128_1.npy
452,1080,1920,0,587,729,154,296,20164,0.01,10152,/home/amos/media/tv/White.Collar.S01-S06.1080p.BluRay.x265-RARBG/White.Collar.S06.1080p.WEBRip.x265-RARBG/White.Collar.S06E04.1080p.WEBRip.x265-RARBG.mp4,6,4,1358522,data/encodings/1358522/1358522_S06E04_10152_0.npy
453,1080,1920,1,1060,1202,283,425,20164,0.01,10152,/home/amos/media/tv/White.Collar.S01-S06.1080p.BluRay.x265-RARBG/White.Collar.S06.1080p.WEBRip.x265-RARBG/White.Collar.S06E04.1080p.WEBRip.x265-RARBG.mp4,6,4,1358522,data/encodings/1358522/1358522_S06E04_10152_1.npy
454,1080,1920,0,646,744,297,395,9604,0.005,10176,/home/amos/media/tv/White.Collar.S01-S06.1080p.BluRay.x265-RARBG/White.Collar.S06.1080p.WEBRip.x265-RARBG/White.Collar.S06E04.1080p.WEBRip.x265-RARBG.mp4,6,4,1358522,data/encodings/1358522/1358522_S06E04_10176_0.npy
455,1080,1920,1,1025,1143,399,517,13924,0.007,10176,/home/amos/media/tv/White.Collar.S01-S06.1080p.BluRay.x265-RARBG/White.Collar.S06.1080p.WEBRip.x265-RARBG/White.Collar.S06E04.1080p.WEBRip.x265-RARBG.mp4,6,4,1358522,data/encodings/1358522/1358522_S06E04_10176_1.npy
456,1080,1920,0,700,782,353,435,6724,0.003,10200,/home/amos/media/tv/White.Collar.S01-S06.1080p.BluRay.x265-RARBG/White.Collar.S06.1080p.WEBRip.x265-RARBG/White.Collar.S06E04.1080p.WEBRip.x265-RARBG.mp4,6,4,1358522,data/encodings/1358522/1358522_S06E04_10200_0.npy
457,1080,1920,1,1014,1113,426,525,9801,0.005,10200,/home/amos/media/tv/White.Collar.S01-S06.1080p.BluRay.x265-RARBG/White.Collar.S06.1080p.WEBRip.x265-RARBG/White.Collar.S06E04.1080p.WEBRip.x265-RARBG.mp4,6,4,1358522,data/encodings/1358522/1358522_S06E04_10200_1.npy
458,1080,1920,0,1040,1122,436,518,6724,0.003,10224,/home/amos/media/tv/White.Collar.S01-S06.1080p.BluRay.x265-RARBG/White.Collar.S06.1080p.WEBRip.x265-RARBG/White.Collar.S06E04.1080p.WEBRip.x265-RARBG.mp4,6,4,1358522,data/encodings/1358522/1358522_S06E04_10224_0.npy
459,1080,1920,0,658,740,237,319,6724,0.003,10248,/home/amos/media/tv/White.Collar.S01-S06.1080p.BluRay.x265-RARBG/White.Collar.S06.1080p.WEBRip.x265-RARBG/White.Collar.S06E04.1080p.WEBRip.x265-RARBG.mp4,6,4,1358522,data/encodings/1358522/1358522_S06E04_10248_0.npy
460,1080,1920,0,1313,1411,327,425,9604,0.005,10272,/home/amos/media/tv/White.Collar.S01-S06.1080p.BluRay.x265-RARBG/White.Collar.S06.1080p.WEBRip.x265-RARBG/White.Collar.S06E04.1080p.WEBRip.x265-RARBG.mp4,6,4,1358522,data/encodings/1358522/1358522_S06E04_10272_0.npy
461,1080,1920,0,871,1041,216,385,28730,0.014,10320,/home/amos/media/tv/White.Collar.S01-S06.1080p.BluRay.x265-RARBG/White.Collar.S06.1080p.WEBRip.x265-RARBG/White.Collar.S06E04.1080p.WEBRip.x265-RARBG.mp4,6,4,1358522,data/encodings/1358522/1358522_S06E04_10320_0.npy
462,1080,1920,0,836,1006,233,403,28900,0.014,10344,/home/amos/media/tv/White.Collar.S01-S06.1080p.BluRay.x265-RARBG/White.Collar.S06.1080p.WEBRip.x265-RARBG/White.Collar.S06E04.1080p.WEBRip.x265-RARBG.mp4,6,4,1358522,data/encodings/1358522/1358522_S06E04_10344_0.npy
463,1080,1920,0,867,1071,264,468,41616,0.02,10392,/home/amos/media/tv/White.Collar.S01-S06.1080p.BluRay.x265-RARBG/White.Collar.S06.1080p.WEBRip.x265-RARBG/White.Collar.S06E04.1080p.WEBRip.x265-RARBG.mp4,6,4,1358522,data/encodings/1358522/1358522_S06E04_10392_0.npy
464,1080,1920,0,854,1024,267,437,28900,0.014,10416,/home/amos/media/tv/White.Collar.S01-S06.1080p.BluRay.x265-RARBG/White.Collar.S06.1080p.WEBRip.x265-RARBG/White.Collar.S06E04.1080p.WEBRip.x265-RARBG.mp4,6,4,1358522,data/encodings/1358522/1358522_S06E04_10416_0.npy
465,1080,1920,0,726,1148,261,683,178084,0.086,10440,/home/amos/media/tv/White.Collar.S01-S06.1080p.BluRay.x265-RARBG/White.Collar.S06.1080p.WEBRip.x265-RARBG/White.Collar.S06E04.1080p.WEBRip.x265-RARBG.mp4,6,4,1358522,data/encodings/1358522/1358522_S06E04_10440_0.npy
466,1080,1920,0,726,1148,261,683,178084,0.086,10464,/home/amos/media/tv/White.Collar.S01-S06.1080p.BluRay.x265-RARBG/White.Collar.S06.1080p.WEBRip.x265-RARBG/White.Collar.S06E04.1080p.WEBRip.x265-RARBG.mp4,6,4,1358522,data/encodings/1358522/1358522_S06E04_10464_0.npy
467,1080,1920,0,691,1198,210,717,257049,0.124,10488,/home/amos/media/tv/White.Collar.S01-S06.1080p.BluRay.x265-RARBG/White.Collar.S06.1080p.WEBRip.x265-RARBG/White.Collar.S06E04.1080p.WEBRip.x265-RARBG.mp4,6,4,1358522,data/encodings/1358522/1358522_S06E04_10488_0.npy
468,1080,1920,0,925,1277,244,596,123904,0.06,10512,/home/amos/media/tv/White.Collar.S01-S06.1080p.BluRay.x265-RARBG/White.Collar.S06.1080p.WEBRip.x265-RARBG/White.Collar.S06E04.1080p.WEBRip.x265-RARBG.mp4,6,4,1358522,data/encodings/1358522/1358522_S06E04_10512_0.npy
469,1080,1920,0,890,1242,244,596,123904,0.06,10536,/home/amos/media/tv/White.Collar.S01-S06.1080p.BluRay.x265-RARBG/White.Collar.S06.1080p.WEBRip.x265-RARBG/White.Collar.S06E04.1080p.WEBRip.x265-RARBG.mp4,6,4,1358522,data/encodings/1358522/1358522_S06E04_10536_0.npy
470,1080,1920,0,854,1277,218,640,178506,0.086,10560,/home/amos/media/tv/White.Collar.S01-S06.1080p.BluRay.x265-RARBG/White.Collar.S06.1080p.WEBRip.x265-RARBG/White.Collar.S06E04.1080p.WEBRip.x265-RARBG.mp4,6,4,1358522,data/encodings/1358522/1358522_S06E04_10560_0.npy
471,1080,1920,0,875,973,436,535,9702,0.005,10608,/home/amos/media/tv/White.Collar.S01-S06.1080p.BluRay.x265-RARBG/White.Collar.S06.1080p.WEBRip.x265-RARBG/White.Collar.S06E04.1080p.WEBRip.x265-RARBG.mp4,6,4,1358522,data/encodings/1358522/1358522_S06E04_10608_0.npy
472,1080,1920,1,217,285,615,684,4692,0.002,10608,/home/amos/media/tv/White.Collar.S01-S06.1080p.BluRay.x265-RARBG/White.Collar.S06.1080p.WEBRip.x265-RARBG/White.Collar.S06E04.1080p.WEBRip.x265-RARBG.mp4,6,4,1358522,data/encodings/1358522/1358522_S06E04_10608_1.npy
473,1080,1920,2,1146,1288,498,640,20164,0.01,10608,/home/amos/media/tv/White.Collar.S01-S06.1080p.BluRay.x265-RARBG/White.Collar.S06.1080p.WEBRip.x265-RARBG/White.Collar.S06E04.1080p.WEBRip.x265-RARBG.mp4,6,4,1358522,data/encodings/1358522/1358522_S06E04_10608_2.npy
474,1080,1920,0,846,964,411,529,13924,0.007,10632,/home/amos/media/tv/White.Collar.S01-S06.1080p.BluRay.x265-RARBG/White.Collar.S06.1080p.WEBRip.x265-RARBG/White.Collar.S06E04.1080p.WEBRip.x265-RARBG.mp4,6,4,1358522,data/encodings/1358522/1358522_S06E04_10632_0.npy
475,1080,1920,1,485,542,569,626,3249,0.002,10632,/home/amos/media/tv/White.Collar.S01-S06.1080p.BluRay.x265-RARBG/White.Collar.S06.1080p.WEBRip.x265-RARBG/White.Collar.S06E04.1080p.WEBRip.x265-RARBG.mp4,6,4,1358522,data/encodings/1358522/1358522_S06E04_10632_1.npy
476,1080,1920,2,1157,1275,458,576,13924,0.007,10632,/home/amos/media/tv/White.Collar.S01-S06.1080p.BluRay.x265-RARBG/White.Collar.S06.1080p.WEBRip.x265-RARBG/White.Collar.S06E04.1080p.WEBRip.x265-RARBG.mp4,6,4,1358522,data/encodings/1358522/1358522_S06E04_10632_2.npy
477,1080,1920,0,786,904,363,481,13924,0.007,10656,/home/amos/media/tv/White.Collar.S01-S06.1080p.BluRay.x265-RARBG/White.Collar.S06.1080p.WEBRip.x265-RARBG/White.Collar.S06E04.1080p.WEBRip.x265-RARBG.mp4,6,4,1358522,data/encodings/1358522/1358522_S06E04_10656_0.npy
478,1080,1920,1,1118,1259,455,597,20022,0.01,10656,/home/amos/media/tv/White.Collar.S01-S06.1080p.BluRay.x265-RARBG/White.Collar.S06.1080p.WEBRip.x265-RARBG/White.Collar.S06E04.1080p.WEBRip.x265-RARBG.mp4,6,4,1358522,data/encodings/1358522/1358522_S06E04_10656_1.npy
479,1080,1920,0,774,892,363,481,13924,0.007,10680,/home/amos/media/tv/White.Collar.S01-S06.1080p.BluRay.x265-RARBG/White.Collar.S06.1080p.WEBRip.x265-RARBG/White.Collar.S06E04.1080p.WEBRip.x265-RARBG.mp4,6,4,1358522,data/encodings/1358522/1358522_S06E04_10680_0.npy
480,1080,1920,1,1145,1263,470,588,13924,0.007,10680,/home/amos/media/tv/White.Collar.S01-S06.1080p.BluRay.x265-RARBG/White.Collar.S06.1080p.WEBRip.x265-RARBG/White.Collar.S06E04.1080p.WEBRip.x265-RARBG.mp4,6,4,1358522,data/encodings/1358522/1358522_S06E04_10680_1.npy
481,1080,1920,0,496,700,244,447,41412,0.02,10704,/home/amos/media/tv/White.Collar.S01-S06.1080p.BluRay.x265-RARBG/White.Collar.S06.1080p.WEBRip.x265-RARBG/White.Collar.S06E04.1080p.WEBRip.x265-RARBG.mp4,6,4,1358522,data/encodings/1358522/1358522_S06E04_10704_0.npy
482,1080,1920,1,1383,1587,367,571,41616,0.02,10704,/home/amos/media/tv/White.Collar.S01-S06.1080p.BluRay.x265-RARBG/White.Collar.S06.1080p.WEBRip.x265-RARBG/White.Collar.S06E04.1080p.WEBRip.x265-RARBG.mp4,6,4,1358522,data/encodings/1358522/1358522_S06E04_10704_1.npy
483,1080,1920,2,1204,1322,387,505,13924,0.007,10704,/home/amos/media/tv/White.Collar.S01-S06.1080p.BluRay.x265-RARBG/White.Collar.S06.1080p.WEBRip.x265-RARBG/White.Collar.S06E04.1080p.WEBRip.x265-RARBG.mp4,6,4,1358522,data/encodings/1358522/1358522_S06E04_10704_2.npy
484,1080,1920,3,1682,1800,351,469,13924,0.007,10704,/home/amos/media/tv/White.Collar.S01-S06.1080p.BluRay.x265-RARBG/White.Collar.S06.1080p.WEBRip.x265-RARBG/White.Collar.S06E04.1080p.WEBRip.x265-RARBG.mp4,6,4,1358522,data/encodings/1358522/1358522_S06E04_10704_3.npy
485,1080,1920,0,484,729,231,475,59780,0.029,10728,/home/amos/media/tv/White.Collar.S01-S06.1080p.BluRay.x265-RARBG/White.Collar.S06.1080p.WEBRip.x265-RARBG/White.Collar.S06E04.1080p.WEBRip.x265-RARBG.mp4,6,4,1358522,data/encodings/1358522/1358522_S06E04_10728_0.npy
486,1080,1920,1,1178,1422,355,599,59536,0.029,10728,/home/amos/media/tv/White.Collar.S01-S06.1080p.BluRay.x265-RARBG/White.Collar.S06.1080p.WEBRip.x265-RARBG/White.Collar.S06E04.1080p.WEBRip.x265-RARBG.mp4,6,4,1358522,data/encodings/1358522/1358522_S06E04_10728_1.npy
487,1080,1920,2,1587,1704,399,517,13806,0.007,10728,/home/amos/media/tv/White.Collar.S01-S06.1080p.BluRay.x265-RARBG/White.Collar.S06.1080p.WEBRip.x265-RARBG/White.Collar.S06E04.1080p.WEBRip.x265-RARBG.mp4,6,4,1358522,data/encodings/1358522/1358522_S06E04_10728_2.npy
488,1080,1920,0,335,580,231,475,59780,0.029,10752,/home/amos/media/tv/White.Collar.S01-S06.1080p.BluRay.x265-RARBG/White.Collar.S06.1080p.WEBRip.x265-RARBG/White.Collar.S06E04.1080p.WEBRip.x265-RARBG.mp4,6,4,1358522,data/encodings/1358522/1358522_S06E04_10752_0.npy
489,1080,1920,1,1153,1397,305,550,59780,0.029,10752,/home/amos/media/tv/White.Collar.S01-S06.1080p.BluRay.x265-RARBG/White.Collar.S06.1080p.WEBRip.x265-RARBG/White.Collar.S06E04.1080p.WEBRip.x265-RARBG.mp4,6,4,1358522,data/encodings/1358522/1358522_S06E04_10752_1.npy
490,1080,1920,2,1790,1908,387,505,13924,0.007,10752,/home/amos/media/tv/White.Collar.S01-S06.1080p.BluRay.x265-RARBG/White.Collar.S06.1080p.WEBRip.x265-RARBG/White.Collar.S06E04.1080p.WEBRip.x265-RARBG.mp4,6,4,1358522,data/encodings/1358522/1358522_S06E04_10752_2.npy
491,1080,1920,3,1515,1633,387,505,13924,0.007,10752,/home/amos/media/tv/White.Collar.S01-S06.1080p.BluRay.x265-RARBG/White.Collar.S06.1080p.WEBRip.x265-RARBG/White.Collar.S06E04.1080p.WEBRip.x265-RARBG.mp4,6,4,1358522,data/encodings/1358522/1358522_S06E04_10752_3.npy
492,1080,1920,0,858,976,387,505,13924,0.007,10776,/home/amos/media/tv/White.Collar.S01-S06.1080p.BluRay.x265-RARBG/White.Collar.S06.1080p.WEBRip.x265-RARBG/White.Collar.S06E04.1080p.WEBRip.x265-RARBG.mp4,6,4,1358522,data/encodings/1358522/1358522_S06E04_10776_0.npy
493,1080,1920,1,1360,1478,446,564,13924,0.007,10776,/home/amos/media/tv/White.Collar.S01-S06.1080p.BluRay.x265-RARBG/White.Collar.S06.1080p.WEBRip.x265-RARBG/White.Collar.S06E04.1080p.WEBRip.x265-RARBG.mp4,6,4,1358522,data/encodings/1358522/1358522_S06E04_10776_1.npy
494,1080,1920,0,882,1000,411,529,13924,0.007,10800,/home/amos/media/tv/White.Collar.S01-S06.1080p.BluRay.x265-RARBG/White.Collar.S06.1080p.WEBRip.x265-RARBG/White.Collar.S06E04.1080p.WEBRip.x265-RARBG.mp4,6,4,1358522,data/encodings/1358522/1358522_S06E04_10800_0.npy
495,1080,1920,1,1324,1442,470,588,13924,0.007,10800,/home/amos/media/tv/White.Collar.S01-S06.1080p.BluRay.x265-RARBG/White.Collar.S06.1080p.WEBRip.x265-RARBG/White.Collar.S06E04.1080p.WEBRip.x265-RARBG.mp4,6,4,1358522,data/encodings/1358522/1358522_S06E04_10800_1.npy
496,1080,1920,0,906,1024,399,517,13924,0.007,10824,/home/amos/media/tv/White.Collar.S01-S06.1080p.BluRay.x265-RARBG/White.Collar.S06.1080p.WEBRip.x265-RARBG/White.Collar.S06E04.1080p.WEBRip.x265-RARBG.mp4,6,4,1358522,data/encodings/1358522/1358522_S06E04_10824_0.npy
497,1080,1920,1,1288,1406,446,564,13924,0.007,10824,/home/amos/media/tv/White.Collar.S01-S06.1080p.BluRay.x265-RARBG/White.Collar.S06.1080p.WEBRip.x265-RARBG/White.Collar.S06E04.1080p.WEBRip.x265-RARBG.mp4,6,4,1358522,data/encodings/1358522/1358522_S06E04_10824_1.npy
498,1080,1920,0,906,1024,399,517,13924,0.007,10848,/home/amos/media/tv/White.Collar.S01-S06.1080p.BluRay.x265-RARBG/White.Collar.S06.1080p.WEBRip.x265-RARBG/White.Collar.S06E04.1080p.WEBRip.x265-RARBG.mp4,6,4,1358522,data/encodings/1358522/1358522_S06E04_10848_0.npy
499,1080,1920,1,1312,1430,470,588,13924,0.007,10848,/home/amos/media/tv/White.Collar.S01-S06.1080p.BluRay.x265-RARBG/White.Collar.S06.1080p.WEBRip.x265-RARBG/White.Collar.S06E04.1080p.WEBRip.x265-RARBG.mp4,6,4,1358522,data/encodings/1358522/1358522_S06E04_10848_1.npy
500,1080,1920,0,925,1023,367,465,9604,0.005,10872,/home/amos/media/tv/White.Collar.S01-S06.1080p.BluRay.x265-RARBG/White.Collar.S06.1080p.WEBRip.x265-RARBG/White.Collar.S06E04.1080p.WEBRip.x265-RARBG.mp4,6,4,1358522,data/encodings/1358522/1358522_S06E04_10872_0.npy
501,1080,1920,1,1247,1388,470,611,19881,0.01,10872,/home/amos/media/tv/White.Collar.S01-S06.1080p.BluRay.x265-RARBG/White.Collar.S06.1080p.WEBRip.x265-RARBG/White.Collar.S06E04.1080p.WEBRip.x265-RARBG.mp4,6,4,1358522,data/encodings/1358522/1358522_S06E04_10872_1.npy
502,1080,1920,0,1425,1670,330,574,59780,0.029,10896,/home/amos/media/tv/White.Collar.S01-S06.1080p.BluRay.x265-RARBG/White.Collar.S06.1080p.WEBRip.x265-RARBG/White.Collar.S06E04.1080p.WEBRip.x265-RARBG.mp4,6,4,1358522,data/encodings/1358522/1358522_S06E04_10896_0.npy
503,1080,1920,1,558,762,182,385,41412,0.02,10896,/home/amos/media/tv/White.Collar.S01-S06.1080p.BluRay.x265-RARBG/White.Collar.S06.1080p.WEBRip.x265-RARBG/White.Collar.S06E04.1080p.WEBRip.x265-RARBG.mp4,6,4,1358522,data/encodings/1358522/1358522_S06E04_10896_1.npy
504,1080,1920,0,1363,1567,306,509,41412,0.02,10920,/home/amos/media/tv/White.Collar.S01-S06.1080p.BluRay.x265-RARBG/White.Collar.S06.1080p.WEBRip.x265-RARBG/White.Collar.S06E04.1080p.WEBRip.x265-RARBG.mp4,6,4,1358522,data/encodings/1358522/1358522_S06E04_10920_0.npy
505,1080,1920,1,558,762,140,344,41616,0.02,10920,/home/amos/media/tv/White.Collar.S01-S06.1080p.BluRay.x265-RARBG/White.Collar.S06.1080p.WEBRip.x265-RARBG/White.Collar.S06E04.1080p.WEBRip.x265-RARBG.mp4,6,4,1358522,data/encodings/1358522/1358522_S06E04_10920_1.npy
506,1080,1920,2,1169,1286,303,421,13806,0.007,10920,/home/amos/media/tv/White.Collar.S01-S06.1080p.BluRay.x265-RARBG/White.Collar.S06.1080p.WEBRip.x265-RARBG/White.Collar.S06E04.1080p.WEBRip.x265-RARBG.mp4,6,4,1358522,data/encodings/1358522/1358522_S06E04_10920_2.npy
507,1080,1920,0,558,803,181,426,60025,0.029,10944,/home/amos/media/tv/White.Collar.S01-S06.1080p.BluRay.x265-RARBG/White.Collar.S06.1080p.WEBRip.x265-RARBG/White.Collar.S06E04.1080p.WEBRip.x265-RARBG.mp4,6,4,1358522,data/encodings/1358522/1358522_S06E04_10944_0.npy
508,1080,1920,1,1351,1595,379,624,59780,0.029,10944,/home/amos/media/tv/White.Collar.S01-S06.1080p.BluRay.x265-RARBG/White.Collar.S06.1080p.WEBRip.x265-RARBG/White.Collar.S06E04.1080p.WEBRip.x265-RARBG.mp4,6,4,1358522,data/encodings/1358522/1358522_S06E04_10944_1.npy
509,1080,1920,2,1802,1919,351,469,13806,0.007,10944,/home/amos/media/tv/White.Collar.S01-S06.1080p.BluRay.x265-RARBG/White.Collar.S06.1080p.WEBRip.x265-RARBG/White.Collar.S06E04.1080p.WEBRip.x265-RARBG.mp4,6,4,1358522,data/encodings/1358522/1358522_S06E04_10944_2.npy
510,1080,1920,0,360,605,231,475,59780,0.029,10968,/home/amos/media/tv/White.Collar.S01-S06.1080p.BluRay.x265-RARBG/White.Collar.S06.1080p.WEBRip.x265-RARBG/White.Collar.S06E04.1080p.WEBRip.x265-RARBG.mp4,6,4,1358522,data/encodings/1358522/1358522_S06E04_10968_0.npy
511,1080,1920,1,1445,1649,388,592,41616,0.02,10968,/home/amos/media/tv/White.Collar.S01-S06.1080p.BluRay.x265-RARBG/White.Collar.S06.1080p.WEBRip.x265-RARBG/White.Collar.S06E04.1080p.WEBRip.x265-RARBG.mp4,6,4,1358522,data/encodings/1358522/1358522_S06E04_10968_1.npy
512,1080,1920,0,410,654,181,426,59780,0.029,10992,/home/amos/media/tv/White.Collar.S01-S06.1080p.BluRay.x265-RARBG/White.Collar.S06.1080p.WEBRip.x265-RARBG/White.Collar.S06E04.1080p.WEBRip.x265-RARBG.mp4,6,4,1358522,data/encodings/1358522/1358522_S06E04_10992_0.npy
513,1080,1920,1,1326,1571,305,550,60025,0.029,10992,/home/amos/media/tv/White.Collar.S01-S06.1080p.BluRay.x265-RARBG/White.Collar.S06.1080p.WEBRip.x265-RARBG/White.Collar.S06E04.1080p.WEBRip.x265-RARBG.mp4,6,4,1358522,data/encodings/1358522/1358522_S06E04_10992_1.npy
514,1080,1920,0,1321,1525,306,509,41412,0.02,11016,/home/amos/media/tv/White.Collar.S01-S06.1080p.BluRay.x265-RARBG/White.Collar.S06.1080p.WEBRip.x265-RARBG/White.Collar.S06E04.1080p.WEBRip.x265-RARBG.mp4,6,4,1358522,data/encodings/1358522/1358522_S06E04_11016_0.npy
515,1080,1920,1,311,555,231,475,59536,0.029,11016,/home/amos/media/tv/White.Collar.S01-S06.1080p.BluRay.x265-RARBG/White.Collar.S06.1080p.WEBRip.x265-RARBG/White.Collar.S06E04.1080p.WEBRip.x265-RARBG.mp4,6,4,1358522,data/encodings/1358522/1358522_S06E04_11016_1.npy
516,1080,1920,2,894,1012,291,409,13924,0.007,11016,/home/amos/media/tv/White.Collar.S01-S06.1080p.BluRay.x265-RARBG/White.Collar.S06.1080p.WEBRip.x265-RARBG/White.Collar.S06E04.1080p.WEBRip.x265-RARBG.mp4,6,4,1358522,data/encodings/1358522/1358522_S06E04_11016_2.npy
517,1080,1920,0,261,506,156,401,60025,0.029,11040,/home/amos/media/tv/White.Collar.S01-S06.1080p.BluRay.x265-RARBG/White.Collar.S06.1080p.WEBRip.x265-RARBG/White.Collar.S06E04.1080p.WEBRip.x265-RARBG.mp4,6,4,1358522,data/encodings/1358522/1358522_S06E04_11040_0.npy
518,1080,1920,1,1301,1546,280,525,60025,0.029,11040,/home/amos/media/tv/White.Collar.S01-S06.1080p.BluRay.x265-RARBG/White.Collar.S06.1080p.WEBRip.x265-RARBG/White.Collar.S06E04.1080p.WEBRip.x265-RARBG.mp4,6,4,1358522,data/encodings/1358522/1358522_S06E04_11040_1.npy
519,1080,1920,2,1634,1752,315,433,13924,0.007,11040,/home/amos/media/tv/White.Collar.S01-S06.1080p.BluRay.x265-RARBG/White.Collar.S06.1080p.WEBRip.x265-RARBG/White.Collar.S06E04.1080p.WEBRip.x265-RARBG.mp4,6,4,1358522,data/encodings/1358522/1358522_S06E04_11040_2.npy
520,1080,1920,3,1049,1167,267,385,13924,0.007,11040,/home/amos/media/tv/White.Collar.S01-S06.1080p.BluRay.x265-RARBG/White.Collar.S06.1080p.WEBRip.x265-RARBG/White.Collar.S06E04.1080p.WEBRip.x265-RARBG.mp4,6,4,1358522,data/encodings/1358522/1358522_S06E04_11040_3.npy
521,1080,1920,0,1376,1620,305,550,59780,0.029,11064,/home/amos/media/tv/White.Collar.S01-S06.1080p.BluRay.x265-RARBG/White.Collar.S06.1080p.WEBRip.x265-RARBG/White.Collar.S06E04.1080p.WEBRip.x265-RARBG.mp4,6,4,1358522,data/encodings/1358522/1358522_S06E04_11064_0.npy
522,1080,1920,1,1778,1896,315,433,13924,0.007,11064,/home/amos/media/tv/White.Collar.S01-S06.1080p.BluRay.x265-RARBG/White.Collar.S06.1080p.WEBRip.x265-RARBG/White.Collar.S06E04.1080p.WEBRip.x265-RARBG.mp4,6,4,1358522,data/encodings/1358522/1358522_S06E04_11064_1.npy
523,1080,1920,2,311,555,206,450,59536,0.029,11064,/home/amos/media/tv/White.Collar.S01-S06.1080p.BluRay.x265-RARBG/White.Collar.S06.1080p.WEBRip.x265-RARBG/White.Collar.S06E04.1080p.WEBRip.x265-RARBG.mp4,6,4,1358522,data/encodings/1358522/1358522_S06E04_11064_2.npy
524,1080,1920,3,1228,1346,291,409,13924,0.007,11064,/home/amos/media/tv/White.Collar.S01-S06.1080p.BluRay.x265-RARBG/White.Collar.S06.1080p.WEBRip.x265-RARBG/White.Collar.S06E04.1080p.WEBRip.x265-RARBG.mp4,6,4,1358522,data/encodings/1358522/1358522_S06E04_11064_3.npy
525,1080,1920,0,258,552,166,459,86142,0.042,11088,/home/amos/media/tv/White.Collar.S01-S06.1080p.BluRay.x265-RARBG/White.Collar.S06.1080p.WEBRip.x265-RARBG/White.Collar.S06E04.1080p.WEBRip.x265-RARBG.mp4,6,4,1358522,data/encodings/1358522/1358522_S06E04_11088_0.npy
526,1080,1920,1,1778,1896,351,469,13924,0.007,11088,/home/amos/media/tv/White.Collar.S01-S06.1080p.BluRay.x265-RARBG/White.Collar.S06.1080p.WEBRip.x265-RARBG/White.Collar.S06E04.1080p.WEBRip.x265-RARBG.mp4,6,4,1358522,data/encodings/1358522/1358522_S06E04_11088_1.npy
527,1080,1920,2,1376,1620,280,525,59780,0.029,11088,/home/amos/media/tv/White.Collar.S01-S06.1080p.BluRay.x265-RARBG/White.Collar.S06.1080p.WEBRip.x265-RARBG/White.Collar.S06E04.1080p.WEBRip.x265-RARBG.mp4,6,4,1358522,data/encodings/1358522/1358522_S06E04_11088_2.npy
528,1080,1920,0,335,580,206,450,59780,0.029,11112,/home/amos/media/tv/White.Collar.S01-S06.1080p.BluRay.x265-RARBG/White.Collar.S06.1080p.WEBRip.x265-RARBG/White.Collar.S06E04.1080p.WEBRip.x265-RARBG.mp4,6,4,1358522,data/encodings/1358522/1358522_S06E04_11112_0.npy
529,1080,1920,1,1326,1571,330,574,59780,0.029,11112,/home/amos/media/tv/White.Collar.S01-S06.1080p.BluRay.x265-RARBG/White.Collar.S06.1080p.WEBRip.x265-RARBG/White.Collar.S06E04.1080p.WEBRip.x265-RARBG.mp4,6,4,1358522,data/encodings/1358522/1358522_S06E04_11112_1.npy
530,1080,1920,0,436,730,195,489,86436,0.042,11232,/home/amos/media/tv/White.Collar.S01-S06.1080p.BluRay.x265-RARBG/White.Collar.S06.1080p.WEBRip.x265-RARBG/White.Collar.S06E04.1080p.WEBRip.x265-RARBG.mp4,6,4,1358522,data/encodings/1358522/1358522_S06E04_11232_0.npy
531,1080,1920,1,1400,1645,305,550,60025,0.029,11232,/home/amos/media/tv/White.Collar.S01-S06.1080p.BluRay.x265-RARBG/White.Collar.S06.1080p.WEBRip.x265-RARBG/White.Collar.S06E04.1080p.WEBRip.x265-RARBG.mp4,6,4,1358522,data/encodings/1358522/1358522_S06E04_11232_1.npy
532,1080,1920,0,139,433,166,459,86142,0.042,11256,/home/amos/media/tv/White.Collar.S01-S06.1080p.BluRay.x265-RARBG/White.Collar.S06.1080p.WEBRip.x265-RARBG/White.Collar.S06E04.1080p.WEBRip.x265-RARBG.mp4,6,4,1358522,data/encodings/1358522/1358522_S06E04_11256_0.npy
533,1080,1920,1,1179,1473,285,578,86142,0.042,11256,/home/amos/media/tv/White.Collar.S01-S06.1080p.BluRay.x265-RARBG/White.Collar.S06.1080p.WEBRip.x265-RARBG/White.Collar.S06E04.1080p.WEBRip.x265-RARBG.mp4,6,4,1358522,data/encodings/1358522/1358522_S06E04_11256_1.npy
534,1080,1920,2,1522,1620,337,435,9604,0.005,11256,/home/amos/media/tv/White.Collar.S01-S06.1080p.BluRay.x265-RARBG/White.Collar.S06.1080p.WEBRip.x265-RARBG/White.Collar.S06E04.1080p.WEBRip.x265-RARBG.mp4,6,4,1358522,data/encodings/1358522/1358522_S06E04_11256_2.npy
535,1080,1920,0,1742,1860,363,481,13924,0.007,11280,/home/amos/media/tv/White.Collar.S01-S06.1080p.BluRay.x265-RARBG/White.Collar.S06.1080p.WEBRip.x265-RARBG/White.Collar.S06E04.1080p.WEBRip.x265-RARBG.mp4,6,4,1358522,data/encodings/1358522/1358522_S06E04_11280_0.npy
536,1080,1920,1,199,492,136,429,85849,0.041,11280,/home/amos/media/tv/White.Collar.S01-S06.1080p.BluRay.x265-RARBG/White.Collar.S06.1080p.WEBRip.x265-RARBG/White.Collar.S06E04.1080p.WEBRip.x265-RARBG.mp4,6,4,1358522,data/encodings/1358522/1358522_S06E04_11280_1.npy
537,1080,1920,0,744,947,244,447,41209,0.02,11304,/home/amos/media/tv/White.Collar.S01-S06.1080p.BluRay.x265-RARBG/White.Collar.S06.1080p.WEBRip.x265-RARBG/White.Collar.S06E04.1080p.WEBRip.x265-RARBG.mp4,6,4,1358522,data/encodings/1358522/1358522_S06E04_11304_0.npy
538,1080,1920,1,1239,1532,314,608,86142,0.042,11304,/home/amos/media/tv/White.Collar.S01-S06.1080p.BluRay.x265-RARBG/White.Collar.S06.1080p.WEBRip.x265-RARBG/White.Collar.S06E04.1080p.WEBRip.x265-RARBG.mp4,6,4,1358522,data/encodings/1358522/1358522_S06E04_11304_1.npy
539,1080,1920,0,806,1009,161,365,41412,0.02,11328,/home/amos/media/tv/White.Collar.S01-S06.1080p.BluRay.x265-RARBG/White.Collar.S06.1080p.WEBRip.x265-RARBG/White.Collar.S06E04.1080p.WEBRip.x265-RARBG.mp4,6,4,1358522,data/encodings/1358522/1358522_S06E04_11328_0.npy
540,1080,1920,0,950,1154,202,406,41616,0.02,11352,/home/amos/media/tv/White.Collar.S01-S06.1080p.BluRay.x265-RARBG/White.Collar.S06.1080p.WEBRip.x265-RARBG/White.Collar.S06E04.1080p.WEBRip.x265-RARBG.mp4,6,4,1358522,data/encodings/1358522/1358522_S06E04_11352_0.npy
541,1080,1920,0,909,1113,202,406,41616,0.02,11376,/home/amos/media/tv/White.Collar.S01-S06.1080p.BluRay.x265-RARBG/White.Collar.S06.1080p.WEBRip.x265-RARBG/White.Collar.S06E04.1080p.WEBRip.x265-RARBG.mp4,6,4,1358522,data/encodings/1358522/1358522_S06E04_11376_0.npy
542,1080,1920,0,537,741,223,427,41616,0.02,11400,/home/amos/media/tv/White.Collar.S01-S06.1080p.BluRay.x265-RARBG/White.Collar.S06.1080p.WEBRip.x265-RARBG/White.Collar.S06E04.1080p.WEBRip.x265-RARBG.mp4,6,4,1358522,data/encodings/1358522/1358522_S06E04_11400_0.npy
543,1080,1920,1,1301,1505,326,530,41616,0.02,11400,/home/amos/media/tv/White.Collar.S01-S06.1080p.BluRay.x265-RARBG/White.Collar.S06.1080p.WEBRip.x265-RARBG/White.Collar.S06E04.1080p.WEBRip.x265-RARBG.mp4,6,4,1358522,data/encodings/1358522/1358522_S06E04_11400_1.npy
544,1080,1920,0,537,741,223,427,41616,0.02,11424,/home/amos/media/tv/White.Collar.S01-S06.1080p.BluRay.x265-RARBG/White.Collar.S06.1080p.WEBRip.x265-RARBG/White.Collar.S06E04.1080p.WEBRip.x265-RARBG.mp4,6,4,1358522,data/encodings/1358522/1358522_S06E04_11424_0.npy
545,1080,1920,1,1280,1484,326,530,41616,0.02,11424,/home/amos/media/tv/White.Collar.S01-S06.1080p.BluRay.x265-RARBG/White.Collar.S06.1080p.WEBRip.x265-RARBG/White.Collar.S06E04.1080p.WEBRip.x265-RARBG.mp4,6,4,1358522,data/encodings/1358522/1358522_S06E04_11424_1.npy
546,1080,1920,2,1032,1173,785,927,20022,0.01,11424,/home/amos/media/tv/White.Collar.S01-S06.1080p.BluRay.x265-RARBG/White.Collar.S06.1080p.WEBRip.x265-RARBG/White.Collar.S06E04.1080p.WEBRip.x265-RARBG.mp4,6,4,1358522,data/encodings/1358522/1358522_S06E04_11424_2.npy
547,1080,1920,0,537,741,223,427,41616,0.02,11448,/home/amos/media/tv/White.Collar.S01-S06.1080p.BluRay.x265-RARBG/White.Collar.S06.1080p.WEBRip.x265-RARBG/White.Collar.S06E04.1080p.WEBRip.x265-RARBG.mp4,6,4,1358522,data/encodings/1358522/1358522_S06E04_11448_0.npy
548,1080,1920,1,1301,1505,326,530,41616,0.02,11448,/home/amos/media/tv/White.Collar.S01-S06.1080p.BluRay.x265-RARBG/White.Collar.S06.1080p.WEBRip.x265-RARBG/White.Collar.S06E04.1080p.WEBRip.x265-RARBG.mp4,6,4,1358522,data/encodings/1358522/1358522_S06E04_11448_1.npy
549,1080,1920,2,960,1102,713,855,20164,0.01,11448,/home/amos/media/tv/White.Collar.S01-S06.1080p.BluRay.x265-RARBG/White.Collar.S06.1080p.WEBRip.x265-RARBG/White.Collar.S06E04.1080p.WEBRip.x265-RARBG.mp4,6,4,1358522,data/encodings/1358522/1358522_S06E04_11448_2.npy
550,1080,1920,0,1252,1496,379,624,59780,0.029,11520,/home/amos/media/tv/White.Collar.S01-S06.1080p.BluRay.x265-RARBG/White.Collar.S06.1080p.WEBRip.x265-RARBG/White.Collar.S06E04.1080p.WEBRip.x265-RARBG.mp4,6,4,1358522,data/encodings/1358522/1358522_S06E04_11520_0.npy
551,1080,1920,1,484,729,206,450,59780,0.029,11520,/home/amos/media/tv/White.Collar.S01-S06.1080p.BluRay.x265-RARBG/White.Collar.S06.1080p.WEBRip.x265-RARBG/White.Collar.S06E04.1080p.WEBRip.x265-RARBG.mp4,6,4,1358522,data/encodings/1358522/1358522_S06E04_11520_1.npy
552,1080,1920,0,459,704,206,450,59780,0.029,11544,/home/amos/media/tv/White.Collar.S01-S06.1080p.BluRay.x265-RARBG/White.Collar.S06.1080p.WEBRip.x265-RARBG/White.Collar.S06E04.1080p.WEBRip.x265-RARBG.mp4,6,4,1358522,data/encodings/1358522/1358522_S06E04_11544_0.npy
553,1080,1920,1,1227,1472,379,624,60025,0.029,11544,/home/amos/media/tv/White.Collar.S01-S06.1080p.BluRay.x265-RARBG/White.Collar.S06.1080p.WEBRip.x265-RARBG/White.Collar.S06E04.1080p.WEBRip.x265-RARBG.mp4,6,4,1358522,data/encodings/1358522/1358522_S06E04_11544_1.npy
554,1080,1920,0,459,704,231,475,59780,0.029,11568,/home/amos/media/tv/White.Collar.S01-S06.1080p.BluRay.x265-RARBG/White.Collar.S06.1080p.WEBRip.x265-RARBG/White.Collar.S06E04.1080p.WEBRip.x265-RARBG.mp4,6,4,1358522,data/encodings/1358522/1358522_S06E04_11568_0.npy
555,1080,1920,1,1260,1463,347,551,41412,0.02,11568,/home/amos/media/tv/White.Collar.S01-S06.1080p.BluRay.x265-RARBG/White.Collar.S06.1080p.WEBRip.x265-RARBG/White.Collar.S06E04.1080p.WEBRip.x265-RARBG.mp4,6,4,1358522,data/encodings/1358522/1358522_S06E04_11568_1.npy
556,1080,1920,0,1301,1505,347,551,41616,0.02,11592,/home/amos/media/tv/White.Collar.S01-S06.1080p.BluRay.x265-RARBG/White.Collar.S06.1080p.WEBRip.x265-RARBG/White.Collar.S06E04.1080p.WEBRip.x265-RARBG.mp4,6,4,1358522,data/encodings/1358522/1358522_S06E04_11592_0.npy
557,1080,1920,1,435,679,181,426,59780,0.029,11592,/home/amos/media/tv/White.Collar.S01-S06.1080p.BluRay.x265-RARBG/White.Collar.S06.1080p.WEBRip.x265-RARBG/White.Collar.S06E04.1080p.WEBRip.x265-RARBG.mp4,6,4,1358522,data/encodings/1358522/1358522_S06E04_11592_1.npy
558,1080,1920,0,455,658,202,406,41412,0.02,11616,/home/amos/media/tv/White.Collar.S01-S06.1080p.BluRay.x265-RARBG/White.Collar.S06.1080p.WEBRip.x265-RARBG/White.Collar.S06E04.1080p.WEBRip.x265-RARBG.mp4,6,4,1358522,data/encodings/1358522/1358522_S06E04_11616_0.npy
559,1080,1920,1,1178,1422,379,624,59780,0.029,11616,/home/amos/media/tv/White.Collar.S01-S06.1080p.BluRay.x265-RARBG/White.Collar.S06.1080p.WEBRip.x265-RARBG/White.Collar.S06E04.1080p.WEBRip.x265-RARBG.mp4,6,4,1358522,data/encodings/1358522/1358522_S06E04_11616_1.npy
560,1080,1920,0,385,630,181,426,60025,0.029,11640,/home/amos/media/tv/White.Collar.S01-S06.1080p.BluRay.x265-RARBG/White.Collar.S06.1080p.WEBRip.x265-RARBG/White.Collar.S06E04.1080p.WEBRip.x265-RARBG.mp4,6,4,1358522,data/encodings/1358522/1358522_S06E04_11640_0.npy
561,1080,1920,0,317,611,166,459,86142,0.042,11664,/home/amos/media/tv/White.Collar.S01-S06.1080p.BluRay.x265-RARBG/White.Collar.S06.1080p.WEBRip.x265-RARBG/White.Collar.S06E04.1080p.WEBRip.x265-RARBG.mp4,6,4,1358522,data/encodings/1358522/1358522_S06E04_11664_0.npy
562,1080,1920,0,558,762,244,447,41412,0.02,11688,/home/amos/media/tv/White.Collar.S01-S06.1080p.BluRay.x265-RARBG/White.Collar.S06.1080p.WEBRip.x265-RARBG/White.Collar.S06E04.1080p.WEBRip.x265-RARBG.mp4,6,4,1358522,data/encodings/1358522/1358522_S06E04_11688_0.npy
563,1080,1920,0,599,803,244,447,41412,0.02,11712,/home/amos/media/tv/White.Collar.S01-S06.1080p.BluRay.x265-RARBG/White.Collar.S06.1080p.WEBRip.x265-RARBG/White.Collar.S06E04.1080p.WEBRip.x265-RARBG.mp4,6,4,1358522,data/encodings/1358522/1358522_S06E04_11712_0.npy
564,1080,1920,0,744,947,244,447,41209,0.02,11784,/home/amos/media/tv/White.Collar.S01-S06.1080p.BluRay.x265-RARBG/White.Collar.S06.1080p.WEBRip.x265-RARBG/White.Collar.S06E04.1080p.WEBRip.x265-RARBG.mp4,6,4,1358522,data/encodings/1358522/1358522_S06E04_11784_0.npy
565,1080,1920,0,1004,1249,181,426,60025,0.029,11832,/home/amos/media/tv/White.Collar.S01-S06.1080p.BluRay.x265-RARBG/White.Collar.S06.1080p.WEBRip.x265-RARBG/White.Collar.S06E04.1080p.WEBRip.x265-RARBG.mp4,6,4,1358522,data/encodings/1358522/1358522_S06E04_11832_0.npy
566,1080,1920,0,484,729,255,500,60025,0.029,11856,/home/amos/media/tv/White.Collar.S01-S06.1080p.BluRay.x265-RARBG/White.Collar.S06.1080p.WEBRip.x265-RARBG/White.Collar.S06E04.1080p.WEBRip.x265-RARBG.mp4,6,4,1358522,data/encodings/1358522/1358522_S06E04_11856_0.npy
567,1080,1920,0,608,852,206,450,59536,0.029,11880,/home/amos/media/tv/White.Collar.S01-S06.1080p.BluRay.x265-RARBG/White.Collar.S06.1080p.WEBRip.x265-RARBG/White.Collar.S06E04.1080p.WEBRip.x265-RARBG.mp4,6,4,1358522,data/encodings/1358522/1358522_S06E04_11880_0.npy
568,1080,1920,0,633,877,255,500,59780,0.029,11904,/home/amos/media/tv/White.Collar.S01-S06.1080p.BluRay.x265-RARBG/White.Collar.S06.1080p.WEBRip.x265-RARBG/White.Collar.S06E04.1080p.WEBRip.x265-RARBG.mp4,6,4,1358522,data/encodings/1358522/1358522_S06E04_11904_0.npy
569,1080,1920,0,971,1265,344,637,86142,0.042,11928,/home/amos/media/tv/White.Collar.S01-S06.1080p.BluRay.x265-RARBG/White.Collar.S06.1080p.WEBRip.x265-RARBG/White.Collar.S06E04.1080p.WEBRip.x265-RARBG.mp4,6,4,1358522,data/encodings/1358522/1358522_S06E04_11928_0.npy
570,1080,1920,0,905,1150,280,525,60025,0.029,11952,/home/amos/media/tv/White.Collar.S01-S06.1080p.BluRay.x265-RARBG/White.Collar.S06.1080p.WEBRip.x265-RARBG/White.Collar.S06E04.1080p.WEBRip.x265-RARBG.mp4,6,4,1358522,data/encodings/1358522/1358522_S06E04_11952_0.npy
571,1080,1920,0,1031,1324,195,489,86142,0.042,11976,/home/amos/media/tv/White.Collar.S01-S06.1080p.BluRay.x265-RARBG/White.Collar.S06.1080p.WEBRip.x265-RARBG/White.Collar.S06E04.1080p.WEBRip.x265-RARBG.mp4,6,4,1358522,data/encodings/1358522/1358522_S06E04_11976_0.npy
572,1080,1920,0,942,1235,225,519,86142,0.042,12000,/home/amos/media/tv/White.Collar.S01-S06.1080p.BluRay.x265-RARBG/White.Collar.S06.1080p.WEBRip.x265-RARBG/White.Collar.S06E04.1080p.WEBRip.x265-RARBG.mp4,6,4,1358522,data/encodings/1358522/1358522_S06E04_12000_0.npy
573,1080,1920,0,526,819,166,459,85849,0.041,12024,/home/amos/media/tv/White.Collar.S01-S06.1080p.BluRay.x265-RARBG/White.Collar.S06.1080p.WEBRip.x265-RARBG/White.Collar.S06E04.1080p.WEBRip.x265-RARBG.mp4,6,4,1358522,data/encodings/1358522/1358522_S06E04_12024_0.npy
574,1080,1920,0,608,852,231,475,59536,0.029,12048,/home/amos/media/tv/White.Collar.S01-S06.1080p.BluRay.x265-RARBG/White.Collar.S06.1080p.WEBRip.x265-RARBG/White.Collar.S06E04.1080p.WEBRip.x265-RARBG.mp4,6,4,1358522,data/encodings/1358522/1358522_S06E04_12048_0.npy
575,1080,1920,0,806,1009,202,406,41412,0.02,12072,/home/amos/media/tv/White.Collar.S01-S06.1080p.BluRay.x265-RARBG/White.Collar.S06.1080p.WEBRip.x265-RARBG/White.Collar.S06E04.1080p.WEBRip.x265-RARBG.mp4,6,4,1358522,data/encodings/1358522/1358522_S06E04_12072_0.npy
576,1080,1920,0,512,934,175,598,178506,0.086,12096,/home/amos/media/tv/White.Collar.S01-S06.1080p.BluRay.x265-RARBG/White.Collar.S06.1080p.WEBRip.x265-RARBG/White.Collar.S06E04.1080p.WEBRip.x265-RARBG.mp4,6,4,1358522,data/encodings/1358522/1358522_S06E04_12096_0.npy
577,1080,1920,0,512,934,175,598,178506,0.086,12120,/home/amos/media/tv/White.Collar.S01-S06.1080p.BluRay.x265-RARBG/White.Collar.S06.1080p.WEBRip.x265-RARBG/White.Collar.S06E04.1080p.WEBRip.x265-RARBG.mp4,6,4,1358522,data/encodings/1358522/1358522_S06E04_12120_0.npy
578,1080,1920,0,726,1148,303,726,178506,0.086,12144,/home/amos/media/tv/White.Collar.S01-S06.1080p.BluRay.x265-RARBG/White.Collar.S06.1080p.WEBRip.x265-RARBG/White.Collar.S06E04.1080p.WEBRip.x265-RARBG.mp4,6,4,1358522,data/encodings/1358522/1358522_S06E04_12144_0.npy
579,1080,1920,0,604,956,244,596,123904,0.06,12168,/home/amos/media/tv/White.Collar.S01-S06.1080p.BluRay.x265-RARBG/White.Collar.S06.1080p.WEBRip.x265-RARBG/White.Collar.S06E04.1080p.WEBRip.x265-RARBG.mp4,6,4,1358522,data/encodings/1358522/1358522_S06E04_12168_0.npy
580,1080,1920,0,640,992,279,632,124256,0.06,12192,/home/amos/media/tv/White.Collar.S01-S06.1080p.BluRay.x265-RARBG/White.Collar.S06.1080p.WEBRip.x265-RARBG/White.Collar.S06E04.1080p.WEBRip.x265-RARBG.mp4,6,4,1358522,data/encodings/1358522/1358522_S06E04_12192_0.npy
581,1080,1920,0,604,956,279,632,124256,0.06,12216,/home/amos/media/tv/White.Collar.S01-S06.1080p.BluRay.x265-RARBG/White.Collar.S06.1080p.WEBRip.x265-RARBG/White.Collar.S06E04.1080p.WEBRip.x265-RARBG.mp4,6,4,1358522,data/encodings/1358522/1358522_S06E04_12216_0.npy
582,1080,1920,0,640,1063,261,683,178506,0.086,12312,/home/amos/media/tv/White.Collar.S01-S06.1080p.BluRay.x265-RARBG/White.Collar.S06.1080p.WEBRip.x265-RARBG/White.Collar.S06E04.1080p.WEBRip.x265-RARBG.mp4,6,4,1358522,data/encodings/1358522/1358522_S06E04_12312_0.npy
583,1080,1920,0,726,1148,132,555,178506,0.086,12360,/home/amos/media/tv/White.Collar.S01-S06.1080p.BluRay.x265-RARBG/White.Collar.S06.1080p.WEBRip.x265-RARBG/White.Collar.S06E04.1080p.WEBRip.x265-RARBG.mp4,6,4,1358522,data/encodings/1358522/1358522_S06E04_12360_0.npy
584,1080,1920,0,882,1176,136,429,86142,0.042,12408,/home/amos/media/tv/White.Collar.S01-S06.1080p.BluRay.x265-RARBG/White.Collar.S06.1080p.WEBRip.x265-RARBG/White.Collar.S06E04.1080p.WEBRip.x265-RARBG.mp4,6,4,1358522,data/encodings/1358522/1358522_S06E04_12408_0.npy
585,1080,1920,0,818,1170,101,453,123904,0.06,12432,/home/amos/media/tv/White.Collar.S01-S06.1080p.BluRay.x265-RARBG/White.Collar.S06.1080p.WEBRip.x265-RARBG/White.Collar.S06E04.1080p.WEBRip.x265-RARBG.mp4,6,4,1358522,data/encodings/1358522/1358522_S06E04_12432_0.npy
586,1080,1920,0,763,1057,195,489,86436,0.042,12456,/home/amos/media/tv/White.Collar.S01-S06.1080p.BluRay.x265-RARBG/White.Collar.S06.1080p.WEBRip.x265-RARBG/White.Collar.S06E04.1080p.WEBRip.x265-RARBG.mp4,6,4,1358522,data/encodings/1358522/1358522_S06E04_12456_0.npy
587,1080,1920,0,597,1020,132,555,178929,0.086,12480,/home/amos/media/tv/White.Collar.S01-S06.1080p.BluRay.x265-RARBG/White.Collar.S06.1080p.WEBRip.x265-RARBG/White.Collar.S06E04.1080p.WEBRip.x265-RARBG.mp4,6,4,1358522,data/encodings/1358522/1358522_S06E04_12480_0.npy
588,1080,1920,0,880,1125,231,475,59780,0.029,12504,/home/amos/media/tv/White.Collar.S01-S06.1080p.BluRay.x265-RARBG/White.Collar.S06.1080p.WEBRip.x265-RARBG/White.Collar.S06E04.1080p.WEBRip.x265-RARBG.mp4,6,4,1358522,data/encodings/1358522/1358522_S06E04_12504_0.npy
589,1080,1920,0,942,1235,255,548,85849,0.041,12528,/home/amos/media/tv/White.Collar.S01-S06.1080p.BluRay.x265-RARBG/White.Collar.S06.1080p.WEBRip.x265-RARBG/White.Collar.S06E04.1080p.WEBRip.x265-RARBG.mp4,6,4,1358522,data/encodings/1358522/1358522_S06E04_12528_0.npy
590,1080,1920,0,683,1105,261,683,178084,0.086,12600,/home/amos/media/tv/White.Collar.S01-S06.1080p.BluRay.x265-RARBG/White.Collar.S06.1080p.WEBRip.x265-RARBG/White.Collar.S06E04.1080p.WEBRip.x265-RARBG.mp4,6,4,1358522,data/encodings/1358522/1358522_S06E04_12600_0.npy
591,1080,1920,0,604,956,208,560,123904,0.06,12624,/home/amos/media/tv/White.Collar.S01-S06.1080p.BluRay.x265-RARBG/White.Collar.S06.1080p.WEBRip.x265-RARBG/White.Collar.S06E04.1080p.WEBRip.x265-RARBG.mp4,6,4,1358522,data/encodings/1358522/1358522_S06E04_12624_0.npy
592,1080,1920,0,554,977,175,598,178929,0.086,12648,/home/amos/media/tv/White.Collar.S01-S06.1080p.BluRay.x265-RARBG/White.Collar.S06.1080p.WEBRip.x265-RARBG/White.Collar.S06E04.1080p.WEBRip.x265-RARBG.mp4,6,4,1358522,data/encodings/1358522/1358522_S06E04_12648_0.npy
593,1080,1920,0,676,1028,208,560,123904,0.06,12672,/home/amos/media/tv/White.Collar.S01-S06.1080p.BluRay.x265-RARBG/White.Collar.S06.1080p.WEBRip.x265-RARBG/White.Collar.S06E04.1080p.WEBRip.x265-RARBG.mp4,6,4,1358522,data/encodings/1358522/1358522_S06E04_12672_0.npy
594,1080,1920,0,704,997,255,548,85849,0.041,12696,/home/amos/media/tv/White.Collar.S01-S06.1080p.BluRay.x265-RARBG/White.Collar.S06.1080p.WEBRip.x265-RARBG/White.Collar.S06E04.1080p.WEBRip.x265-RARBG.mp4,6,4,1358522,data/encodings/1358522/1358522_S06E04_12696_0.npy
595,1080,1920,0,340,763,218,640,178506,0.086,12744,/home/amos/media/tv/White.Collar.S01-S06.1080p.BluRay.x265-RARBG/White.Collar.S06.1080p.WEBRip.x265-RARBG/White.Collar.S06E04.1080p.WEBRip.x265-RARBG.mp4,6,4,1358522,data/encodings/1358522/1358522_S06E04_12744_0.npy
596,1080,1920,0,930,1174,231,475,59536,0.029,12816,/home/amos/media/tv/White.Collar.S01-S06.1080p.BluRay.x265-RARBG/White.Collar.S06.1080p.WEBRip.x265-RARBG/White.Collar.S06E04.1080p.WEBRip.x265-RARBG.mp4,6,4,1358522,data/encodings/1358522/1358522_S06E04_12816_0.npy
597,1080,1920,0,852,1146,166,459,86142,0.042,12840,/home/amos/media/tv/White.Collar.S01-S06.1080p.BluRay.x265-RARBG/White.Collar.S06.1080p.WEBRip.x265-RARBG/White.Collar.S06E04.1080p.WEBRip.x265-RARBG.mp4,6,4,1358522,data/encodings/1358522/1358522_S06E04_12840_0.npy
598,1080,1920,0,512,934,132,555,178506,0.086,12864,/home/amos/media/tv/White.Collar.S01-S06.1080p.BluRay.x265-RARBG/White.Collar.S06.1080p.WEBRip.x265-RARBG/White.Collar.S06E04.1080p.WEBRip.x265-RARBG.mp4,6,4,1358522,data/encodings/1358522/1358522_S06E04_12864_0.npy
599,1080,1920,0,596,766,147,317,28900,0.014,13008,/home/amos/media/tv/White.Collar.S01-S06.1080p.BluRay.x265-RARBG/White.Collar.S06.1080p.WEBRip.x265-RARBG/White.Collar.S06E04.1080p.WEBRip.x265-RARBG.mp4,6,4,1358522,data/encodings/1358522/1358522_S06E04_13008_0.npy
600,1080,1920,0,613,783,112,282,28900,0.014,13032,/home/amos/media/tv/White.Collar.S01-S06.1080p.BluRay.x265-RARBG/White.Collar.S06.1080p.WEBRip.x265-RARBG/White.Collar.S06E04.1080p.WEBRip.x265-RARBG.mp4,6,4,1358522,data/encodings/1358522/1358522_S06E04_13032_0.npy
601,1080,1920,0,854,1206,172,525,124256,0.06,13056,/home/amos/media/tv/White.Collar.S01-S06.1080p.BluRay.x265-RARBG/White.Collar.S06.1080p.WEBRip.x265-RARBG/White.Collar.S06E04.1080p.WEBRip.x265-RARBG.mp4,6,4,1358522,data/encodings/1358522/1358522_S06E04_13056_0.npy
602,1080,1920,0,854,1206,208,560,123904,0.06,13080,/home/amos/media/tv/White.Collar.S01-S06.1080p.BluRay.x265-RARBG/White.Collar.S06.1080p.WEBRip.x265-RARBG/White.Collar.S06E04.1080p.WEBRip.x265-RARBG.mp4,6,4,1358522,data/encodings/1358522/1358522_S06E04_13080_0.npy
603,1080,1920,0,818,1170,279,632,124256,0.06,13104,/home/amos/media/tv/White.Collar.S01-S06.1080p.BluRay.x265-RARBG/White.Collar.S06.1080p.WEBRip.x265-RARBG/White.Collar.S06E04.1080p.WEBRip.x265-RARBG.mp4,6,4,1358522,data/encodings/1358522/1358522_S06E04_13104_0.npy
604,1080,1920,0,555,849,77,370,86142,0.042,13128,/home/amos/media/tv/White.Collar.S01-S06.1080p.BluRay.x265-RARBG/White.Collar.S06.1080p.WEBRip.x265-RARBG/White.Collar.S06E04.1080p.WEBRip.x265-RARBG.mp4,6,4,1358522,data/encodings/1358522/1358522_S06E04_13128_0.npy
605,1080,1920,0,608,852,132,376,59536,0.029,13152,/home/amos/media/tv/White.Collar.S01-S06.1080p.BluRay.x265-RARBG/White.Collar.S06.1080p.WEBRip.x265-RARBG/White.Collar.S06E04.1080p.WEBRip.x265-RARBG.mp4,6,4,1358522,data/encodings/1358522/1358522_S06E04_13152_0.npy
606,1080,1920,0,509,753,231,475,59536,0.029,13176,/home/amos/media/tv/White.Collar.S01-S06.1080p.BluRay.x265-RARBG/White.Collar.S06.1080p.WEBRip.x265-RARBG/White.Collar.S06E04.1080p.WEBRip.x265-RARBG.mp4,6,4,1358522,data/encodings/1358522/1358522_S06E04_13176_0.npy
607,1080,1920,0,558,803,255,500,60025,0.029,13200,/home/amos/media/tv/White.Collar.S01-S06.1080p.BluRay.x265-RARBG/White.Collar.S06.1080p.WEBRip.x265-RARBG/White.Collar.S06E04.1080p.WEBRip.x265-RARBG.mp4,6,4,1358522,data/encodings/1358522/1358522_S06E04_13200_0.npy
608,1080,1920,0,930,1174,156,401,59780,0.029,13248,/home/amos/media/tv/White.Collar.S01-S06.1080p.BluRay.x265-RARBG/White.Collar.S06.1080p.WEBRip.x265-RARBG/White.Collar.S06E04.1080p.WEBRip.x265-RARBG.mp4,6,4,1358522,data/encodings/1358522/1358522_S06E04_13248_0.npy
609,1080,1920,0,682,927,181,426,60025,0.029,13272,/home/amos/media/tv/White.Collar.S01-S06.1080p.BluRay.x265-RARBG/White.Collar.S06.1080p.WEBRip.x265-RARBG/White.Collar.S06E04.1080p.WEBRip.x265-RARBG.mp4,6,4,1358522,data/encodings/1358522/1358522_S06E04_13272_0.npy
610,1080,1920,0,744,947,223,427,41412,0.02,13296,/home/amos/media/tv/White.Collar.S01-S06.1080p.BluRay.x265-RARBG/White.Collar.S06.1080p.WEBRip.x265-RARBG/White.Collar.S06E04.1080p.WEBRip.x265-RARBG.mp4,6,4,1358522,data/encodings/1358522/1358522_S06E04_13296_0.npy
611,1080,1920,0,806,1009,182,385,41209,0.02,13320,/home/amos/media/tv/White.Collar.S01-S06.1080p.BluRay.x265-RARBG/White.Collar.S06.1080p.WEBRip.x265-RARBG/White.Collar.S06E04.1080p.WEBRip.x265-RARBG.mp4,6,4,1358522,data/encodings/1358522/1358522_S06E04_13320_0.npy
612,1080,1920,0,475,679,223,427,41616,0.02,13344,/home/amos/media/tv/White.Collar.S01-S06.1080p.BluRay.x265-RARBG/White.Collar.S06.1080p.WEBRip.x265-RARBG/White.Collar.S06E04.1080p.WEBRip.x265-RARBG.mp4,6,4,1358522,data/encodings/1358522/1358522_S06E04_13344_0.npy
613,1080,1920,0,517,720,223,427,41412,0.02,13368,/home/amos/media/tv/White.Collar.S01-S06.1080p.BluRay.x265-RARBG/White.Collar.S06.1080p.WEBRip.x265-RARBG/White.Collar.S06E04.1080p.WEBRip.x265-RARBG.mp4,6,4,1358522,data/encodings/1358522/1358522_S06E04_13368_0.npy
614,1080,1920,0,558,803,231,475,59780,0.029,13416,/home/amos/media/tv/White.Collar.S01-S06.1080p.BluRay.x265-RARBG/White.Collar.S06.1080p.WEBRip.x265-RARBG/White.Collar.S06E04.1080p.WEBRip.x265-RARBG.mp4,6,4,1358522,data/encodings/1358522/1358522_S06E04_13416_0.npy
615,1080,1920,0,763,1057,136,429,86142,0.042,13440,/home/amos/media/tv/White.Collar.S01-S06.1080p.BluRay.x265-RARBG/White.Collar.S06.1080p.WEBRip.x265-RARBG/White.Collar.S06E04.1080p.WEBRip.x265-RARBG.mp4,6,4,1358522,data/encodings/1358522/1358522_S06E04_13440_0.npy
616,1080,1920,0,734,1027,166,459,85849,0.041,13464,/home/amos/media/tv/White.Collar.S01-S06.1080p.BluRay.x265-RARBG/White.Collar.S06.1080p.WEBRip.x265-RARBG/White.Collar.S06E04.1080p.WEBRip.x265-RARBG.mp4,6,4,1358522,data/encodings/1358522/1358522_S06E04_13464_0.npy
617,1080,1920,0,756,1001,255,500,60025,0.029,13488,/home/amos/media/tv/White.Collar.S01-S06.1080p.BluRay.x265-RARBG/White.Collar.S06.1080p.WEBRip.x265-RARBG/White.Collar.S06E04.1080p.WEBRip.x265-RARBG.mp4,6,4,1358522,data/encodings/1358522/1358522_S06E04_13488_0.npy
618,1080,1920,0,475,679,202,406,41616,0.02,13512,/home/amos/media/tv/White.Collar.S01-S06.1080p.BluRay.x265-RARBG/White.Collar.S06.1080p.WEBRip.x265-RARBG/White.Collar.S06E04.1080p.WEBRip.x265-RARBG.mp4,6,4,1358522,data/encodings/1358522/1358522_S06E04_13512_0.npy
619,1080,1920,0,554,977,175,598,178929,0.086,13560,/home/amos/media/tv/White.Collar.S01-S06.1080p.BluRay.x265-RARBG/White.Collar.S06.1080p.WEBRip.x265-RARBG/White.Collar.S06E04.1080p.WEBRip.x265-RARBG.mp4,6,4,1358522,data/encodings/1358522/1358522_S06E04_13560_0.npy
620,1080,1920,0,640,992,244,596,123904,0.06,13584,/home/amos/media/tv/White.Collar.S01-S06.1080p.BluRay.x265-RARBG/White.Collar.S06.1080p.WEBRip.x265-RARBG/White.Collar.S06E04.1080p.WEBRip.x265-RARBG.mp4,6,4,1358522,data/encodings/1358522/1358522_S06E04_13584_0.npy
621,1080,1920,0,711,1063,208,560,123904,0.06,13608,/home/amos/media/tv/White.Collar.S01-S06.1080p.BluRay.x265-RARBG/White.Collar.S06.1080p.WEBRip.x265-RARBG/White.Collar.S06E04.1080p.WEBRip.x265-RARBG.mp4,6,4,1358522,data/encodings/1358522/1358522_S06E04_13608_0.npy
622,1080,1920,0,435,942,159,666,257049,0.124,13680,/home/amos/media/tv/White.Collar.S01-S06.1080p.BluRay.x265-RARBG/White.Collar.S06.1080p.WEBRip.x265-RARBG/White.Collar.S06E04.1080p.WEBRip.x265-RARBG.mp4,6,4,1358522,data/encodings/1358522/1358522_S06E04_13680_0.npy
623,1080,1920,0,640,992,172,525,124256,0.06,13704,/home/amos/media/tv/White.Collar.S01-S06.1080p.BluRay.x265-RARBG/White.Collar.S06.1080p.WEBRip.x265-RARBG/White.Collar.S06E04.1080p.WEBRip.x265-RARBG.mp4,6,4,1358522,data/encodings/1358522/1358522_S06E04_13704_0.npy
624,1080,1920,0,640,992,172,525,124256,0.06,13728,/home/amos/media/tv/White.Collar.S01-S06.1080p.BluRay.x265-RARBG/White.Collar.S06.1080p.WEBRip.x265-RARBG/White.Collar.S06E04.1080p.WEBRip.x265-RARBG.mp4,6,4,1358522,data/encodings/1358522/1358522_S06E04_13728_0.npy
625,1080,1920,0,676,1028,172,525,124256,0.06,13752,/home/amos/media/tv/White.Collar.S01-S06.1080p.BluRay.x265-RARBG/White.Collar.S06.1080p.WEBRip.x265-RARBG/White.Collar.S06E04.1080p.WEBRip.x265-RARBG.mp4,6,4,1358522,data/encodings/1358522/1358522_S06E04_13752_0.npy
626,1080,1920,0,1154,1252,387,485,9604,0.005,13776,/home/amos/media/tv/White.Collar.S01-S06.1080p.BluRay.x265-RARBG/White.Collar.S06.1080p.WEBRip.x265-RARBG/White.Collar.S06E04.1080p.WEBRip.x265-RARBG.mp4,6,4,1358522,data/encodings/1358522/1358522_S06E04_13776_0.npy
627,1080,1920,1,667,785,291,409,13924,0.007,13776,/home/amos/media/tv/White.Collar.S01-S06.1080p.BluRay.x265-RARBG/White.Collar.S06.1080p.WEBRip.x265-RARBG/White.Collar.S06E04.1080p.WEBRip.x265-RARBG.mp4,6,4,1358522,data/encodings/1358522/1358522_S06E04_13776_1.npy
628,1080,1920,0,1145,1263,351,469,13924,0.007,13800,/home/amos/media/tv/White.Collar.S01-S06.1080p.BluRay.x265-RARBG/White.Collar.S06.1080p.WEBRip.x265-RARBG/White.Collar.S06E04.1080p.WEBRip.x265-RARBG.mp4,6,4,1358522,data/encodings/1358522/1358522_S06E04_13800_0.npy
629,1080,1920,1,645,786,269,411,20022,0.01,13800,/home/amos/media/tv/White.Collar.S01-S06.1080p.BluRay.x265-RARBG/White.Collar.S06.1080p.WEBRip.x265-RARBG/White.Collar.S06E04.1080p.WEBRip.x265-RARBG.mp4,6,4,1358522,data/encodings/1358522/1358522_S06E04_13800_1.npy
630,1080,1920,2,1277,1521,57,302,59780,0.029,13800,/home/amos/media/tv/White.Collar.S01-S06.1080p.BluRay.x265-RARBG/White.Collar.S06.1080p.WEBRip.x265-RARBG/White.Collar.S06E04.1080p.WEBRip.x265-RARBG.mp4,6,4,1358522,data/encodings/1358522/1358522_S06E04_13800_2.npy
631,1080,1920,0,1194,1292,367,465,9604,0.005,13824,/home/amos/media/tv/White.Collar.S01-S06.1080p.BluRay.x265-RARBG/White.Collar.S06.1080p.WEBRip.x265-RARBG/White.Collar.S06E04.1080p.WEBRip.x265-RARBG.mp4,6,4,1358522,data/encodings/1358522/1358522_S06E04_13824_0.npy
632,1080,1920,1,645,786,283,425,20022,0.01,13824,/home/amos/media/tv/White.Collar.S01-S06.1080p.BluRay.x265-RARBG/White.Collar.S06.1080p.WEBRip.x265-RARBG/White.Collar.S06E04.1080p.WEBRip.x265-RARBG.mp4,6,4,1358522,data/encodings/1358522/1358522_S06E04_13824_1.npy
633,1080,1920,0,1029,1273,305,550,59780,0.029,13848,/home/amos/media/tv/White.Collar.S01-S06.1080p.BluRay.x265-RARBG/White.Collar.S06.1080p.WEBRip.x265-RARBG/White.Collar.S06E04.1080p.WEBRip.x265-RARBG.mp4,6,4,1358522,data/encodings/1358522/1358522_S06E04_13848_0.npy
634,1080,1920,0,961,1313,244,596,123904,0.06,13872,/home/amos/media/tv/White.Collar.S01-S06.1080p.BluRay.x265-RARBG/White.Collar.S06.1080p.WEBRip.x265-RARBG/White.Collar.S06E04.1080p.WEBRip.x265-RARBG.mp4,6,4,1358522,data/encodings/1358522/1358522_S06E04_13872_0.npy
635,1080,1920,0,1154,1252,367,465,9604,0.005,13896,/home/amos/media/tv/White.Collar.S01-S06.1080p.BluRay.x265-RARBG/White.Collar.S06.1080p.WEBRip.x265-RARBG/White.Collar.S06E04.1080p.WEBRip.x265-RARBG.mp4,6,4,1358522,data/encodings/1358522/1358522_S06E04_13896_0.npy
636,1080,1920,1,655,773,279,397,13924,0.007,13896,/home/amos/media/tv/White.Collar.S01-S06.1080p.BluRay.x265-RARBG/White.Collar.S06.1080p.WEBRip.x265-RARBG/White.Collar.S06E04.1080p.WEBRip.x265-RARBG.mp4,6,4,1358522,data/encodings/1358522/1358522_S06E04_13896_1.npy
637,1080,1920,0,1223,1322,466,565,9801,0.005,13920,/home/amos/media/tv/White.Collar.S01-S06.1080p.BluRay.x265-RARBG/White.Collar.S06.1080p.WEBRip.x265-RARBG/White.Collar.S06E04.1080p.WEBRip.x265-RARBG.mp4,6,4,1358522,data/encodings/1358522/1358522_S06E04_13920_0.npy
638,1080,1920,1,691,809,363,481,13924,0.007,13920,/home/amos/media/tv/White.Collar.S01-S06.1080p.BluRay.x265-RARBG/White.Collar.S06.1080p.WEBRip.x265-RARBG/White.Collar.S06E04.1080p.WEBRip.x265-RARBG.mp4,6,4,1358522,data/encodings/1358522/1358522_S06E04_13920_1.npy
639,1080,1920,2,0,164,95,265,27880,0.013,13920,/home/amos/media/tv/White.Collar.S01-S06.1080p.BluRay.x265-RARBG/White.Collar.S06.1080p.WEBRip.x265-RARBG/White.Collar.S06E04.1080p.WEBRip.x265-RARBG.mp4,6,4,1358522,data/encodings/1358522/1358522_S06E04_13920_2.npy
640,1080,1920,3,1425,1670,57,302,60025,0.029,13920,/home/amos/media/tv/White.Collar.S01-S06.1080p.BluRay.x265-RARBG/White.Collar.S06.1080p.WEBRip.x265-RARBG/White.Collar.S06E04.1080p.WEBRip.x265-RARBG.mp4,6,4,1358522,data/encodings/1358522/1358522_S06E04_13920_3.npy
641,1080,1920,0,1273,1372,516,614,9702,0.005,13944,/home/amos/media/tv/White.Collar.S01-S06.1080p.BluRay.x265-RARBG/White.Collar.S06.1080p.WEBRip.x265-RARBG/White.Collar.S06E04.1080p.WEBRip.x265-RARBG.mp4,6,4,1358522,data/encodings/1358522/1358522_S06E04_13944_0.npy
642,1080,1920,1,727,845,434,552,13924,0.007,13944,/home/amos/media/tv/White.Collar.S01-S06.1080p.BluRay.x265-RARBG/White.Collar.S06.1080p.WEBRip.x265-RARBG/White.Collar.S06E04.1080p.WEBRip.x265-RARBG.mp4,6,4,1358522,data/encodings/1358522/1358522_S06E04_13944_1.npy
643,1080,1920,2,1499,1744,156,401,60025,0.029,13944,/home/amos/media/tv/White.Collar.S01-S06.1080p.BluRay.x265-RARBG/White.Collar.S06.1080p.WEBRip.x265-RARBG/White.Collar.S06E04.1080p.WEBRip.x265-RARBG.mp4,6,4,1358522,data/encodings/1358522/1358522_S06E04_13944_2.npy
644,1080,1920,0,1263,1362,566,664,9702,0.005,13968,/home/amos/media/tv/White.Collar.S01-S06.1080p.BluRay.x265-RARBG/White.Collar.S06.1080p.WEBRip.x265-RARBG/White.Collar.S06E04.1080p.WEBRip.x265-RARBG.mp4,6,4,1358522,data/encodings/1358522/1358522_S06E04_13968_0.npy
645,1080,1920,1,727,845,446,564,13924,0.007,13968,/home/amos/media/tv/White.Collar.S01-S06.1080p.BluRay.x265-RARBG/White.Collar.S06.1080p.WEBRip.x265-RARBG/White.Collar.S06E04.1080p.WEBRip.x265-RARBG.mp4,6,4,1358522,data/encodings/1358522/1358522_S06E04_13968_1.npy
646,1080,1920,2,372,576,161,365,41616,0.02,13968,/home/amos/media/tv/White.Collar.S01-S06.1080p.BluRay.x265-RARBG/White.Collar.S06.1080p.WEBRip.x265-RARBG/White.Collar.S06E04.1080p.WEBRip.x265-RARBG.mp4,6,4,1358522,data/encodings/1358522/1358522_S06E04_13968_2.npy
647,1080,1920,3,1506,1800,136,429,86142,0.042,13968,/home/amos/media/tv/White.Collar.S01-S06.1080p.BluRay.x265-RARBG/White.Collar.S06.1080p.WEBRip.x265-RARBG/White.Collar.S06E04.1080p.WEBRip.x265-RARBG.mp4,6,4,1358522,data/encodings/1358522/1358522_S06E04_13968_3.npy
648,1080,1920,0,1120,1413,225,519,86142,0.042,13992,/home/amos/media/tv/White.Collar.S01-S06.1080p.BluRay.x265-RARBG/White.Collar.S06.1080p.WEBRip.x265-RARBG/White.Collar.S06E04.1080p.WEBRip.x265-RARBG.mp4,6,4,1358522,data/encodings/1358522/1358522_S06E04_13992_0.npy
649,1080,1920,0,640,992,208,560,123904,0.06,14016,/home/amos/media/tv/White.Collar.S01-S06.1080p.BluRay.x265-RARBG/White.Collar.S06.1080p.WEBRip.x265-RARBG/White.Collar.S06E04.1080p.WEBRip.x265-RARBG.mp4,6,4,1358522,data/encodings/1358522/1358522_S06E04_14016_0.npy
650,1080,1920,0,925,1277,208,560,123904,0.06,14040,/home/amos/media/tv/White.Collar.S01-S06.1080p.BluRay.x265-RARBG/White.Collar.S06.1080p.WEBRip.x265-RARBG/White.Collar.S06E04.1080p.WEBRip.x265-RARBG.mp4,6,4,1358522,data/encodings/1358522/1358522_S06E04_14040_0.npy
651,1080,1920,0,1283,1382,556,654,9702,0.005,14064,/home/amos/media/tv/White.Collar.S01-S06.1080p.BluRay.x265-RARBG/White.Collar.S06.1080p.WEBRip.x265-RARBG/White.Collar.S06E04.1080p.WEBRip.x265-RARBG.mp4,6,4,1358522,data/encodings/1358522/1358522_S06E04_14064_0.npy
652,1080,1920,1,413,617,99,303,41616,0.02,14064,/home/amos/media/tv/White.Collar.S01-S06.1080p.BluRay.x265-RARBG/White.Collar.S06.1080p.WEBRip.x265-RARBG/White.Collar.S06E04.1080p.WEBRip.x265-RARBG.mp4,6,4,1358522,data/encodings/1358522/1358522_S06E04_14064_1.npy
653,1080,1920,2,1524,1769,181,426,60025,0.029,14064,/home/amos/media/tv/White.Collar.S01-S06.1080p.BluRay.x265-RARBG/White.Collar.S06.1080p.WEBRip.x265-RARBG/White.Collar.S06E04.1080p.WEBRip.x265-RARBG.mp4,6,4,1358522,data/encodings/1358522/1358522_S06E04_14064_2.npy
654,1080,1920,3,745,887,441,583,20164,0.01,14064,/home/amos/media/tv/White.Collar.S01-S06.1080p.BluRay.x265-RARBG/White.Collar.S06.1080p.WEBRip.x265-RARBG/White.Collar.S06E04.1080p.WEBRip.x265-RARBG.mp4,6,4,1358522,data/encodings/1358522/1358522_S06E04_14064_3.npy
655,1080,1920,0,1622,1740,434,552,13924,0.007,14088,/home/amos/media/tv/White.Collar.S01-S06.1080p.BluRay.x265-RARBG/White.Collar.S06.1080p.WEBRip.x265-RARBG/White.Collar.S06E04.1080p.WEBRip.x265-RARBG.mp4,6,4,1358522,data/encodings/1358522/1358522_S06E04_14088_0.npy
656,1080,1920,1,659,801,427,568,20022,0.01,14088,/home/amos/media/tv/White.Collar.S01-S06.1080p.BluRay.x265-RARBG/White.Collar.S06.1080p.WEBRip.x265-RARBG/White.Collar.S06E04.1080p.WEBRip.x265-RARBG.mp4,6,4,1358522,data/encodings/1358522/1358522_S06E04_14088_1.npy
657,1080,1920,0,1748,1890,355,497,20164,0.01,14112,/home/amos/media/tv/White.Collar.S01-S06.1080p.BluRay.x265-RARBG/White.Collar.S06.1080p.WEBRip.x265-RARBG/White.Collar.S06E04.1080p.WEBRip.x265-RARBG.mp4,6,4,1358522,data/encodings/1358522/1358522_S06E04_14112_0.npy
658,1080,1920,1,774,892,327,445,13924,0.007,14112,/home/amos/media/tv/White.Collar.S01-S06.1080p.BluRay.x265-RARBG/White.Collar.S06.1080p.WEBRip.x265-RARBG/White.Collar.S06E04.1080p.WEBRip.x265-RARBG.mp4,6,4,1358522,data/encodings/1358522/1358522_S06E04_14112_1.npy
659,1080,1920,0,1718,1836,339,457,13924,0.007,14136,/home/amos/media/tv/White.Collar.S01-S06.1080p.BluRay.x265-RARBG/White.Collar.S06.1080p.WEBRip.x265-RARBG/White.Collar.S06E04.1080p.WEBRip.x265-RARBG.mp4,6,4,1358522,data/encodings/1358522/1358522_S06E04_14136_0.npy
660,1080,1920,1,762,880,327,445,13924,0.007,14136,/home/amos/media/tv/White.Collar.S01-S06.1080p.BluRay.x265-RARBG/White.Collar.S06.1080p.WEBRip.x265-RARBG/White.Collar.S06E04.1080p.WEBRip.x265-RARBG.mp4,6,4,1358522,data/encodings/1358522/1358522_S06E04_14136_1.npy
661,1080,1920,0,1706,1824,351,469,13924,0.007,14160,/home/amos/media/tv/White.Collar.S01-S06.1080p.BluRay.x265-RARBG/White.Collar.S06.1080p.WEBRip.x265-RARBG/White.Collar.S06E04.1080p.WEBRip.x265-RARBG.mp4,6,4,1358522,data/encodings/1358522/1358522_S06E04_14160_0.npy
662,1080,1920,0,1706,1824,351,469,13924,0.007,14184,/home/amos/media/tv/White.Collar.S01-S06.1080p.BluRay.x265-RARBG/White.Collar.S06.1080p.WEBRip.x265-RARBG/White.Collar.S06E04.1080p.WEBRip.x265-RARBG.mp4,6,4,1358522,data/encodings/1358522/1358522_S06E04_14184_0.npy
663,1080,1920,1,444,586,154,296,20164,0.01,14184,/home/amos/media/tv/White.Collar.S01-S06.1080p.BluRay.x265-RARBG/White.Collar.S06.1080p.WEBRip.x265-RARBG/White.Collar.S06E04.1080p.WEBRip.x265-RARBG.mp4,6,4,1358522,data/encodings/1358522/1358522_S06E04_14184_1.npy
664,1080,1920,0,1670,1788,363,481,13924,0.007,14208,/home/amos/media/tv/White.Collar.S01-S06.1080p.BluRay.x265-RARBG/White.Collar.S06.1080p.WEBRip.x265-RARBG/White.Collar.S06E04.1080p.WEBRip.x265-RARBG.mp4,6,4,1358522,data/encodings/1358522/1358522_S06E04_14208_0.npy
665,1080,1920,1,544,686,212,353,20022,0.01,14208,/home/amos/media/tv/White.Collar.S01-S06.1080p.BluRay.x265-RARBG/White.Collar.S06.1080p.WEBRip.x265-RARBG/White.Collar.S06E04.1080p.WEBRip.x265-RARBG.mp4,6,4,1358522,data/encodings/1358522/1358522_S06E04_14208_1.npy
666,1080,1920,0,1120,1413,255,548,85849,0.041,14232,/home/amos/media/tv/White.Collar.S01-S06.1080p.BluRay.x265-RARBG/White.Collar.S06.1080p.WEBRip.x265-RARBG/White.Collar.S06E04.1080p.WEBRip.x265-RARBG.mp4,6,4,1358522,data/encodings/1358522/1358522_S06E04_14232_0.npy
667,1080,1920,0,1128,1373,305,550,60025,0.029,14256,/home/amos/media/tv/White.Collar.S01-S06.1080p.BluRay.x265-RARBG/White.Collar.S06.1080p.WEBRip.x265-RARBG/White.Collar.S06E04.1080p.WEBRip.x265-RARBG.mp4,6,4,1358522,data/encodings/1358522/1358522_S06E04_14256_0.npy
668,1080,1920,0,756,1001,231,475,59780,0.029,14280,/home/amos/media/tv/White.Collar.S01-S06.1080p.BluRay.x265-RARBG/White.Collar.S06.1080p.WEBRip.x265-RARBG/White.Collar.S06E04.1080p.WEBRip.x265-RARBG.mp4,6,4,1358522,data/encodings/1358522/1358522_S06E04_14280_0.npy
669,1080,1920,0,704,997,106,400,86142,0.042,14304,/home/amos/media/tv/White.Collar.S01-S06.1080p.BluRay.x265-RARBG/White.Collar.S06.1080p.WEBRip.x265-RARBG/White.Collar.S06E04.1080p.WEBRip.x265-RARBG.mp4,6,4,1358522,data/encodings/1358522/1358522_S06E04_14304_0.npy
670,1080,1920,0,747,1099,172,525,124256,0.06,14328,/home/amos/media/tv/White.Collar.S01-S06.1080p.BluRay.x265-RARBG/White.Collar.S06.1080p.WEBRip.x265-RARBG/White.Collar.S06E04.1080p.WEBRip.x265-RARBG.mp4,6,4,1358522,data/encodings/1358522/1358522_S06E04_14328_0.npy
671,1080,1920,0,1387,1681,136,429,86142,0.042,14352,/home/amos/media/tv/White.Collar.S01-S06.1080p.BluRay.x265-RARBG/White.Collar.S06.1080p.WEBRip.x265-RARBG/White.Collar.S06E04.1080p.WEBRip.x265-RARBG.mp4,6,4,1358522,data/encodings/1358522/1358522_S06E04_14352_0.npy
672,1080,1920,1,961,1313,279,632,124256,0.06,14352,/home/amos/media/tv/White.Collar.S01-S06.1080p.BluRay.x265-RARBG/White.Collar.S06.1080p.WEBRip.x265-RARBG/White.Collar.S06E04.1080p.WEBRip.x265-RARBG.mp4,6,4,1358522,data/encodings/1358522/1358522_S06E04_14352_1.npy
673,1080,1920,0,955,1199,255,500,59780,0.029,14376,/home/amos/media/tv/White.Collar.S01-S06.1080p.BluRay.x265-RARBG/White.Collar.S06.1080p.WEBRip.x265-RARBG/White.Collar.S06E04.1080p.WEBRip.x265-RARBG.mp4,6,4,1358522,data/encodings/1358522/1358522_S06E04_14376_0.npy
674,1080,1920,0,555,849,166,459,86142,0.042,14400,/home/amos/media/tv/White.Collar.S01-S06.1080p.BluRay.x265-RARBG/White.Collar.S06.1080p.WEBRip.x265-RARBG/White.Collar.S06E04.1080p.WEBRip.x265-RARBG.mp4,6,4,1358522,data/encodings/1358522/1358522_S06E04_14400_0.npy
675,1080,1920,0,1008,1178,250,420,28900,0.014,14424,/home/amos/media/tv/White.Collar.S01-S06.1080p.BluRay.x265-RARBG/White.Collar.S06.1080p.WEBRip.x265-RARBG/White.Collar.S06E04.1080p.WEBRip.x265-RARBG.mp4,6,4,1358522,data/encodings/1358522/1358522_S06E04_14424_0.npy
676,1080,1920,0,625,707,660,742,6724,0.003,14448,/home/amos/media/tv/White.Collar.S01-S06.1080p.BluRay.x265-RARBG/White.Collar.S06.1080p.WEBRip.x265-RARBG/White.Collar.S06E04.1080p.WEBRip.x265-RARBG.mp4,6,4,1358522,data/encodings/1358522/1358522_S06E04_14448_0.npy
677,1080,1920,1,1053,1257,161,365,41616,0.02,14448,/home/amos/media/tv/White.Collar.S01-S06.1080p.BluRay.x265-RARBG/White.Collar.S06.1080p.WEBRip.x265-RARBG/White.Collar.S06E04.1080p.WEBRip.x265-RARBG.mp4,6,4,1358522,data/encodings/1358522/1358522_S06E04_14448_1.npy
678,1080,1920,0,1179,1473,136,429,86142,0.042,14472,/home/amos/media/tv/White.Collar.S01-S06.1080p.BluRay.x265-RARBG/White.Collar.S06.1080p.WEBRip.x265-RARBG/White.Collar.S06E04.1080p.WEBRip.x265-RARBG.mp4,6,4,1358522,data/encodings/1358522/1358522_S06E04_14472_0.npy
679,1080,1920,1,683,765,818,899,6642,0.003,14472,/home/amos/media/tv/White.Collar.S01-S06.1080p.BluRay.x265-RARBG/White.Collar.S06.1080p.WEBRip.x265-RARBG/White.Collar.S06E04.1080p.WEBRip.x265-RARBG.mp4,6,4,1358522,data/encodings/1358522/1358522_S06E04_14472_1.npy
680,1080,1920,0,1090,1384,195,489,86436,0.042,14496,/home/amos/media/tv/White.Collar.S01-S06.1080p.BluRay.x265-RARBG/White.Collar.S06.1080p.WEBRip.x265-RARBG/White.Collar.S06E04.1080p.WEBRip.x265-RARBG.mp4,6,4,1358522,data/encodings/1358522/1358522_S06E04_14496_0.npy
681,1080,1920,1,666,764,884,983,9702,0.005,14496,/home/amos/media/tv/White.Collar.S01-S06.1080p.BluRay.x265-RARBG/White.Collar.S06.1080p.WEBRip.x265-RARBG/White.Collar.S06E04.1080p.WEBRip.x265-RARBG.mp4,6,4,1358522,data/encodings/1358522/1358522_S06E04_14496_1.npy
682,1080,1920,0,212,635,261,683,178506,0.086,14520,/home/amos/media/tv/White.Collar.S01-S06.1080p.BluRay.x265-RARBG/White.Collar.S06.1080p.WEBRip.x265-RARBG/White.Collar.S06E04.1080p.WEBRip.x265-RARBG.mp4,6,4,1358522,data/encodings/1358522/1358522_S06E04_14520_0.npy
683,1080,1920,0,462,814,172,525,124256,0.06,14544,/home/amos/media/tv/White.Collar.S01-S06.1080p.BluRay.x265-RARBG/White.Collar.S06.1080p.WEBRip.x265-RARBG/White.Collar.S06E04.1080p.WEBRip.x265-RARBG.mp4,6,4,1358522,data/encodings/1358522/1358522_S06E04_14544_0.npy
684,1080,1920,0,711,1063,208,560,123904,0.06,14568,/home/amos/media/tv/White.Collar.S01-S06.1080p.BluRay.x265-RARBG/White.Collar.S06.1080p.WEBRip.x265-RARBG/White.Collar.S06E04.1080p.WEBRip.x265-RARBG.mp4,6,4,1358522,data/encodings/1358522/1358522_S06E04_14568_0.npy
685,1080,1920,0,640,1063,261,683,178506,0.086,14592,/home/amos/media/tv/White.Collar.S01-S06.1080p.BluRay.x265-RARBG/White.Collar.S06.1080p.WEBRip.x265-RARBG/White.Collar.S06E04.1080p.WEBRip.x265-RARBG.mp4,6,4,1358522,data/encodings/1358522/1358522_S06E04_14592_0.npy
686,1080,1920,0,674,968,285,578,86142,0.042,14616,/home/amos/media/tv/White.Collar.S01-S06.1080p.BluRay.x265-RARBG/White.Collar.S06.1080p.WEBRip.x265-RARBG/White.Collar.S06E04.1080p.WEBRip.x265-RARBG.mp4,6,4,1358522,data/encodings/1358522/1358522_S06E04_14616_0.npy
687,1080,1920,0,974,1116,212,353,20022,0.01,14640,/home/amos/media/tv/White.Collar.S01-S06.1080p.BluRay.x265-RARBG/White.Collar.S06.1080p.WEBRip.x265-RARBG/White.Collar.S06E04.1080p.WEBRip.x265-RARBG.mp4,6,4,1358522,data/encodings/1358522/1358522_S06E04_14640_0.npy
688,1080,1920,0,974,1116,255,396,20022,0.01,14664,/home/amos/media/tv/White.Collar.S01-S06.1080p.BluRay.x265-RARBG/White.Collar.S06.1080p.WEBRip.x265-RARBG/White.Collar.S06E04.1080p.WEBRip.x265-RARBG.mp4,6,4,1358522,data/encodings/1358522/1358522_S06E04_14664_0.npy
689,1080,1920,0,989,1130,283,425,20022,0.01,14688,/home/amos/media/tv/White.Collar.S01-S06.1080p.BluRay.x265-RARBG/White.Collar.S06.1080p.WEBRip.x265-RARBG/White.Collar.S06E04.1080p.WEBRip.x265-RARBG.mp4,6,4,1358522,data/encodings/1358522/1358522_S06E04_14688_0.npy
690,1080,1920,0,1003,1145,269,411,20164,0.01,14712,/home/amos/media/tv/White.Collar.S01-S06.1080p.BluRay.x265-RARBG/White.Collar.S06.1080p.WEBRip.x265-RARBG/White.Collar.S06E04.1080p.WEBRip.x265-RARBG.mp4,6,4,1358522,data/encodings/1358522/1358522_S06E04_14712_0.npy
691,1080,1920,0,1342,1546,429,633,41616,0.02,14736,/home/amos/media/tv/White.Collar.S01-S06.1080p.BluRay.x265-RARBG/White.Collar.S06.1080p.WEBRip.x265-RARBG/White.Collar.S06E04.1080p.WEBRip.x265-RARBG.mp4,6,4,1358522,data/encodings/1358522/1358522_S06E04_14736_0.npy
692,1080,1920,1,707,952,206,450,59780,0.029,14736,/home/amos/media/tv/White.Collar.S01-S06.1080p.BluRay.x265-RARBG/White.Collar.S06.1080p.WEBRip.x265-RARBG/White.Collar.S06E04.1080p.WEBRip.x265-RARBG.mp4,6,4,1358522,data/encodings/1358522/1358522_S06E04_14736_1.npy
693,1080,1920,0,1301,1505,388,592,41616,0.02,14760,/home/amos/media/tv/White.Collar.S01-S06.1080p.BluRay.x265-RARBG/White.Collar.S06.1080p.WEBRip.x265-RARBG/White.Collar.S06E04.1080p.WEBRip.x265-RARBG.mp4,6,4,1358522,data/encodings/1358522/1358522_S06E04_14760_0.npy
694,1080,1920,1,732,976,181,426,59780,0.029,14760,/home/amos/media/tv/White.Collar.S01-S06.1080p.BluRay.x265-RARBG/White.Collar.S06.1080p.WEBRip.x265-RARBG/White.Collar.S06E04.1080p.WEBRip.x265-RARBG.mp4,6,4,1358522,data/encodings/1358522/1358522_S06E04_14760_1.npy
695,1080,1920,0,1425,1628,388,592,41412,0.02,14784,/home/amos/media/tv/White.Collar.S01-S06.1080p.BluRay.x265-RARBG/White.Collar.S06.1080p.WEBRip.x265-RARBG/White.Collar.S06E04.1080p.WEBRip.x265-RARBG.mp4,6,4,1358522,data/encodings/1358522/1358522_S06E04_14784_0.npy
696,1080,1920,1,756,1001,156,401,60025,0.029,14784,/home/amos/media/tv/White.Collar.S01-S06.1080p.BluRay.x265-RARBG/White.Collar.S06.1080p.WEBRip.x265-RARBG/White.Collar.S06E04.1080p.WEBRip.x265-RARBG.mp4,6,4,1358522,data/encodings/1358522/1358522_S06E04_14784_1.npy
697,1080,1920,0,1090,1384,195,489,86436,0.042,14808,/home/amos/media/tv/White.Collar.S01-S06.1080p.BluRay.x265-RARBG/White.Collar.S06.1080p.WEBRip.x265-RARBG/White.Collar.S06E04.1080p.WEBRip.x265-RARBG.mp4,6,4,1358522,data/encodings/1358522/1358522_S06E04_14808_0.npy
698,1080,1920,0,1068,1420,137,489,123904,0.06,14832,/home/amos/media/tv/White.Collar.S01-S06.1080p.BluRay.x265-RARBG/White.Collar.S06.1080p.WEBRip.x265-RARBG/White.Collar.S06E04.1080p.WEBRip.x265-RARBG.mp4,6,4,1358522,data/encodings/1358522/1358522_S06E04_14832_0.npy
699,1080,1920,0,1120,1413,225,519,86142,0.042,14856,/home/amos/media/tv/White.Collar.S01-S06.1080p.BluRay.x265-RARBG/White.Collar.S06.1080p.WEBRip.x265-RARBG/White.Collar.S06E04.1080p.WEBRip.x265-RARBG.mp4,6,4,1358522,data/encodings/1358522/1358522_S06E04_14856_0.npy
700,1080,1920,0,1068,1420,172,525,124256,0.06,14880,/home/amos/media/tv/White.Collar.S01-S06.1080p.BluRay.x265-RARBG/White.Collar.S06.1080p.WEBRip.x265-RARBG/White.Collar.S06E04.1080p.WEBRip.x265-RARBG.mp4,6,4,1358522,data/encodings/1358522/1358522_S06E04_14880_0.npy
701,1080,1920,0,533,885,208,560,123904,0.06,14904,/home/amos/media/tv/White.Collar.S01-S06.1080p.BluRay.x265-RARBG/White.Collar.S06.1080p.WEBRip.x265-RARBG/White.Collar.S06E04.1080p.WEBRip.x265-RARBG.mp4,6,4,1358522,data/encodings/1358522/1358522_S06E04_14904_0.npy
702,1080,1920,0,533,885,208,560,123904,0.06,14928,/home/amos/media/tv/White.Collar.S01-S06.1080p.BluRay.x265-RARBG/White.Collar.S06.1080p.WEBRip.x265-RARBG/White.Collar.S06E04.1080p.WEBRip.x265-RARBG.mp4,6,4,1358522,data/encodings/1358522/1358522_S06E04_14928_0.npy
703,1080,1920,0,1032,1384,172,525,124256,0.06,14952,/home/amos/media/tv/White.Collar.S01-S06.1080p.BluRay.x265-RARBG/White.Collar.S06.1080p.WEBRip.x265-RARBG/White.Collar.S06E04.1080p.WEBRip.x265-RARBG.mp4,6,4,1358522,data/encodings/1358522/1358522_S06E04_14952_0.npy
704,1080,1920,0,1032,1384,172,525,124256,0.06,14976,/home/amos/media/tv/White.Collar.S01-S06.1080p.BluRay.x265-RARBG/White.Collar.S06.1080p.WEBRip.x265-RARBG/White.Collar.S06E04.1080p.WEBRip.x265-RARBG.mp4,6,4,1358522,data/encodings/1358522/1358522_S06E04_14976_0.npy
705,1080,1920,0,1068,1420,279,632,124256,0.06,15000,/home/amos/media/tv/White.Collar.S01-S06.1080p.BluRay.x265-RARBG/White.Collar.S06.1080p.WEBRip.x265-RARBG/White.Collar.S06E04.1080p.WEBRip.x265-RARBG.mp4,6,4,1358522,data/encodings/1358522/1358522_S06E04_15000_0.npy
706,1080,1920,0,1032,1384,279,632,124256,0.06,15072,/home/amos/media/tv/White.Collar.S01-S06.1080p.BluRay.x265-RARBG/White.Collar.S06.1080p.WEBRip.x265-RARBG/White.Collar.S06E04.1080p.WEBRip.x265-RARBG.mp4,6,4,1358522,data/encodings/1358522/1358522_S06E04_15072_0.npy
707,1080,1920,0,747,1099,208,560,123904,0.06,15096,/home/amos/media/tv/White.Collar.S01-S06.1080p.BluRay.x265-RARBG/White.Collar.S06.1080p.WEBRip.x265-RARBG/White.Collar.S06E04.1080p.WEBRip.x265-RARBG.mp4,6,4,1358522,data/encodings/1358522/1358522_S06E04_15096_0.npy
708,1080,1920,0,1032,1384,208,560,123904,0.06,15120,/home/amos/media/tv/White.Collar.S01-S06.1080p.BluRay.x265-RARBG/White.Collar.S06.1080p.WEBRip.x265-RARBG/White.Collar.S06E04.1080p.WEBRip.x265-RARBG.mp4,6,4,1358522,data/encodings/1358522/1358522_S06E04_15120_0.npy
709,1080,1920,0,1032,1384,279,632,124256,0.06,15144,/home/amos/media/tv/White.Collar.S01-S06.1080p.BluRay.x265-RARBG/White.Collar.S06.1080p.WEBRip.x265-RARBG/White.Collar.S06E04.1080p.WEBRip.x265-RARBG.mp4,6,4,1358522,data/encodings/1358522/1358522_S06E04_15144_0.npy
710,1080,1920,0,1120,1413,225,519,86142,0.042,15168,/home/amos/media/tv/White.Collar.S01-S06.1080p.BluRay.x265-RARBG/White.Collar.S06.1080p.WEBRip.x265-RARBG/White.Collar.S06E04.1080p.WEBRip.x265-RARBG.mp4,6,4,1358522,data/encodings/1358522/1358522_S06E04_15168_0.npy
711,1080,1920,0,707,952,156,401,60025,0.029,15192,/home/amos/media/tv/White.Collar.S01-S06.1080p.BluRay.x265-RARBG/White.Collar.S06.1080p.WEBRip.x265-RARBG/White.Collar.S06E04.1080p.WEBRip.x265-RARBG.mp4,6,4,1358522,data/encodings/1358522/1358522_S06E04_15192_0.npy
712,1080,1920,1,1342,1546,429,633,41616,0.02,15192,/home/amos/media/tv/White.Collar.S01-S06.1080p.BluRay.x265-RARBG/White.Collar.S06.1080p.WEBRip.x265-RARBG/White.Collar.S06E04.1080p.WEBRip.x265-RARBG.mp4,6,4,1358522,data/encodings/1358522/1358522_S06E04_15192_1.npy
713,1080,1920,0,1326,1571,429,673,59780,0.029,15216,/home/amos/media/tv/White.Collar.S01-S06.1080p.BluRay.x265-RARBG/White.Collar.S06.1080p.WEBRip.x265-RARBG/White.Collar.S06E04.1080p.WEBRip.x265-RARBG.mp4,6,4,1358522,data/encodings/1358522/1358522_S06E04_15216_0.npy
714,1080,1920,1,723,927,120,324,41616,0.02,15216,/home/amos/media/tv/White.Collar.S01-S06.1080p.BluRay.x265-RARBG/White.Collar.S06.1080p.WEBRip.x265-RARBG/White.Collar.S06E04.1080p.WEBRip.x265-RARBG.mp4,6,4,1358522,data/encodings/1358522/1358522_S06E04_15216_1.npy
715,1080,1920,2,169,592,89,512,178929,0.086,15216,/home/amos/media/tv/White.Collar.S01-S06.1080p.BluRay.x265-RARBG/White.Collar.S06.1080p.WEBRip.x265-RARBG/White.Collar.S06E04.1080p.WEBRip.x265-RARBG.mp4,6,4,1358522,data/encodings/1358522/1358522_S06E04_15216_2.npy
716,1080,1920,0,819,989,130,299,28730,0.014,15240,/home/amos/media/tv/White.Collar.S01-S06.1080p.BluRay.x265-RARBG/White.Collar.S06.1080p.WEBRip.x265-RARBG/White.Collar.S06E04.1080p.WEBRip.x265-RARBG.mp4,6,4,1358522,data/encodings/1358522/1358522_S06E04_15240_0.npy
717,1080,1920,0,819,989,147,317,28900,0.014,15264,/home/amos/media/tv/White.Collar.S01-S06.1080p.BluRay.x265-RARBG/White.Collar.S06.1080p.WEBRip.x265-RARBG/White.Collar.S06E04.1080p.WEBRip.x265-RARBG.mp4,6,4,1358522,data/encodings/1358522/1358522_S06E04_15264_0.npy
718,1080,1920,0,826,1030,161,365,41616,0.02,15288,/home/amos/media/tv/White.Collar.S01-S06.1080p.BluRay.x265-RARBG/White.Collar.S06.1080p.WEBRip.x265-RARBG/White.Collar.S06E04.1080p.WEBRip.x265-RARBG.mp4,6,4,1358522,data/encodings/1358522/1358522_S06E04_15288_0.npy
719,1080,1920,0,1150,1443,225,519,86142,0.042,15312,/home/amos/media/tv/White.Collar.S01-S06.1080p.BluRay.x265-RARBG/White.Collar.S06.1080p.WEBRip.x265-RARBG/White.Collar.S06E04.1080p.WEBRip.x265-RARBG.mp4,6,4,1358522,data/encodings/1358522/1358522_S06E04_15312_0.npy
720,1080,1920,0,1277,1521,305,550,59780,0.029,15336,/home/amos/media/tv/White.Collar.S01-S06.1080p.BluRay.x265-RARBG/White.Collar.S06.1080p.WEBRip.x265-RARBG/White.Collar.S06E04.1080p.WEBRip.x265-RARBG.mp4,6,4,1358522,data/encodings/1358522/1358522_S06E04_15336_0.npy
721,1080,1920,0,1227,1472,330,574,59780,0.029,15360,/home/amos/media/tv/White.Collar.S01-S06.1080p.BluRay.x265-RARBG/White.Collar.S06.1080p.WEBRip.x265-RARBG/White.Collar.S06E04.1080p.WEBRip.x265-RARBG.mp4,6,4,1358522,data/encodings/1358522/1358522_S06E04_15360_0.npy
722,1080,1920,0,1179,1473,314,608,86436,0.042,15384,/home/amos/media/tv/White.Collar.S01-S06.1080p.BluRay.x265-RARBG/White.Collar.S06.1080p.WEBRip.x265-RARBG/White.Collar.S06E04.1080p.WEBRip.x265-RARBG.mp4,6,4,1358522,data/encodings/1358522/1358522_S06E04_15384_0.npy
723,1080,1920,0,925,1277,137,489,123904,0.06,15408,/home/amos/media/tv/White.Collar.S01-S06.1080p.BluRay.x265-RARBG/White.Collar.S06.1080p.WEBRip.x265-RARBG/White.Collar.S06E04.1080p.WEBRip.x265-RARBG.mp4,6,4,1358522,data/encodings/1358522/1358522_S06E04_15408_0.npy
724,1080,1920,0,890,1242,172,525,124256,0.06,15432,/home/amos/media/tv/White.Collar.S01-S06.1080p.BluRay.x265-RARBG/White.Collar.S06.1080p.WEBRip.x265-RARBG/White.Collar.S06E04.1080p.WEBRip.x265-RARBG.mp4,6,4,1358522,data/encodings/1358522/1358522_S06E04_15432_0.npy
725,1080,1920,0,897,1319,218,640,178084,0.086,15456,/home/amos/media/tv/White.Collar.S01-S06.1080p.BluRay.x265-RARBG/White.Collar.S06.1080p.WEBRip.x265-RARBG/White.Collar.S06E04.1080p.WEBRip.x265-RARBG.mp4,6,4,1358522,data/encodings/1358522/1358522_S06E04_15456_0.npy
726,1080,1920,0,888,1058,284,454,28900,0.014,15528,/home/amos/media/tv/White.Collar.S01-S06.1080p.BluRay.x265-RARBG/White.Collar.S06.1080p.WEBRip.x265-RARBG/White.Collar.S06E04.1080p.WEBRip.x265-RARBG.mp4,6,4,1358522,data/encodings/1358522/1358522_S06E04_15528_0.npy
727,1080,1920,0,744,947,264,468,41412,0.02,15552,/home/amos/media/tv/White.Collar.S01-S06.1080p.BluRay.x265-RARBG/White.Collar.S06.1080p.WEBRip.x265-RARBG/White.Collar.S06E04.1080p.WEBRip.x265-RARBG.mp4,6,4,1358522,data/encodings/1358522/1358522_S06E04_15552_0.npy
728,1080,1920,0,756,1001,330,574,59780,0.029,15576,/home/amos/media/tv/White.Collar.S01-S06.1080p.BluRay.x265-RARBG/White.Collar.S06.1080p.WEBRip.x265-RARBG/White.Collar.S06E04.1080p.WEBRip.x265-RARBG.mp4,6,4,1358522,data/encodings/1358522/1358522_S06E04_15576_0.npy
729,1080,1920,0,744,947,202,406,41412,0.02,15600,/home/amos/media/tv/White.Collar.S01-S06.1080p.BluRay.x265-RARBG/White.Collar.S06.1080p.WEBRip.x265-RARBG/White.Collar.S06E04.1080p.WEBRip.x265-RARBG.mp4,6,4,1358522,data/encodings/1358522/1358522_S06E04_15600_0.npy
730,1080,1920,1,1321,1525,429,633,41616,0.02,15600,/home/amos/media/tv/White.Collar.S01-S06.1080p.BluRay.x265-RARBG/White.Collar.S06.1080p.WEBRip.x265-RARBG/White.Collar.S06E04.1080p.WEBRip.x265-RARBG.mp4,6,4,1358522,data/encodings/1358522/1358522_S06E04_15600_1.npy
731,1080,1920,0,707,952,206,450,59780,0.029,15624,/home/amos/media/tv/White.Collar.S01-S06.1080p.BluRay.x265-RARBG/White.Collar.S06.1080p.WEBRip.x265-RARBG/White.Collar.S06E04.1080p.WEBRip.x265-RARBG.mp4,6,4,1358522,data/encodings/1358522/1358522_S06E04_15624_0.npy
732,1080,1920,1,1215,1385,508,678,28900,0.014,15624,/home/amos/media/tv/White.Collar.S01-S06.1080p.BluRay.x265-RARBG/White.Collar.S06.1080p.WEBRip.x265-RARBG/White.Collar.S06E04.1080p.WEBRip.x265-RARBG.mp4,6,4,1358522,data/encodings/1358522/1358522_S06E04_15624_1.npy
733,1080,1920,0,1015,1097,478,559,6642,0.003,15648,/home/amos/media/tv/White.Collar.S01-S06.1080p.BluRay.x265-RARBG/White.Collar.S06.1080p.WEBRip.x265-RARBG/White.Collar.S06E04.1080p.WEBRip.x265-RARBG.mp4,6,4,1358522,data/encodings/1358522/1358522_S06E04_15648_0.npy
734,1080,1920,1,1148,1230,552,634,6724,0.003,15648,/home/amos/media/tv/White.Collar.S01-S06.1080p.BluRay.x265-RARBG/White.Collar.S06.1080p.WEBRip.x265-RARBG/White.Collar.S06E04.1080p.WEBRip.x265-RARBG.mp4,6,4,1358522,data/encodings/1358522/1358522_S06E04_15648_1.npy
735,1080,1920,2,1256,1338,594,676,6724,0.003,15648,/home/amos/media/tv/White.Collar.S01-S06.1080p.BluRay.x265-RARBG/White.Collar.S06.1080p.WEBRip.x265-RARBG/White.Collar.S06E04.1080p.WEBRip.x265-RARBG.mp4,6,4,1358522,data/encodings/1358522/1358522_S06E04_15648_2.npy
736,1080,1920,0,1048,1130,519,601,6724,0.003,15672,/home/amos/media/tv/White.Collar.S01-S06.1080p.BluRay.x265-RARBG/White.Collar.S06.1080p.WEBRip.x265-RARBG/White.Collar.S06E04.1080p.WEBRip.x265-RARBG.mp4,6,4,1358522,data/encodings/1358522/1358522_S06E04_15672_0.npy
737,1080,1920,1,1181,1263,585,667,6724,0.003,15672,/home/amos/media/tv/White.Collar.S01-S06.1080p.BluRay.x265-RARBG/White.Collar.S06.1080p.WEBRip.x265-RARBG/White.Collar.S06E04.1080p.WEBRip.x265-RARBG.mp4,6,4,1358522,data/encodings/1358522/1358522_S06E04_15672_1.npy
738,1080,1920,2,1289,1371,635,717,6724,0.003,15672,/home/amos/media/tv/White.Collar.S01-S06.1080p.BluRay.x265-RARBG/White.Collar.S06.1080p.WEBRip.x265-RARBG/White.Collar.S06E04.1080p.WEBRip.x265-RARBG.mp4,6,4,1358522,data/encodings/1358522/1358522_S06E04_15672_2.npy
739,1080,1920,0,1139,1491,351,703,123904,0.06,15696,/home/amos/media/tv/White.Collar.S01-S06.1080p.BluRay.x265-RARBG/White.Collar.S06.1080p.WEBRip.x265-RARBG/White.Collar.S06E04.1080p.WEBRip.x265-RARBG.mp4,6,4,1358522,data/encodings/1358522/1358522_S06E04_15696_0.npy
740,1080,1920,0,1102,1609,262,769,257049,0.124,15720,/home/amos/media/tv/White.Collar.S01-S06.1080p.BluRay.x265-RARBG/White.Collar.S06.1080p.WEBRip.x265-RARBG/White.Collar.S06E04.1080p.WEBRip.x265-RARBG.mp4,6,4,1358522,data/encodings/1358522/1358522_S06E04_15720_0.npy
741,1080,1920,0,1154,1576,303,726,178506,0.086,15744,/home/amos/media/tv/White.Collar.S01-S06.1080p.BluRay.x265-RARBG/White.Collar.S06.1080p.WEBRip.x265-RARBG/White.Collar.S06E04.1080p.WEBRip.x265-RARBG.mp4,6,4,1358522,data/encodings/1358522/1358522_S06E04_15744_0.npy
742,1080,1920,0,707,952,181,426,60025,0.029,15768,/home/amos/media/tv/White.Collar.S01-S06.1080p.BluRay.x265-RARBG/White.Collar.S06.1080p.WEBRip.x265-RARBG/White.Collar.S06E04.1080p.WEBRip.x265-RARBG.mp4,6,4,1358522,data/encodings/1358522/1358522_S06E04_15768_0.npy
743,1080,1920,1,1198,1401,471,674,41209,0.02,15768,/home/amos/media/tv/White.Collar.S01-S06.1080p.BluRay.x265-RARBG/White.Collar.S06.1080p.WEBRip.x265-RARBG/White.Collar.S06E04.1080p.WEBRip.x265-RARBG.mp4,6,4,1358522,data/encodings/1358522/1358522_S06E04_15768_1.npy
744,1080,1920,0,1031,1324,136,429,85849,0.041,15792,/home/amos/media/tv/White.Collar.S01-S06.1080p.BluRay.x265-RARBG/White.Collar.S06.1080p.WEBRip.x265-RARBG/White.Collar.S06E04.1080p.WEBRip.x265-RARBG.mp4,6,4,1358522,data/encodings/1358522/1358522_S06E04_15792_0.npy
745,1080,1920,0,1031,1324,136,429,85849,0.041,15816,/home/amos/media/tv/White.Collar.S01-S06.1080p.BluRay.x265-RARBG/White.Collar.S06.1080p.WEBRip.x265-RARBG/White.Collar.S06E04.1080p.WEBRip.x265-RARBG.mp4,6,4,1358522,data/encodings/1358522/1358522_S06E04_15816_0.npy
746,1080,1920,0,1128,1373,181,426,60025,0.029,15840,/home/amos/media/tv/White.Collar.S01-S06.1080p.BluRay.x265-RARBG/White.Collar.S06.1080p.WEBRip.x265-RARBG/White.Collar.S06E04.1080p.WEBRip.x265-RARBG.mp4,6,4,1358522,data/encodings/1358522/1358522_S06E04_15840_0.npy
747,1080,1920,0,766,848,245,327,6724,0.003,15864,/home/amos/media/tv/White.Collar.S01-S06.1080p.BluRay.x265-RARBG/White.Collar.S06.1080p.WEBRip.x265-RARBG/White.Collar.S06E04.1080p.WEBRip.x265-RARBG.mp4,6,4,1358522,data/encodings/1358522/1358522_S06E04_15864_0.npy
748,1080,1920,1,974,1056,320,402,6724,0.003,15864,/home/amos/media/tv/White.Collar.S01-S06.1080p.BluRay.x265-RARBG/White.Collar.S06.1080p.WEBRip.x265-RARBG/White.Collar.S06E04.1080p.WEBRip.x265-RARBG.mp4,6,4,1358522,data/encodings/1358522/1358522_S06E04_15864_1.npy
749,1080,1920,2,1376,1517,126,267,19881,0.01,15864,/home/amos/media/tv/White.Collar.S01-S06.1080p.BluRay.x265-RARBG/White.Collar.S06.1080p.WEBRip.x265-RARBG/White.Collar.S06E04.1080p.WEBRip.x265-RARBG.mp4,6,4,1358522,data/encodings/1358522/1358522_S06E04_15864_2.npy
750,1080,1920,0,974,1056,328,410,6724,0.003,15888,/home/amos/media/tv/White.Collar.S01-S06.1080p.BluRay.x265-RARBG/White.Collar.S06.1080p.WEBRip.x265-RARBG/White.Collar.S06E04.1080p.WEBRip.x265-RARBG.mp4,6,4,1358522,data/encodings/1358522/1358522_S06E04_15888_0.npy
751,1080,1920,1,766,848,237,319,6724,0.003,15888,/home/amos/media/tv/White.Collar.S01-S06.1080p.BluRay.x265-RARBG/White.Collar.S06.1080p.WEBRip.x265-RARBG/White.Collar.S06E04.1080p.WEBRip.x265-RARBG.mp4,6,4,1358522,data/encodings/1358522/1358522_S06E04_15888_1.npy
752,1080,1920,0,426,849,218,640,178506,0.086,15912,/home/amos/media/tv/White.Collar.S01-S06.1080p.BluRay.x265-RARBG/White.Collar.S06.1080p.WEBRip.x265-RARBG/White.Collar.S06E04.1080p.WEBRip.x265-RARBG.mp4,6,4,1358522,data/encodings/1358522/1358522_S06E04_15912_0.npy
753,1080,1920,0,462,814,386,739,124256,0.06,15936,/home/amos/media/tv/White.Collar.S01-S06.1080p.BluRay.x265-RARBG/White.Collar.S06.1080p.WEBRip.x265-RARBG/White.Collar.S06E04.1080p.WEBRip.x265-RARBG.mp4,6,4,1358522,data/encodings/1358522/1358522_S06E04_15936_0.npy
754,1080,1920,0,1054,1298,132,376,59536,0.029,15960,/home/amos/media/tv/White.Collar.S01-S06.1080p.BluRay.x265-RARBG/White.Collar.S06.1080p.WEBRip.x265-RARBG/White.Collar.S06E04.1080p.WEBRip.x265-RARBG.mp4,6,4,1358522,data/encodings/1358522/1358522_S06E04_15960_0.npy
755,1080,1920,0,711,1063,279,632,124256,0.06,15984,/home/amos/media/tv/White.Collar.S01-S06.1080p.BluRay.x265-RARBG/White.Collar.S06.1080p.WEBRip.x265-RARBG/White.Collar.S06E04.1080p.WEBRip.x265-RARBG.mp4,6,4,1358522,data/encodings/1358522/1358522_S06E04_15984_0.npy
756,1080,1920,0,640,992,315,667,123904,0.06,16008,/home/amos/media/tv/White.Collar.S01-S06.1080p.BluRay.x265-RARBG/White.Collar.S06.1080p.WEBRip.x265-RARBG/White.Collar.S06E04.1080p.WEBRip.x265-RARBG.mp4,6,4,1358522,data/encodings/1358522/1358522_S06E04_16008_0.npy
757,1080,1920,0,512,934,261,683,178084,0.086,16032,/home/amos/media/tv/White.Collar.S01-S06.1080p.BluRay.x265-RARBG/White.Collar.S06.1080p.WEBRip.x265-RARBG/White.Collar.S06E04.1080p.WEBRip.x265-RARBG.mp4,6,4,1358522,data/encodings/1358522/1358522_S06E04_16032_0.npy
758,1080,1920,0,497,849,279,632,124256,0.06,16056,/home/amos/media/tv/White.Collar.S01-S06.1080p.BluRay.x265-RARBG/White.Collar.S06.1080p.WEBRip.x265-RARBG/White.Collar.S06E04.1080p.WEBRip.x265-RARBG.mp4,6,4,1358522,data/encodings/1358522/1358522_S06E04_16056_0.npy
759,1080,1920,0,1061,1354,136,429,85849,0.041,16080,/home/amos/media/tv/White.Collar.S01-S06.1080p.BluRay.x265-RARBG/White.Collar.S06.1080p.WEBRip.x265-RARBG/White.Collar.S06E04.1080p.WEBRip.x265-RARBG.mp4,6,4,1358522,data/encodings/1358522/1358522_S06E04_16080_0.npy
760,1080,1920,0,1150,1443,136,429,85849,0.041,16104,/home/amos/media/tv/White.Collar.S01-S06.1080p.BluRay.x265-RARBG/White.Collar.S06.1080p.WEBRip.x265-RARBG/White.Collar.S06E04.1080p.WEBRip.x265-RARBG.mp4,6,4,1358522,data/encodings/1358522/1358522_S06E04_16104_0.npy
761,1080,1920,0,1078,1323,181,426,60025,0.029,16128,/home/amos/media/tv/White.Collar.S01-S06.1080p.BluRay.x265-RARBG/White.Collar.S06.1080p.WEBRip.x265-RARBG/White.Collar.S06E04.1080p.WEBRip.x265-RARBG.mp4,6,4,1358522,data/encodings/1358522/1358522_S06E04_16128_0.npy
762,1080,1920,0,721,768,177,225,2256,0.001,16296,/home/amos/media/tv/White.Collar.S01-S06.1080p.BluRay.x265-RARBG/White.Collar.S06.1080p.WEBRip.x265-RARBG/White.Collar.S06E04.1080p.WEBRip.x265-RARBG.mp4,6,4,1358522,data/encodings/1358522/1358522_S06E04_16296_0.npy
763,1080,1920,0,1170,1239,208,276,4692,0.002,16320,/home/amos/media/tv/White.Collar.S01-S06.1080p.BluRay.x265-RARBG/White.Collar.S06.1080p.WEBRip.x265-RARBG/White.Collar.S06E04.1080p.WEBRip.x265-RARBG.mp4,6,4,1358522,data/encodings/1358522/1358522_S06E04_16320_0.npy
764,1080,1920,1,1357,1396,305,345,1560,0.001,16320,/home/amos/media/tv/White.Collar.S01-S06.1080p.BluRay.x265-RARBG/White.Collar.S06.1080p.WEBRip.x265-RARBG/White.Collar.S06E04.1080p.WEBRip.x265-RARBG.mp4,6,4,1358522,data/encodings/1358522/1358522_S06E04_16320_1.npy
765,1080,1920,2,1292,1340,273,321,2304,0.001,16320,/home/amos/media/tv/White.Collar.S01-S06.1080p.BluRay.x265-RARBG/White.Collar.S06.1080p.WEBRip.x265-RARBG/White.Collar.S06E04.1080p.WEBRip.x265-RARBG.mp4,6,4,1358522,data/encodings/1358522/1358522_S06E04_16320_2.npy
766,1080,1920,0,1143,1211,215,283,4624,0.002,16344,/home/amos/media/tv/White.Collar.S01-S06.1080p.BluRay.x265-RARBG/White.Collar.S06.1080p.WEBRip.x265-RARBG/White.Collar.S06E04.1080p.WEBRip.x265-RARBG.mp4,6,4,1358522,data/encodings/1358522/1358522_S06E04_16344_0.npy
767,1080,1920,1,338,508,181,351,28900,0.014,16344,/home/amos/media/tv/White.Collar.S01-S06.1080p.BluRay.x265-RARBG/White.Collar.S06.1080p.WEBRip.x265-RARBG/White.Collar.S06E04.1080p.WEBRip.x265-RARBG.mp4,6,4,1358522,data/encodings/1358522/1358522_S06E04_16344_1.npy
768,1080,1920,2,1329,1368,313,353,1560,0.001,16344,/home/amos/media/tv/White.Collar.S01-S06.1080p.BluRay.x265-RARBG/White.Collar.S06.1080p.WEBRip.x265-RARBG/White.Collar.S06E04.1080p.WEBRip.x265-RARBG.mp4,6,4,1358522,data/encodings/1358522/1358522_S06E04_16344_2.npy
769,1080,1920,3,776,845,125,193,4692,0.002,16344,/home/amos/media/tv/White.Collar.S01-S06.1080p.BluRay.x265-RARBG/White.Collar.S06.1080p.WEBRip.x265-RARBG/White.Collar.S06E04.1080p.WEBRip.x265-RARBG.mp4,6,4,1358522,data/encodings/1358522/1358522_S06E04_16344_3.npy
770,1080,1920,4,1269,1308,285,325,1560,0.001,16344,/home/amos/media/tv/White.Collar.S01-S06.1080p.BluRay.x265-RARBG/White.Collar.S06.1080p.WEBRip.x265-RARBG/White.Collar.S06E04.1080p.WEBRip.x265-RARBG.mp4,6,4,1358522,data/encodings/1358522/1358522_S06E04_16344_4.npy
771,1080,1920,5,1119,1167,408,455,2256,0.001,16344,/home/amos/media/tv/White.Collar.S01-S06.1080p.BluRay.x265-RARBG/White.Collar.S06.1080p.WEBRip.x265-RARBG/White.Collar.S06E04.1080p.WEBRip.x265-RARBG.mp4,6,4,1358522,data/encodings/1358522/1358522_S06E04_16344_5.npy
772,1080,1920,0,1150,1218,221,290,4692,0.002,16368,/home/amos/media/tv/White.Collar.S01-S06.1080p.BluRay.x265-RARBG/White.Collar.S06.1080p.WEBRip.x265-RARBG/White.Collar.S06E04.1080p.WEBRip.x265-RARBG.mp4,6,4,1358522,data/encodings/1358522/1358522_S06E04_16368_0.npy
773,1080,1920,1,234,404,181,351,28900,0.014,16368,/home/amos/media/tv/White.Collar.S01-S06.1080p.BluRay.x265-RARBG/White.Collar.S06.1080p.WEBRip.x265-RARBG/White.Collar.S06E04.1080p.WEBRip.x265-RARBG.mp4,6,4,1358522,data/encodings/1358522/1358522_S06E04_16368_1.npy
774,1080,1920,2,1337,1376,321,361,1560,0.001,16368,/home/amos/media/tv/White.Collar.S01-S06.1080p.BluRay.x265-RARBG/White.Collar.S06.1080p.WEBRip.x265-RARBG/White.Collar.S06E04.1080p.WEBRip.x265-RARBG.mp4,6,4,1358522,data/encodings/1358522/1358522_S06E04_16368_2.npy
775,1080,1920,3,1277,1316,297,337,1560,0.001,16368,/home/amos/media/tv/White.Collar.S01-S06.1080p.BluRay.x265-RARBG/White.Collar.S06.1080p.WEBRip.x265-RARBG/White.Collar.S06E04.1080p.WEBRip.x265-RARBG.mp4,6,4,1358522,data/encodings/1358522/1358522_S06E04_16368_3.npy
776,1080,1920,4,912,969,166,222,3192,0.002,16368,/home/amos/media/tv/White.Collar.S01-S06.1080p.BluRay.x265-RARBG/White.Collar.S06.1080p.WEBRip.x265-RARBG/White.Collar.S06E04.1080p.WEBRip.x265-RARBG.mp4,6,4,1358522,data/encodings/1358522/1358522_S06E04_16368_4.npy
777,1080,1920,5,802,859,143,199,3192,0.002,16368,/home/amos/media/tv/White.Collar.S01-S06.1080p.BluRay.x265-RARBG/White.Collar.S06.1080p.WEBRip.x265-RARBG/White.Collar.S06E04.1080p.WEBRip.x265-RARBG.mp4,6,4,1358522,data/encodings/1358522/1358522_S06E04_16368_5.npy
778,1080,1920,6,1119,1167,417,465,2304,0.001,16368,/home/amos/media/tv/White.Collar.S01-S06.1080p.BluRay.x265-RARBG/White.Collar.S06.1080p.WEBRip.x265-RARBG/White.Collar.S06E04.1080p.WEBRip.x265-RARBG.mp4,6,4,1358522,data/encodings/1358522/1358522_S06E04_16368_6.npy
779,1080,1920,0,1157,1225,249,317,4624,0.002,16392,/home/amos/media/tv/White.Collar.S01-S06.1080p.BluRay.x265-RARBG/White.Collar.S06.1080p.WEBRip.x265-RARBG/White.Collar.S06E04.1080p.WEBRip.x265-RARBG.mp4,6,4,1358522,data/encodings/1358522/1358522_S06E04_16392_0.npy
780,1080,1920,1,148,318,216,385,28730,0.014,16392,/home/amos/media/tv/White.Collar.S01-S06.1080p.BluRay.x265-RARBG/White.Collar.S06.1080p.WEBRip.x265-RARBG/White.Collar.S06E04.1080p.WEBRip.x265-RARBG.mp4,6,4,1358522,data/encodings/1358522/1358522_S06E04_16392_1.npy
781,1080,1920,2,1335,1383,340,388,2304,0.001,16392,/home/amos/media/tv/White.Collar.S01-S06.1080p.BluRay.x265-RARBG/White.Collar.S06.1080p.WEBRip.x265-RARBG/White.Collar.S06E04.1080p.WEBRip.x265-RARBG.mp4,6,4,1358522,data/encodings/1358522/1358522_S06E04_16392_2.npy
782,1080,1920,3,1281,1320,321,361,1560,0.001,16392,/home/amos/media/tv/White.Collar.S01-S06.1080p.BluRay.x265-RARBG/White.Collar.S06.1080p.WEBRip.x265-RARBG/White.Collar.S06E04.1080p.WEBRip.x265-RARBG.mp4,6,4,1358522,data/encodings/1358522/1358522_S06E04_16392_3.npy
783,1080,1920,4,797,865,159,227,4624,0.002,16392,/home/amos/media/tv/White.Collar.S01-S06.1080p.BluRay.x265-RARBG/White.Collar.S06.1080p.WEBRip.x265-RARBG/White.Collar.S06E04.1080p.WEBRip.x265-RARBG.mp4,6,4,1358522,data/encodings/1358522/1358522_S06E04_16392_4.npy
784,1080,1920,5,1602,1700,297,395,9604,0.005,16392,/home/amos/media/tv/White.Collar.S01-S06.1080p.BluRay.x265-RARBG/White.Collar.S06.1080p.WEBRip.x265-RARBG/White.Collar.S06E04.1080p.WEBRip.x265-RARBG.mp4,6,4,1358522,data/encodings/1358522/1358522_S06E04_16392_5.npy
785,1080,1920,6,901,969,180,248,4624,0.002,16392,/home/amos/media/tv/White.Collar.S01-S06.1080p.BluRay.x265-RARBG/White.Collar.S06.1080p.WEBRip.x265-RARBG/White.Collar.S06E04.1080p.WEBRip.x265-RARBG.mp4,6,4,1358522,data/encodings/1358522/1358522_S06E04_16392_6.npy
786,1080,1920,0,1150,1218,263,331,4624,0.002,16416,/home/amos/media/tv/White.Collar.S01-S06.1080p.BluRay.x265-RARBG/White.Collar.S06.1080p.WEBRip.x265-RARBG/White.Collar.S06E04.1080p.WEBRip.x265-RARBG.mp4,6,4,1358522,data/encodings/1358522/1358522_S06E04_16416_0.npy
787,1080,1920,1,80,250,250,420,28900,0.014,16416,/home/amos/media/tv/White.Collar.S01-S06.1080p.BluRay.x265-RARBG/White.Collar.S06.1080p.WEBRip.x265-RARBG/White.Collar.S06E04.1080p.WEBRip.x265-RARBG.mp4,6,4,1358522,data/encodings/1358522/1358522_S06E04_16416_1.npy
788,1080,1920,2,1337,1376,361,401,1560,0.001,16416,/home/amos/media/tv/White.Collar.S01-S06.1080p.BluRay.x265-RARBG/White.Collar.S06.1080p.WEBRip.x265-RARBG/White.Collar.S06E04.1080p.WEBRip.x265-RARBG.mp4,6,4,1358522,data/encodings/1358522/1358522_S06E04_16416_2.npy
789,1080,1920,3,1273,1320,331,378,2209,0.001,16416,/home/amos/media/tv/White.Collar.S01-S06.1080p.BluRay.x265-RARBG/White.Collar.S06.1080p.WEBRip.x265-RARBG/White.Collar.S06E04.1080p.WEBRip.x265-RARBG.mp4,6,4,1358522,data/encodings/1358522/1358522_S06E04_16416_3.npy
790,1080,1920,4,894,962,194,262,4624,0.002,16416,/home/amos/media/tv/White.Collar.S01-S06.1080p.BluRay.x265-RARBG/White.Collar.S06.1080p.WEBRip.x265-RARBG/White.Collar.S06E04.1080p.WEBRip.x265-RARBG.mp4,6,4,1358522,data/encodings/1358522/1358522_S06E04_16416_4.npy
791,1080,1920,5,1602,1700,307,405,9604,0.005,16416,/home/amos/media/tv/White.Collar.S01-S06.1080p.BluRay.x265-RARBG/White.Collar.S06.1080p.WEBRip.x265-RARBG/White.Collar.S06E04.1080p.WEBRip.x265-RARBG.mp4,6,4,1358522,data/encodings/1358522/1358522_S06E04_16416_5.npy
792,1080,1920,6,785,842,183,240,3249,0.002,16416,/home/amos/media/tv/White.Collar.S01-S06.1080p.BluRay.x265-RARBG/White.Collar.S06.1080p.WEBRip.x265-RARBG/White.Collar.S06E04.1080p.WEBRip.x265-RARBG.mp4,6,4,1358522,data/encodings/1358522/1358522_S06E04_16416_6.npy
793,1080,1920,7,1110,1157,456,503,2209,0.001,16416,/home/amos/media/tv/White.Collar.S01-S06.1080p.BluRay.x265-RARBG/White.Collar.S06.1080p.WEBRip.x265-RARBG/White.Collar.S06E04.1080p.WEBRip.x265-RARBG.mp4,6,4,1358522,data/encodings/1358522/1358522_S06E04_16416_7.npy
794,1080,1920,0,608,852,206,450,59536,0.029,16440,/home/amos/media/tv/White.Collar.S01-S06.1080p.BluRay.x265-RARBG/White.Collar.S06.1080p.WEBRip.x265-RARBG/White.Collar.S06E04.1080p.WEBRip.x265-RARBG.mp4,6,4,1358522,data/encodings/1358522/1358522_S06E04_16440_0.npy
795,1080,1920,1,1178,1422,280,525,59780,0.029,16440,/home/amos/media/tv/White.Collar.S01-S06.1080p.BluRay.x265-RARBG/White.Collar.S06.1080p.WEBRip.x265-RARBG/White.Collar.S06E04.1080p.WEBRip.x265-RARBG.mp4,6,4,1358522,data/encodings/1358522/1358522_S06E04_16440_1.npy
796,1080,1920,0,979,1224,355,599,59780,0.029,16464,/home/amos/media/tv/White.Collar.S01-S06.1080p.BluRay.x265-RARBG/White.Collar.S06.1080p.WEBRip.x265-RARBG/White.Collar.S06E04.1080p.WEBRip.x265-RARBG.mp4,6,4,1358522,data/encodings/1358522/1358522_S06E04_16464_0.npy
797,1080,1920,0,979,1224,355,599,59780,0.029,16488,/home/amos/media/tv/White.Collar.S01-S06.1080p.BluRay.x265-RARBG/White.Collar.S06.1080p.WEBRip.x265-RARBG/White.Collar.S06E04.1080p.WEBRip.x265-RARBG.mp4,6,4,1358522,data/encodings/1358522/1358522_S06E04_16488_0.npy
798,1080,1920,0,979,1224,330,574,59780,0.029,16512,/home/amos/media/tv/White.Collar.S01-S06.1080p.BluRay.x265-RARBG/White.Collar.S06.1080p.WEBRip.x265-RARBG/White.Collar.S06E04.1080p.WEBRip.x265-RARBG.mp4,6,4,1358522,data/encodings/1358522/1358522_S06E04_16512_0.npy
799,1080,1920,0,1004,1249,379,624,60025,0.029,16536,/home/amos/media/tv/White.Collar.S01-S06.1080p.BluRay.x265-RARBG/White.Collar.S06.1080p.WEBRip.x265-RARBG/White.Collar.S06E04.1080p.WEBRip.x265-RARBG.mp4,6,4,1358522,data/encodings/1358522/1358522_S06E04_16536_0.npy
800,1080,1920,0,1029,1273,330,574,59536,0.029,16560,/home/amos/media/tv/White.Collar.S01-S06.1080p.BluRay.x265-RARBG/White.Collar.S06.1080p.WEBRip.x265-RARBG/White.Collar.S06E04.1080p.WEBRip.x265-RARBG.mp4,6,4,1358522,data/encodings/1358522/1358522_S06E04_16560_0.npy
801,1080,1920,1,459,704,181,426,60025,0.029,16560,/home/amos/media/tv/White.Collar.S01-S06.1080p.BluRay.x265-RARBG/White.Collar.S06.1080p.WEBRip.x265-RARBG/White.Collar.S06E04.1080p.WEBRip.x265-RARBG.mp4,6,4,1358522,data/encodings/1358522/1358522_S06E04_16560_1.npy
802,1080,1920,0,955,1199,429,673,59536,0.029,16584,/home/amos/media/tv/White.Collar.S01-S06.1080p.BluRay.x265-RARBG/White.Collar.S06.1080p.WEBRip.x265-RARBG/White.Collar.S06E04.1080p.WEBRip.x265-RARBG.mp4,6,4,1358522,data/encodings/1358522/1358522_S06E04_16584_0.npy
803,1080,1920,1,410,654,181,426,59780,0.029,16584,/home/amos/media/tv/White.Collar.S01-S06.1080p.BluRay.x265-RARBG/White.Collar.S06.1080p.WEBRip.x265-RARBG/White.Collar.S06E04.1080p.WEBRip.x265-RARBG.mp4,6,4,1358522,data/encodings/1358522/1358522_S06E04_16584_1.npy
804,1080,1920,0,537,741,161,365,41616,0.02,16608,/home/amos/media/tv/White.Collar.S01-S06.1080p.BluRay.x265-RARBG/White.Collar.S06.1080p.WEBRip.x265-RARBG/White.Collar.S06E04.1080p.WEBRip.x265-RARBG.mp4,6,4,1358522,data/encodings/1358522/1358522_S06E04_16608_0.npy
805,1080,1920,1,1033,1236,264,468,41412,0.02,16608,/home/amos/media/tv/White.Collar.S01-S06.1080p.BluRay.x265-RARBG/White.Collar.S06.1080p.WEBRip.x265-RARBG/White.Collar.S06E04.1080p.WEBRip.x265-RARBG.mp4,6,4,1358522,data/encodings/1358522/1358522_S06E04_16608_1.npy
806,1080,1920,0,469,891,475,897,178084,0.086,16632,/home/amos/media/tv/White.Collar.S01-S06.1080p.BluRay.x265-RARBG/White.Collar.S06.1080p.WEBRip.x265-RARBG/White.Collar.S06E04.1080p.WEBRip.x265-RARBG.mp4,6,4,1358522,data/encodings/1358522/1358522_S06E04_16632_0.npy
807,1080,1920,1,1202,1447,503,748,60025,0.029,16632,/home/amos/media/tv/White.Collar.S01-S06.1080p.BluRay.x265-RARBG/White.Collar.S06.1080p.WEBRip.x265-RARBG/White.Collar.S06E04.1080p.WEBRip.x265-RARBG.mp4,6,4,1358522,data/encodings/1358522/1358522_S06E04_16632_1.npy
808,1080,1920,0,798,916,375,493,13924,0.007,16656,/home/amos/media/tv/White.Collar.S01-S06.1080p.BluRay.x265-RARBG/White.Collar.S06.1080p.WEBRip.x265-RARBG/White.Collar.S06E04.1080p.WEBRip.x265-RARBG.mp4,6,4,1358522,data/encodings/1358522/1358522_S06E04_16656_0.npy
809,1080,1920,0,940,1362,432,854,178084,0.086,16680,/home/amos/media/tv/White.Collar.S01-S06.1080p.BluRay.x265-RARBG/White.Collar.S06.1080p.WEBRip.x265-RARBG/White.Collar.S06E04.1080p.WEBRip.x265-RARBG.mp4,6,4,1358522,data/encodings/1358522/1358522_S06E04_16680_0.npy
810,1080,1920,1,496,700,223,427,41616,0.02,16680,/home/amos/media/tv/White.Collar.S01-S06.1080p.BluRay.x265-RARBG/White.Collar.S06.1080p.WEBRip.x265-RARBG/White.Collar.S06E04.1080p.WEBRip.x265-RARBG.mp4,6,4,1358522,data/encodings/1358522/1358522_S06E04_16680_1.npy
811,1080,1920,2,1326,1571,404,649,60025,0.029,16680,/home/amos/media/tv/White.Collar.S01-S06.1080p.BluRay.x265-RARBG/White.Collar.S06.1080p.WEBRip.x265-RARBG/White.Collar.S06E04.1080p.WEBRip.x265-RARBG.mp4,6,4,1358522,data/encodings/1358522/1358522_S06E04_16680_2.npy
812,1080,1920,0,534,778,206,450,59536,0.029,16704,/home/amos/media/tv/White.Collar.S01-S06.1080p.BluRay.x265-RARBG/White.Collar.S06.1080p.WEBRip.x265-RARBG/White.Collar.S06E04.1080p.WEBRip.x265-RARBG.mp4,6,4,1358522,data/encodings/1358522/1358522_S06E04_16704_0.npy
813,1080,1920,1,1566,1859,403,697,86142,0.042,16704,/home/amos/media/tv/White.Collar.S01-S06.1080p.BluRay.x265-RARBG/White.Collar.S06.1080p.WEBRip.x265-RARBG/White.Collar.S06E04.1080p.WEBRip.x265-RARBG.mp4,6,4,1358522,data/encodings/1358522/1358522_S06E04_16704_1.npy
814,1080,1920,2,1054,1298,355,599,59536,0.029,16704,/home/amos/media/tv/White.Collar.S01-S06.1080p.BluRay.x265-RARBG/White.Collar.S06.1080p.WEBRip.x265-RARBG/White.Collar.S06E04.1080p.WEBRip.x265-RARBG.mp4,6,4,1358522,data/encodings/1358522/1358522_S06E04_16704_2.npy
815,1080,1920,0,484,729,156,401,60025,0.029,16752,/home/amos/media/tv/White.Collar.S01-S06.1080p.BluRay.x265-RARBG/White.Collar.S06.1080p.WEBRip.x265-RARBG/White.Collar.S06E04.1080p.WEBRip.x265-RARBG.mp4,6,4,1358522,data/encodings/1358522/1358522_S06E04_16752_0.npy
816,1080,1920,1,794,1301,364,872,257556,0.124,16752,/home/amos/media/tv/White.Collar.S01-S06.1080p.BluRay.x265-RARBG/White.Collar.S06.1080p.WEBRip.x265-RARBG/White.Collar.S06E04.1080p.WEBRip.x265-RARBG.mp4,6,4,1358522,data/encodings/1358522/1358522_S06E04_16752_1.npy
817,1080,1920,2,1202,1447,355,599,59780,0.029,16752,/home/amos/media/tv/White.Collar.S01-S06.1080p.BluRay.x265-RARBG/White.Collar.S06.1080p.WEBRip.x265-RARBG/White.Collar.S06E04.1080p.WEBRip.x265-RARBG.mp4,6,4,1358522,data/encodings/1358522/1358522_S06E04_16752_2.npy
818,1080,1920,0,794,1301,313,820,257049,0.124,16776,/home/amos/media/tv/White.Collar.S01-S06.1080p.BluRay.x265-RARBG/White.Collar.S06.1080p.WEBRip.x265-RARBG/White.Collar.S06E04.1080p.WEBRip.x265-RARBG.mp4,6,4,1358522,data/encodings/1358522/1358522_S06E04_16776_0.npy
819,1080,1920,1,1351,1595,305,550,59780,0.029,16776,/home/amos/media/tv/White.Collar.S01-S06.1080p.BluRay.x265-RARBG/White.Collar.S06.1080p.WEBRip.x265-RARBG/White.Collar.S06E04.1080p.WEBRip.x265-RARBG.mp4,6,4,1358522,data/encodings/1358522/1358522_S06E04_16776_1.npy
820,1080,1920,2,484,729,181,426,60025,0.029,16776,/home/amos/media/tv/White.Collar.S01-S06.1080p.BluRay.x265-RARBG/White.Collar.S06.1080p.WEBRip.x265-RARBG/White.Collar.S06E04.1080p.WEBRip.x265-RARBG.mp4,6,4,1358522,data/encodings/1358522/1358522_S06E04_16776_2.npy
821,1080,1920,0,794,1301,364,872,257556,0.124,16800,/home/amos/media/tv/White.Collar.S01-S06.1080p.BluRay.x265-RARBG/White.Collar.S06.1080p.WEBRip.x265-RARBG/White.Collar.S06E04.1080p.WEBRip.x265-RARBG.mp4,6,4,1358522,data/encodings/1358522/1358522_S06E04_16800_0.npy
822,1080,1920,1,484,729,181,426,60025,0.029,16800,/home/amos/media/tv/White.Collar.S01-S06.1080p.BluRay.x265-RARBG/White.Collar.S06.1080p.WEBRip.x265-RARBG/White.Collar.S06E04.1080p.WEBRip.x265-RARBG.mp4,6,4,1358522,data/encodings/1358522/1358522_S06E04_16800_1.npy
823,1080,1920,2,1301,1546,255,500,60025,0.029,16800,/home/amos/media/tv/White.Collar.S01-S06.1080p.BluRay.x265-RARBG/White.Collar.S06.1080p.WEBRip.x265-RARBG/White.Collar.S06E04.1080p.WEBRip.x265-RARBG.mp4,6,4,1358522,data/encodings/1358522/1358522_S06E04_16800_2.npy
824,1080,1920,0,484,729,231,475,59780,0.029,16824,/home/amos/media/tv/White.Collar.S01-S06.1080p.BluRay.x265-RARBG/White.Collar.S06.1080p.WEBRip.x265-RARBG/White.Collar.S06E04.1080p.WEBRip.x265-RARBG.mp4,6,4,1358522,data/encodings/1358522/1358522_S06E04_16824_0.npy
825,1080,1920,0,455,658,182,385,41209,0.02,16848,/home/amos/media/tv/White.Collar.S01-S06.1080p.BluRay.x265-RARBG/White.Collar.S06.1080p.WEBRip.x265-RARBG/White.Collar.S06E04.1080p.WEBRip.x265-RARBG.mp4,6,4,1358522,data/encodings/1358522/1358522_S06E04_16848_0.npy
826,1080,1920,1,1301,1505,306,509,41412,0.02,16848,/home/amos/media/tv/White.Collar.S01-S06.1080p.BluRay.x265-RARBG/White.Collar.S06.1080p.WEBRip.x265-RARBG/White.Collar.S06E04.1080p.WEBRip.x265-RARBG.mp4,6,4,1358522,data/encodings/1358522/1358522_S06E04_16848_1.npy
827,1080,1920,2,854,1277,389,812,178929,0.086,16848,/home/amos/media/tv/White.Collar.S01-S06.1080p.BluRay.x265-RARBG/White.Collar.S06.1080p.WEBRip.x265-RARBG/White.Collar.S06E04.1080p.WEBRip.x265-RARBG.mp4,6,4,1358522,data/encodings/1358522/1358522_S06E04_16848_2.npy
828,1080,1920,0,455,658,202,406,41412,0.02,16872,/home/amos/media/tv/White.Collar.S01-S06.1080p.BluRay.x265-RARBG/White.Collar.S06.1080p.WEBRip.x265-RARBG/White.Collar.S06E04.1080p.WEBRip.x265-RARBG.mp4,6,4,1358522,data/encodings/1358522/1358522_S06E04_16872_0.npy
829,1080,1920,1,794,1301,416,923,257049,0.124,16872,/home/amos/media/tv/White.Collar.S01-S06.1080p.BluRay.x265-RARBG/White.Collar.S06.1080p.WEBRip.x265-RARBG/White.Collar.S06E04.1080p.WEBRip.x265-RARBG.mp4,6,4,1358522,data/encodings/1358522/1358522_S06E04_16872_1.npy
830,1080,1920,2,1342,1546,306,509,41412,0.02,16872,/home/amos/media/tv/White.Collar.S01-S06.1080p.BluRay.x265-RARBG/White.Collar.S06.1080p.WEBRip.x265-RARBG/White.Collar.S06E04.1080p.WEBRip.x265-RARBG.mp4,6,4,1358522,data/encodings/1358522/1358522_S06E04_16872_2.npy
831,1080,1920,0,1289,1371,461,543,6724,0.003,16920,/home/amos/media/tv/White.Collar.S01-S06.1080p.BluRay.x265-RARBG/White.Collar.S06.1080p.WEBRip.x265-RARBG/White.Collar.S06E04.1080p.WEBRip.x265-RARBG.mp4,6,4,1358522,data/encodings/1358522/1358522_S06E04_16920_0.npy
832,1080,1920,0,1297,1379,461,543,6724,0.003,16944,/home/amos/media/tv/White.Collar.S01-S06.1080p.BluRay.x265-RARBG/White.Collar.S06.1080p.WEBRip.x265-RARBG/White.Collar.S06E04.1080p.WEBRip.x265-RARBG.mp4,6,4,1358522,data/encodings/1358522/1358522_S06E04_16944_0.npy
833,1080,1920,1,1361,1503,54,196,20164,0.01,16944,/home/amos/media/tv/White.Collar.S01-S06.1080p.BluRay.x265-RARBG/White.Collar.S06.1080p.WEBRip.x265-RARBG/White.Collar.S06E04.1080p.WEBRip.x265-RARBG.mp4,6,4,1358522,data/encodings/1358522/1358522_S06E04_16944_1.npy
834,1080,1920,0,1297,1379,461,543,6724,0.003,16968,/home/amos/media/tv/White.Collar.S01-S06.1080p.BluRay.x265-RARBG/White.Collar.S06.1080p.WEBRip.x265-RARBG/White.Collar.S06E04.1080p.WEBRip.x265-RARBG.mp4,6,4,1358522,data/encodings/1358522/1358522_S06E04_16968_0.npy
835,1080,1920,1,774,892,88,206,13924,0.007,16968,/home/amos/media/tv/White.Collar.S01-S06.1080p.BluRay.x265-RARBG/White.Collar.S06.1080p.WEBRip.x265-RARBG/White.Collar.S06E04.1080p.WEBRip.x265-RARBG.mp4,6,4,1358522,data/encodings/1358522/1358522_S06E04_16968_1.npy
836,1080,1920,2,0,88,536,634,8624,0.004,16968,/home/amos/media/tv/White.Collar.S01-S06.1080p.BluRay.x265-RARBG/White.Collar.S06.1080p.WEBRip.x265-RARBG/White.Collar.S06E04.1080p.WEBRip.x265-RARBG.mp4,6,4,1358522,data/encodings/1358522/1358522_S06E04_16968_2.npy
837,1080,1920,0,1163,1333,319,489,28900,0.014,16992,/home/amos/media/tv/White.Collar.S01-S06.1080p.BluRay.x265-RARBG/White.Collar.S06.1080p.WEBRip.x265-RARBG/White.Collar.S06E04.1080p.WEBRip.x265-RARBG.mp4,6,4,1358522,data/encodings/1358522/1358522_S06E04_16992_0.npy
838,1080,1920,1,475,679,367,571,41616,0.02,16992,/home/amos/media/tv/White.Collar.S01-S06.1080p.BluRay.x265-RARBG/White.Collar.S06.1080p.WEBRip.x265-RARBG/White.Collar.S06E04.1080p.WEBRip.x265-RARBG.mp4,6,4,1358522,data/encodings/1358522/1358522_S06E04_16992_1.npy
839,1080,1920,0,1175,1317,326,468,20164,0.01,17016,/home/amos/media/tv/White.Collar.S01-S06.1080p.BluRay.x265-RARBG/White.Collar.S06.1080p.WEBRip.x265-RARBG/White.Collar.S06E04.1080p.WEBRip.x265-RARBG.mp4,6,4,1358522,data/encodings/1358522/1358522_S06E04_17016_0.npy
840,1080,1920,1,458,628,353,523,28900,0.014,17016,/home/amos/media/tv/White.Collar.S01-S06.1080p.BluRay.x265-RARBG/White.Collar.S06.1080p.WEBRip.x265-RARBG/White.Collar.S06E04.1080p.WEBRip.x265-RARBG.mp4,6,4,1358522,data/encodings/1358522/1358522_S06E04_17016_1.npy
841,1080,1920,0,1204,1345,326,468,20022,0.01,17040,/home/amos/media/tv/White.Collar.S01-S06.1080p.BluRay.x265-RARBG/White.Collar.S06.1080p.WEBRip.x265-RARBG/White.Collar.S06E04.1080p.WEBRip.x265-RARBG.mp4,6,4,1358522,data/encodings/1358522/1358522_S06E04_17040_0.npy
842,1080,1920,0,1161,1302,341,482,19881,0.01,17064,/home/amos/media/tv/White.Collar.S01-S06.1080p.BluRay.x265-RARBG/White.Collar.S06.1080p.WEBRip.x265-RARBG/White.Collar.S06E04.1080p.WEBRip.x265-RARBG.mp4,6,4,1358522,data/encodings/1358522/1358522_S06E04_17064_0.npy
843,1080,1920,1,434,638,347,551,41616,0.02,17064,/home/amos/media/tv/White.Collar.S01-S06.1080p.BluRay.x265-RARBG/White.Collar.S06.1080p.WEBRip.x265-RARBG/White.Collar.S06E04.1080p.WEBRip.x265-RARBG.mp4,6,4,1358522,data/encodings/1358522/1358522_S06E04_17064_1.npy
844,1080,1920,0,1163,1333,302,471,28730,0.014,17088,/home/amos/media/tv/White.Collar.S01-S06.1080p.BluRay.x265-RARBG/White.Collar.S06.1080p.WEBRip.x265-RARBG/White.Collar.S06E04.1080p.WEBRip.x265-RARBG.mp4,6,4,1358522,data/encodings/1358522/1358522_S06E04_17088_0.npy
845,1080,1920,0,1163,1333,302,471,28730,0.014,17112,/home/amos/media/tv/White.Collar.S01-S06.1080p.BluRay.x265-RARBG/White.Collar.S06.1080p.WEBRip.x265-RARBG/White.Collar.S06E04.1080p.WEBRip.x265-RARBG.mp4,6,4,1358522,data/encodings/1358522/1358522_S06E04_17112_0.npy
846,1080,1920,0,1163,1333,302,471,28730,0.014,17136,/home/amos/media/tv/White.Collar.S01-S06.1080p.BluRay.x265-RARBG/White.Collar.S06.1080p.WEBRip.x265-RARBG/White.Collar.S06E04.1080p.WEBRip.x265-RARBG.mp4,6,4,1358522,data/encodings/1358522/1358522_S06E04_17136_0.npy
847,1080,1920,1,455,658,347,551,41412,0.02,17136,/home/amos/media/tv/White.Collar.S01-S06.1080p.BluRay.x265-RARBG/White.Collar.S06.1080p.WEBRip.x265-RARBG/White.Collar.S06E04.1080p.WEBRip.x265-RARBG.mp4,6,4,1358522,data/encodings/1358522/1358522_S06E04_17136_1.npy
848,1080,1920,0,1249,1419,319,489,28900,0.014,17160,/home/amos/media/tv/White.Collar.S01-S06.1080p.BluRay.x265-RARBG/White.Collar.S06.1080p.WEBRip.x265-RARBG/White.Collar.S06E04.1080p.WEBRip.x265-RARBG.mp4,6,4,1358522,data/encodings/1358522/1358522_S06E04_17160_0.npy
849,1080,1920,0,905,1075,302,471,28730,0.014,17184,/home/amos/media/tv/White.Collar.S01-S06.1080p.BluRay.x265-RARBG/White.Collar.S06.1080p.WEBRip.x265-RARBG/White.Collar.S06E04.1080p.WEBRip.x265-RARBG.mp4,6,4,1358522,data/encodings/1358522/1358522_S06E04_17184_0.npy
850,1080,1920,0,940,1110,302,471,28730,0.014,17208,/home/amos/media/tv/White.Collar.S01-S06.1080p.BluRay.x265-RARBG/White.Collar.S06.1080p.WEBRip.x265-RARBG/White.Collar.S06E04.1080p.WEBRip.x265-RARBG.mp4,6,4,1358522,data/encodings/1358522/1358522_S06E04_17208_0.npy
851,1080,1920,0,1204,1345,341,482,19881,0.01,17232,/home/amos/media/tv/White.Collar.S01-S06.1080p.BluRay.x265-RARBG/White.Collar.S06.1080p.WEBRip.x265-RARBG/White.Collar.S06E04.1080p.WEBRip.x265-RARBG.mp4,6,4,1358522,data/encodings/1358522/1358522_S06E04_17232_0.npy
852,1080,1920,1,475,679,388,592,41616,0.02,17232,/home/amos/media/tv/White.Collar.S01-S06.1080p.BluRay.x265-RARBG/White.Collar.S06.1080p.WEBRip.x265-RARBG/White.Collar.S06E04.1080p.WEBRip.x265-RARBG.mp4,6,4,1358522,data/encodings/1358522/1358522_S06E04_17232_1.npy
853,1080,1920,0,1218,1360,341,482,20022,0.01,17256,/home/amos/media/tv/White.Collar.S01-S06.1080p.BluRay.x265-RARBG/White.Collar.S06.1080p.WEBRip.x265-RARBG/White.Collar.S06E04.1080p.WEBRip.x265-RARBG.mp4,6,4,1358522,data/encodings/1358522/1358522_S06E04_17256_0.npy
854,1080,1920,0,1218,1360,341,482,20022,0.01,17280,/home/amos/media/tv/White.Collar.S01-S06.1080p.BluRay.x265-RARBG/White.Collar.S06.1080p.WEBRip.x265-RARBG/White.Collar.S06E04.1080p.WEBRip.x265-RARBG.mp4,6,4,1358522,data/encodings/1358522/1358522_S06E04_17280_0.npy
855,1080,1920,1,441,611,370,540,28900,0.014,17280,/home/amos/media/tv/White.Collar.S01-S06.1080p.BluRay.x265-RARBG/White.Collar.S06.1080p.WEBRip.x265-RARBG/White.Collar.S06E04.1080p.WEBRip.x265-RARBG.mp4,6,4,1358522,data/encodings/1358522/1358522_S06E04_17280_1.npy
856,1080,1920,0,1232,1374,341,482,20022,0.01,17304,/home/amos/media/tv/White.Collar.S01-S06.1080p.BluRay.x265-RARBG/White.Collar.S06.1080p.WEBRip.x265-RARBG/White.Collar.S06E04.1080p.WEBRip.x265-RARBG.mp4,6,4,1358522,data/encodings/1358522/1358522_S06E04_17304_0.npy
857,1080,1920,1,475,679,388,592,41616,0.02,17304,/home/amos/media/tv/White.Collar.S01-S06.1080p.BluRay.x265-RARBG/White.Collar.S06.1080p.WEBRip.x265-RARBG/White.Collar.S06E04.1080p.WEBRip.x265-RARBG.mp4,6,4,1358522,data/encodings/1358522/1358522_S06E04_17304_1.npy
858,1080,1920,0,1175,1527,244,596,123904,0.06,17328,/home/amos/media/tv/White.Collar.S01-S06.1080p.BluRay.x265-RARBG/White.Collar.S06.1080p.WEBRip.x265-RARBG/White.Collar.S06E04.1080p.WEBRip.x265-RARBG.mp4,6,4,1358522,data/encodings/1358522/1358522_S06E04_17328_0.npy
859,1080,1920,0,1215,1385,319,489,28900,0.014,17352,/home/amos/media/tv/White.Collar.S01-S06.1080p.BluRay.x265-RARBG/White.Collar.S06.1080p.WEBRip.x265-RARBG/White.Collar.S06E04.1080p.WEBRip.x265-RARBG.mp4,6,4,1358522,data/encodings/1358522/1358522_S06E04_17352_0.npy
860,1080,1920,0,1215,1385,319,489,28900,0.014,17376,/home/amos/media/tv/White.Collar.S01-S06.1080p.BluRay.x265-RARBG/White.Collar.S06.1080p.WEBRip.x265-RARBG/White.Collar.S06E04.1080p.WEBRip.x265-RARBG.mp4,6,4,1358522,data/encodings/1358522/1358522_S06E04_17376_0.npy
861,1080,1920,0,1215,1385,319,489,28900,0.014,17400,/home/amos/media/tv/White.Collar.S01-S06.1080p.BluRay.x265-RARBG/White.Collar.S06.1080p.WEBRip.x265-RARBG/White.Collar.S06E04.1080p.WEBRip.x265-RARBG.mp4,6,4,1358522,data/encodings/1358522/1358522_S06E04_17400_0.npy
862,1080,1920,1,434,638,367,571,41616,0.02,17400,/home/amos/media/tv/White.Collar.S01-S06.1080p.BluRay.x265-RARBG/White.Collar.S06.1080p.WEBRip.x265-RARBG/White.Collar.S06E04.1080p.WEBRip.x265-RARBG.mp4,6,4,1358522,data/encodings/1358522/1358522_S06E04_17400_1.npy
863,1080,1920,0,1161,1302,341,482,19881,0.01,17424,/home/amos/media/tv/White.Collar.S01-S06.1080p.BluRay.x265-RARBG/White.Collar.S06.1080p.WEBRip.x265-RARBG/White.Collar.S06E04.1080p.WEBRip.x265-RARBG.mp4,6,4,1358522,data/encodings/1358522/1358522_S06E04_17424_0.npy
864,1080,1920,1,475,679,388,592,41616,0.02,17424,/home/amos/media/tv/White.Collar.S01-S06.1080p.BluRay.x265-RARBG/White.Collar.S06.1080p.WEBRip.x265-RARBG/White.Collar.S06E04.1080p.WEBRip.x265-RARBG.mp4,6,4,1358522,data/encodings/1358522/1358522_S06E04_17424_1.npy
865,1080,1920,0,1215,1385,319,489,28900,0.014,17448,/home/amos/media/tv/White.Collar.S01-S06.1080p.BluRay.x265-RARBG/White.Collar.S06.1080p.WEBRip.x265-RARBG/White.Collar.S06E04.1080p.WEBRip.x265-RARBG.mp4,6,4,1358522,data/encodings/1358522/1358522_S06E04_17448_0.npy
866,1080,1920,0,1232,1402,319,489,28900,0.014,17472,/home/amos/media/tv/White.Collar.S01-S06.1080p.BluRay.x265-RARBG/White.Collar.S06.1080p.WEBRip.x265-RARBG/White.Collar.S06E04.1080p.WEBRip.x265-RARBG.mp4,6,4,1358522,data/encodings/1358522/1358522_S06E04_17472_0.npy
867,1080,1920,0,1232,1402,319,489,28900,0.014,17496,/home/amos/media/tv/White.Collar.S01-S06.1080p.BluRay.x265-RARBG/White.Collar.S06.1080p.WEBRip.x265-RARBG/White.Collar.S06E04.1080p.WEBRip.x265-RARBG.mp4,6,4,1358522,data/encodings/1358522/1358522_S06E04_17496_0.npy
868,1080,1920,0,1247,1388,341,482,19881,0.01,17520,/home/amos/media/tv/White.Collar.S01-S06.1080p.BluRay.x265-RARBG/White.Collar.S06.1080p.WEBRip.x265-RARBG/White.Collar.S06E04.1080p.WEBRip.x265-RARBG.mp4,6,4,1358522,data/encodings/1358522/1358522_S06E04_17520_0.npy
869,1080,1920,0,1232,1402,336,506,28900,0.014,17544,/home/amos/media/tv/White.Collar.S01-S06.1080p.BluRay.x265-RARBG/White.Collar.S06.1080p.WEBRip.x265-RARBG/White.Collar.S06E04.1080p.WEBRip.x265-RARBG.mp4,6,4,1358522,data/encodings/1358522/1358522_S06E04_17544_0.npy
870,1080,1920,1,475,679,409,613,41616,0.02,17544,/home/amos/media/tv/White.Collar.S01-S06.1080p.BluRay.x265-RARBG/White.Collar.S06.1080p.WEBRip.x265-RARBG/White.Collar.S06E04.1080p.WEBRip.x265-RARBG.mp4,6,4,1358522,data/encodings/1358522/1358522_S06E04_17544_1.npy
871,1080,1920,0,1232,1402,353,523,28900,0.014,17568,/home/amos/media/tv/White.Collar.S01-S06.1080p.BluRay.x265-RARBG/White.Collar.S06.1080p.WEBRip.x265-RARBG/White.Collar.S06E04.1080p.WEBRip.x265-RARBG.mp4,6,4,1358522,data/encodings/1358522/1358522_S06E04_17568_0.npy
872,1080,1920,1,475,645,405,575,28900,0.014,17568,/home/amos/media/tv/White.Collar.S01-S06.1080p.BluRay.x265-RARBG/White.Collar.S06.1080p.WEBRip.x265-RARBG/White.Collar.S06E04.1080p.WEBRip.x265-RARBG.mp4,6,4,1358522,data/encodings/1358522/1358522_S06E04_17568_1.npy
873,1080,1920,0,1175,1527,351,703,123904,0.06,17592,/home/amos/media/tv/White.Collar.S01-S06.1080p.BluRay.x265-RARBG/White.Collar.S06.1080p.WEBRip.x265-RARBG/White.Collar.S06E04.1080p.WEBRip.x265-RARBG.mp4,6,4,1358522,data/encodings/1358522/1358522_S06E04_17592_0.npy
874,1080,1920,0,1209,1503,285,578,86142,0.042,17616,/home/amos/media/tv/White.Collar.S01-S06.1080p.BluRay.x265-RARBG/White.Collar.S06.1080p.WEBRip.x265-RARBG/White.Collar.S06E04.1080p.WEBRip.x265-RARBG.mp4,6,4,1358522,data/encodings/1358522/1358522_S06E04_17616_0.npy
875,1080,1920,0,1246,1598,244,596,123904,0.06,17640,/home/amos/media/tv/White.Collar.S01-S06.1080p.BluRay.x265-RARBG/White.Collar.S06.1080p.WEBRip.x265-RARBG/White.Collar.S06E04.1080p.WEBRip.x265-RARBG.mp4,6,4,1358522,data/encodings/1358522/1358522_S06E04_17640_0.npy
876,1080,1920,0,1175,1527,244,596,123904,0.06,17664,/home/amos/media/tv/White.Collar.S01-S06.1080p.BluRay.x265-RARBG/White.Collar.S06.1080p.WEBRip.x265-RARBG/White.Collar.S06E04.1080p.WEBRip.x265-RARBG.mp4,6,4,1358522,data/encodings/1358522/1358522_S06E04_17664_0.npy
877,1080,1920,0,1215,1385,336,506,28900,0.014,17688,/home/amos/media/tv/White.Collar.S01-S06.1080p.BluRay.x265-RARBG/White.Collar.S06.1080p.WEBRip.x265-RARBG/White.Collar.S06E04.1080p.WEBRip.x265-RARBG.mp4,6,4,1358522,data/encodings/1358522/1358522_S06E04_17688_0.npy
878,1080,1920,0,1215,1385,353,523,28900,0.014,17712,/home/amos/media/tv/White.Collar.S01-S06.1080p.BluRay.x265-RARBG/White.Collar.S06.1080p.WEBRip.x265-RARBG/White.Collar.S06E04.1080p.WEBRip.x265-RARBG.mp4,6,4,1358522,data/encodings/1358522/1358522_S06E04_17712_0.npy
879,1080,1920,1,510,680,405,575,28900,0.014,17712,/home/amos/media/tv/White.Collar.S01-S06.1080p.BluRay.x265-RARBG/White.Collar.S06.1080p.WEBRip.x265-RARBG/White.Collar.S06E04.1080p.WEBRip.x265-RARBG.mp4,6,4,1358522,data/encodings/1358522/1358522_S06E04_17712_1.npy
880,1080,1920,0,1198,1367,181,351,28730,0.014,17736,/home/amos/media/tv/White.Collar.S01-S06.1080p.BluRay.x265-RARBG/White.Collar.S06.1080p.WEBRip.x265-RARBG/White.Collar.S06E04.1080p.WEBRip.x265-RARBG.mp4,6,4,1358522,data/encodings/1358522/1358522_S06E04_17736_0.npy
881,1080,1920,0,1275,1417,183,325,20164,0.01,17760,/home/amos/media/tv/White.Collar.S01-S06.1080p.BluRay.x265-RARBG/White.Collar.S06.1080p.WEBRip.x265-RARBG/White.Collar.S06E04.1080p.WEBRip.x265-RARBG.mp4,6,4,1358522,data/encodings/1358522/1358522_S06E04_17760_0.npy
882,1080,1920,0,1347,1489,154,296,20164,0.01,17784,/home/amos/media/tv/White.Collar.S01-S06.1080p.BluRay.x265-RARBG/White.Collar.S06.1080p.WEBRip.x265-RARBG/White.Collar.S06E04.1080p.WEBRip.x265-RARBG.mp4,6,4,1358522,data/encodings/1358522/1358522_S06E04_17784_0.npy
883,1080,1920,0,1198,1367,198,368,28730,0.014,17808,/home/amos/media/tv/White.Collar.S01-S06.1080p.BluRay.x265-RARBG/White.Collar.S06.1080p.WEBRip.x265-RARBG/White.Collar.S06E04.1080p.WEBRip.x265-RARBG.mp4,6,4,1358522,data/encodings/1358522/1358522_S06E04_17808_0.npy
884,1080,1920,0,917,1059,40,181,20022,0.01,17928,/home/amos/media/tv/White.Collar.S01-S06.1080p.BluRay.x265-RARBG/White.Collar.S06.1080p.WEBRip.x265-RARBG/White.Collar.S06E04.1080p.WEBRip.x265-RARBG.mp4,6,4,1358522,data/encodings/1358522/1358522_S06E04_17928_0.npy
885,1080,1920,0,1012,1216,161,365,41616,0.02,18120,/home/amos/media/tv/White.Collar.S01-S06.1080p.BluRay.x265-RARBG/White.Collar.S06.1080p.WEBRip.x265-RARBG/White.Collar.S06E04.1080p.WEBRip.x265-RARBG.mp4,6,4,1358522,data/encodings/1358522/1358522_S06E04_18120_0.npy
886,1080,1920,0,950,1154,140,344,41616,0.02,18144,/home/amos/media/tv/White.Collar.S01-S06.1080p.BluRay.x265-RARBG/White.Collar.S06.1080p.WEBRip.x265-RARBG/White.Collar.S06E04.1080p.WEBRip.x265-RARBG.mp4,6,4,1358522,data/encodings/1358522/1358522_S06E04_18144_0.npy
887,1080,1920,0,950,1154,161,365,41616,0.02,18168,/home/amos/media/tv/White.Collar.S01-S06.1080p.BluRay.x265-RARBG/White.Collar.S06.1080p.WEBRip.x265-RARBG/White.Collar.S06E04.1080p.WEBRip.x265-RARBG.mp4,6,4,1358522,data/encodings/1358522/1358522_S06E04_18168_0.npy
888,1080,1920,0,929,1133,161,365,41616,0.02,18192,/home/amos/media/tv/White.Collar.S01-S06.1080p.BluRay.x265-RARBG/White.Collar.S06.1080p.WEBRip.x265-RARBG/White.Collar.S06E04.1080p.WEBRip.x265-RARBG.mp4,6,4,1358522,data/encodings/1358522/1358522_S06E04_18192_0.npy
889,1080,1920,0,971,1174,182,385,41209,0.02,18216,/home/amos/media/tv/White.Collar.S01-S06.1080p.BluRay.x265-RARBG/White.Collar.S06.1080p.WEBRip.x265-RARBG/White.Collar.S06E04.1080p.WEBRip.x265-RARBG.mp4,6,4,1358522,data/encodings/1358522/1358522_S06E04_18216_0.npy
890,1080,1920,0,1012,1216,202,406,41616,0.02,18240,/home/amos/media/tv/White.Collar.S01-S06.1080p.BluRay.x265-RARBG/White.Collar.S06.1080p.WEBRip.x265-RARBG/White.Collar.S06E04.1080p.WEBRip.x265-RARBG.mp4,6,4,1358522,data/encodings/1358522/1358522_S06E04_18240_0.npy
891,1080,1920,1,459,704,206,450,59780,0.029,18240,/home/amos/media/tv/White.Collar.S01-S06.1080p.BluRay.x265-RARBG/White.Collar.S06.1080p.WEBRip.x265-RARBG/White.Collar.S06E04.1080p.WEBRip.x265-RARBG.mp4,6,4,1358522,data/encodings/1358522/1358522_S06E04_18240_1.npy
892,1080,1920,0,971,1174,202,406,41412,0.02,18264,/home/amos/media/tv/White.Collar.S01-S06.1080p.BluRay.x265-RARBG/White.Collar.S06.1080p.WEBRip.x265-RARBG/White.Collar.S06E04.1080p.WEBRip.x265-RARBG.mp4,6,4,1358522,data/encodings/1358522/1358522_S06E04_18264_0.npy
893,1080,1920,1,475,679,223,427,41616,0.02,18264,/home/amos/media/tv/White.Collar.S01-S06.1080p.BluRay.x265-RARBG/White.Collar.S06.1080p.WEBRip.x265-RARBG/White.Collar.S06E04.1080p.WEBRip.x265-RARBG.mp4,6,4,1358522,data/encodings/1358522/1358522_S06E04_18264_1.npy
894,1080,1920,0,909,1113,182,385,41412,0.02,18288,/home/amos/media/tv/White.Collar.S01-S06.1080p.BluRay.x265-RARBG/White.Collar.S06.1080p.WEBRip.x265-RARBG/White.Collar.S06E04.1080p.WEBRip.x265-RARBG.mp4,6,4,1358522,data/encodings/1358522/1358522_S06E04_18288_0.npy
895,1080,1920,1,435,679,231,475,59536,0.029,18288,/home/amos/media/tv/White.Collar.S01-S06.1080p.BluRay.x265-RARBG/White.Collar.S06.1080p.WEBRip.x265-RARBG/White.Collar.S06E04.1080p.WEBRip.x265-RARBG.mp4,6,4,1358522,data/encodings/1358522/1358522_S06E04_18288_1.npy
896,1080,1920,0,1074,1278,161,365,41616,0.02,18312,/home/amos/media/tv/White.Collar.S01-S06.1080p.BluRay.x265-RARBG/White.Collar.S06.1080p.WEBRip.x265-RARBG/White.Collar.S06E04.1080p.WEBRip.x265-RARBG.mp4,6,4,1358522,data/encodings/1358522/1358522_S06E04_18312_0.npy
897,1080,1920,0,1053,1257,244,447,41412,0.02,18336,/home/amos/media/tv/White.Collar.S01-S06.1080p.BluRay.x265-RARBG/White.Collar.S06.1080p.WEBRip.x265-RARBG/White.Collar.S06E04.1080p.WEBRip.x265-RARBG.mp4,6,4,1358522,data/encodings/1358522/1358522_S06E04_18336_0.npy
898,1080,1920,0,1012,1216,202,406,41616,0.02,18360,/home/amos/media/tv/White.Collar.S01-S06.1080p.BluRay.x265-RARBG/White.Collar.S06.1080p.WEBRip.x265-RARBG/White.Collar.S06E04.1080p.WEBRip.x265-RARBG.mp4,6,4,1358522,data/encodings/1358522/1358522_S06E04_18360_0.npy
899,1080,1920,0,1053,1257,140,344,41616,0.02,18384,/home/amos/media/tv/White.Collar.S01-S06.1080p.BluRay.x265-RARBG/White.Collar.S06.1080p.WEBRip.x265-RARBG/White.Collar.S06E04.1080p.WEBRip.x265-RARBG.mp4,6,4,1358522,data/encodings/1358522/1358522_S06E04_18384_0.npy
900,1080,1920,0,1053,1257,120,324,41616,0.02,18408,/home/amos/media/tv/White.Collar.S01-S06.1080p.BluRay.x265-RARBG/White.Collar.S06.1080p.WEBRip.x265-RARBG/White.Collar.S06E04.1080p.WEBRip.x265-RARBG.mp4,6,4,1358522,data/encodings/1358522/1358522_S06E04_18408_0.npy
901,1080,1920,0,1031,1324,285,578,85849,0.041,18432,/home/amos/media/tv/White.Collar.S01-S06.1080p.BluRay.x265-RARBG/White.Collar.S06.1080p.WEBRip.x265-RARBG/White.Collar.S06E04.1080p.WEBRip.x265-RARBG.mp4,6,4,1358522,data/encodings/1358522/1358522_S06E04_18432_0.npy
902,1080,1920,1,355,707,279,632,124256,0.06,18432,/home/amos/media/tv/White.Collar.S01-S06.1080p.BluRay.x265-RARBG/White.Collar.S06.1080p.WEBRip.x265-RARBG/White.Collar.S06E04.1080p.WEBRip.x265-RARBG.mp4,6,4,1358522,data/encodings/1358522/1358522_S06E04_18432_1.npy
903,1080,1920,0,1031,1324,285,578,85849,0.041,18456,/home/amos/media/tv/White.Collar.S01-S06.1080p.BluRay.x265-RARBG/White.Collar.S06.1080p.WEBRip.x265-RARBG/White.Collar.S06E04.1080p.WEBRip.x265-RARBG.mp4,6,4,1358522,data/encodings/1358522/1358522_S06E04_18456_0.npy
904,1080,1920,1,462,814,386,739,124256,0.06,18456,/home/amos/media/tv/White.Collar.S01-S06.1080p.BluRay.x265-RARBG/White.Collar.S06.1080p.WEBRip.x265-RARBG/White.Collar.S06E04.1080p.WEBRip.x265-RARBG.mp4,6,4,1358522,data/encodings/1358522/1358522_S06E04_18456_1.npy
905,1080,1920,0,1001,1295,285,578,86142,0.042,18480,/home/amos/media/tv/White.Collar.S01-S06.1080p.BluRay.x265-RARBG/White.Collar.S06.1080p.WEBRip.x265-RARBG/White.Collar.S06E04.1080p.WEBRip.x265-RARBG.mp4,6,4,1358522,data/encodings/1358522/1358522_S06E04_18480_0.npy
906,1080,1920,1,426,778,351,703,123904,0.06,18480,/home/amos/media/tv/White.Collar.S01-S06.1080p.BluRay.x265-RARBG/White.Collar.S06.1080p.WEBRip.x265-RARBG/White.Collar.S06E04.1080p.WEBRip.x265-RARBG.mp4,6,4,1358522,data/encodings/1358522/1358522_S06E04_18480_1.npy
907,1080,1920,0,1004,1249,305,550,60025,0.029,18504,/home/amos/media/tv/White.Collar.S01-S06.1080p.BluRay.x265-RARBG/White.Collar.S06.1080p.WEBRip.x265-RARBG/White.Collar.S06E04.1080p.WEBRip.x265-RARBG.mp4,6,4,1358522,data/encodings/1358522/1358522_S06E04_18504_0.npy
908,1080,1920,1,283,636,279,632,124609,0.06,18504,/home/amos/media/tv/White.Collar.S01-S06.1080p.BluRay.x265-RARBG/White.Collar.S06.1080p.WEBRip.x265-RARBG/White.Collar.S06E04.1080p.WEBRip.x265-RARBG.mp4,6,4,1358522,data/encodings/1358522/1358522_S06E04_18504_1.npy
909,1080,1920,0,1068,1491,261,683,178506,0.086,18528,/home/amos/media/tv/White.Collar.S01-S06.1080p.BluRay.x265-RARBG/White.Collar.S06.1080p.WEBRip.x265-RARBG/White.Collar.S06E04.1080p.WEBRip.x265-RARBG.mp4,6,4,1358522,data/encodings/1358522/1358522_S06E04_18528_0.npy
910,1080,1920,0,747,1099,386,739,124256,0.06,18552,/home/amos/media/tv/White.Collar.S01-S06.1080p.BluRay.x265-RARBG/White.Collar.S06.1080p.WEBRip.x265-RARBG/White.Collar.S06E04.1080p.WEBRip.x265-RARBG.mp4,6,4,1358522,data/encodings/1358522/1358522_S06E04_18552_0.npy
911,1080,1920,0,426,849,132,555,178929,0.086,18576,/home/amos/media/tv/White.Collar.S01-S06.1080p.BluRay.x265-RARBG/White.Collar.S06.1080p.WEBRip.x265-RARBG/White.Collar.S06E04.1080p.WEBRip.x265-RARBG.mp4,6,4,1358522,data/encodings/1358522/1358522_S06E04_18576_0.npy
912,1080,1920,0,512,934,132,555,178506,0.086,18600,/home/amos/media/tv/White.Collar.S01-S06.1080p.BluRay.x265-RARBG/White.Collar.S06.1080p.WEBRip.x265-RARBG/White.Collar.S06E04.1080p.WEBRip.x265-RARBG.mp4,6,4,1358522,data/encodings/1358522/1358522_S06E04_18600_0.npy
913,1080,1920,0,466,760,285,578,86142,0.042,18624,/home/amos/media/tv/White.Collar.S01-S06.1080p.BluRay.x265-RARBG/White.Collar.S06.1080p.WEBRip.x265-RARBG/White.Collar.S06E04.1080p.WEBRip.x265-RARBG.mp4,6,4,1358522,data/encodings/1358522/1358522_S06E04_18624_0.npy
914,1080,1920,0,1111,1533,218,640,178084,0.086,18648,/home/amos/media/tv/White.Collar.S01-S06.1080p.BluRay.x265-RARBG/White.Collar.S06.1080p.WEBRip.x265-RARBG/White.Collar.S06E04.1080p.WEBRip.x265-RARBG.mp4,6,4,1358522,data/encodings/1358522/1358522_S06E04_18648_0.npy
915,1080,1920,0,1111,1533,218,640,178084,0.086,18672,/home/amos/media/tv/White.Collar.S01-S06.1080p.BluRay.x265-RARBG/White.Collar.S06.1080p.WEBRip.x265-RARBG/White.Collar.S06E04.1080p.WEBRip.x265-RARBG.mp4,6,4,1358522,data/encodings/1358522/1358522_S06E04_18672_0.npy
916,1080,1920,0,1104,1456,315,667,123904,0.06,18696,/home/amos/media/tv/White.Collar.S01-S06.1080p.BluRay.x265-RARBG/White.Collar.S06.1080p.WEBRip.x265-RARBG/White.Collar.S06E04.1080p.WEBRip.x265-RARBG.mp4,6,4,1358522,data/encodings/1358522/1358522_S06E04_18696_0.npy
917,1080,1920,0,355,707,279,632,124256,0.06,18720,/home/amos/media/tv/White.Collar.S01-S06.1080p.BluRay.x265-RARBG/White.Collar.S06.1080p.WEBRip.x265-RARBG/White.Collar.S06E04.1080p.WEBRip.x265-RARBG.mp4,6,4,1358522,data/encodings/1358522/1358522_S06E04_18720_0.npy
918,1080,1920,0,407,700,314,608,86142,0.042,18744,/home/amos/media/tv/White.Collar.S01-S06.1080p.BluRay.x265-RARBG/White.Collar.S06.1080p.WEBRip.x265-RARBG/White.Collar.S06E04.1080p.WEBRip.x265-RARBG.mp4,6,4,1358522,data/encodings/1358522/1358522_S06E04_18744_0.npy
919,1080,1920,0,1025,1448,261,683,178506,0.086,18768,/home/amos/media/tv/White.Collar.S01-S06.1080p.BluRay.x265-RARBG/White.Collar.S06.1080p.WEBRip.x265-RARBG/White.Collar.S06E04.1080p.WEBRip.x265-RARBG.mp4,6,4,1358522,data/encodings/1358522/1358522_S06E04_18768_0.npy
920,1080,1920,0,383,806,132,555,178929,0.086,18792,/home/amos/media/tv/White.Collar.S01-S06.1080p.BluRay.x265-RARBG/White.Collar.S06.1080p.WEBRip.x265-RARBG/White.Collar.S06E04.1080p.WEBRip.x265-RARBG.mp4,6,4,1358522,data/encodings/1358522/1358522_S06E04_18792_0.npy
921,1080,1920,0,469,891,175,598,178506,0.086,18816,/home/amos/media/tv/White.Collar.S01-S06.1080p.BluRay.x265-RARBG/White.Collar.S06.1080p.WEBRip.x265-RARBG/White.Collar.S06E04.1080p.WEBRip.x265-RARBG.mp4,6,4,1358522,data/encodings/1358522/1358522_S06E04_18816_0.npy
922,1080,1920,0,512,934,175,598,178506,0.086,18840,/home/amos/media/tv/White.Collar.S01-S06.1080p.BluRay.x265-RARBG/White.Collar.S06.1080p.WEBRip.x265-RARBG/White.Collar.S06E04.1080p.WEBRip.x265-RARBG.mp4,6,4,1358522,data/encodings/1358522/1358522_S06E04_18840_0.npy
923,1080,1920,0,1136,1340,202,406,41616,0.02,18864,/home/amos/media/tv/White.Collar.S01-S06.1080p.BluRay.x265-RARBG/White.Collar.S06.1080p.WEBRip.x265-RARBG/White.Collar.S06E04.1080p.WEBRip.x265-RARBG.mp4,6,4,1358522,data/encodings/1358522/1358522_S06E04_18864_0.npy
924,1080,1920,0,1239,1443,182,385,41412,0.02,18888,/home/amos/media/tv/White.Collar.S01-S06.1080p.BluRay.x265-RARBG/White.Collar.S06.1080p.WEBRip.x265-RARBG/White.Collar.S06E04.1080p.WEBRip.x265-RARBG.mp4,6,4,1358522,data/encodings/1358522/1358522_S06E04_18888_0.npy
925,1080,1920,0,486,993,159,666,257049,0.124,18912,/home/amos/media/tv/White.Collar.S01-S06.1080p.BluRay.x265-RARBG/White.Collar.S06.1080p.WEBRip.x265-RARBG/White.Collar.S06E04.1080p.WEBRip.x265-RARBG.mp4,6,4,1358522,data/encodings/1358522/1358522_S06E04_18912_0.npy
926,1080,1920,0,486,993,159,666,257049,0.124,18936,/home/amos/media/tv/White.Collar.S01-S06.1080p.BluRay.x265-RARBG/White.Collar.S06.1080p.WEBRip.x265-RARBG/White.Collar.S06E04.1080p.WEBRip.x265-RARBG.mp4,6,4,1358522,data/encodings/1358522/1358522_S06E04_18936_0.npy
927,1080,1920,0,435,942,159,666,257049,0.124,18960,/home/amos/media/tv/White.Collar.S01-S06.1080p.BluRay.x265-RARBG/White.Collar.S06.1080p.WEBRip.x265-RARBG/White.Collar.S06E04.1080p.WEBRip.x265-RARBG.mp4,6,4,1358522,data/encodings/1358522/1358522_S06E04_18960_0.npy
928,1080,1920,0,982,1405,303,726,178929,0.086,18984,/home/amos/media/tv/White.Collar.S01-S06.1080p.BluRay.x265-RARBG/White.Collar.S06.1080p.WEBRip.x265-RARBG/White.Collar.S06E04.1080p.WEBRip.x265-RARBG.mp4,6,4,1358522,data/encodings/1358522/1358522_S06E04_18984_0.npy
929,1080,1920,0,982,1405,346,769,178929,0.086,19008,/home/amos/media/tv/White.Collar.S01-S06.1080p.BluRay.x265-RARBG/White.Collar.S06.1080p.WEBRip.x265-RARBG/White.Collar.S06E04.1080p.WEBRip.x265-RARBG.mp4,6,4,1358522,data/encodings/1358522/1358522_S06E04_19008_0.npy
930,1080,1920,0,512,934,132,555,178506,0.086,19032,/home/amos/media/tv/White.Collar.S01-S06.1080p.BluRay.x265-RARBG/White.Collar.S06.1080p.WEBRip.x265-RARBG/White.Collar.S06E04.1080p.WEBRip.x265-RARBG.mp4,6,4,1358522,data/encodings/1358522/1358522_S06E04_19032_0.npy
931,1080,1920,0,526,819,285,578,85849,0.041,19056,/home/amos/media/tv/White.Collar.S01-S06.1080p.BluRay.x265-RARBG/White.Collar.S06.1080p.WEBRip.x265-RARBG/White.Collar.S06E04.1080p.WEBRip.x265-RARBG.mp4,6,4,1358522,data/encodings/1358522/1358522_S06E04_19056_0.npy
932,1080,1920,0,925,1277,351,703,123904,0.06,19080,/home/amos/media/tv/White.Collar.S01-S06.1080p.BluRay.x265-RARBG/White.Collar.S06.1080p.WEBRip.x265-RARBG/White.Collar.S06E04.1080p.WEBRip.x265-RARBG.mp4,6,4,1358522,data/encodings/1358522/1358522_S06E04_19080_0.npy
933,1080,1920,0,940,1362,346,769,178506,0.086,19104,/home/amos/media/tv/White.Collar.S01-S06.1080p.BluRay.x265-RARBG/White.Collar.S06.1080p.WEBRip.x265-RARBG/White.Collar.S06E04.1080p.WEBRip.x265-RARBG.mp4,6,4,1358522,data/encodings/1358522/1358522_S06E04_19104_0.npy
934,1080,1920,0,925,1277,386,739,124256,0.06,19128,/home/amos/media/tv/White.Collar.S01-S06.1080p.BluRay.x265-RARBG/White.Collar.S06.1080p.WEBRip.x265-RARBG/White.Collar.S06E04.1080p.WEBRip.x265-RARBG.mp4,6,4,1358522,data/encodings/1358522/1358522_S06E04_19128_0.npy
935,1080,1920,0,1061,1354,285,578,85849,0.041,19152,/home/amos/media/tv/White.Collar.S01-S06.1080p.BluRay.x265-RARBG/White.Collar.S06.1080p.WEBRip.x265-RARBG/White.Collar.S06E04.1080p.WEBRip.x265-RARBG.mp4,6,4,1358522,data/encodings/1358522/1358522_S06E04_19152_0.npy
936,1080,1920,1,497,849,315,667,123904,0.06,19152,/home/amos/media/tv/White.Collar.S01-S06.1080p.BluRay.x265-RARBG/White.Collar.S06.1080p.WEBRip.x265-RARBG/White.Collar.S06E04.1080p.WEBRip.x265-RARBG.mp4,6,4,1358522,data/encodings/1358522/1358522_S06E04_19152_1.npy
937,1080,1920,0,1061,1354,285,578,85849,0.041,19176,/home/amos/media/tv/White.Collar.S01-S06.1080p.BluRay.x265-RARBG/White.Collar.S06.1080p.WEBRip.x265-RARBG/White.Collar.S06E04.1080p.WEBRip.x265-RARBG.mp4,6,4,1358522,data/encodings/1358522/1358522_S06E04_19176_0.npy
938,1080,1920,1,426,778,279,632,124256,0.06,19176,/home/amos/media/tv/White.Collar.S01-S06.1080p.BluRay.x265-RARBG/White.Collar.S06.1080p.WEBRip.x265-RARBG/White.Collar.S06E04.1080p.WEBRip.x265-RARBG.mp4,6,4,1358522,data/encodings/1358522/1358522_S06E04_19176_1.npy
939,1080,1920,0,1128,1373,280,525,60025,0.029,19200,/home/amos/media/tv/White.Collar.S01-S06.1080p.BluRay.x265-RARBG/White.Collar.S06.1080p.WEBRip.x265-RARBG/White.Collar.S06E04.1080p.WEBRip.x265-RARBG.mp4,6,4,1358522,data/encodings/1358522/1358522_S06E04_19200_0.npy
940,1080,1920,1,496,789,314,608,86142,0.042,19200,/home/amos/media/tv/White.Collar.S01-S06.1080p.BluRay.x265-RARBG/White.Collar.S06.1080p.WEBRip.x265-RARBG/White.Collar.S06E04.1080p.WEBRip.x265-RARBG.mp4,6,4,1358522,data/encodings/1358522/1358522_S06E04_19200_1.npy
941,1080,1920,0,982,1405,261,683,178506,0.086,19224,/home/amos/media/tv/White.Collar.S01-S06.1080p.BluRay.x265-RARBG/White.Collar.S06.1080p.WEBRip.x265-RARBG/White.Collar.S06E04.1080p.WEBRip.x265-RARBG.mp4,6,4,1358522,data/encodings/1358522/1358522_S06E04_19224_0.npy
942,1080,1920,0,982,1405,261,683,178506,0.086,19248,/home/amos/media/tv/White.Collar.S01-S06.1080p.BluRay.x265-RARBG/White.Collar.S06.1080p.WEBRip.x265-RARBG/White.Collar.S06E04.1080p.WEBRip.x265-RARBG.mp4,6,4,1358522,data/encodings/1358522/1358522_S06E04_19248_0.npy
943,1080,1920,0,982,1405,346,769,178929,0.086,19272,/home/amos/media/tv/White.Collar.S01-S06.1080p.BluRay.x265-RARBG/White.Collar.S06.1080p.WEBRip.x265-RARBG/White.Collar.S06E04.1080p.WEBRip.x265-RARBG.mp4,6,4,1358522,data/encodings/1358522/1358522_S06E04_19272_0.npy
944,1080,1920,0,982,1405,346,769,178929,0.086,19296,/home/amos/media/tv/White.Collar.S01-S06.1080p.BluRay.x265-RARBG/White.Collar.S06.1080p.WEBRip.x265-RARBG/White.Collar.S06E04.1080p.WEBRip.x265-RARBG.mp4,6,4,1358522,data/encodings/1358522/1358522_S06E04_19296_0.npy
945,1080,1920,0,982,1405,389,812,178929,0.086,19320,/home/amos/media/tv/White.Collar.S01-S06.1080p.BluRay.x265-RARBG/White.Collar.S06.1080p.WEBRip.x265-RARBG/White.Collar.S06E04.1080p.WEBRip.x265-RARBG.mp4,6,4,1358522,data/encodings/1358522/1358522_S06E04_19320_0.npy
946,1080,1920,0,982,1405,346,769,178929,0.086,19344,/home/amos/media/tv/White.Collar.S01-S06.1080p.BluRay.x265-RARBG/White.Collar.S06.1080p.WEBRip.x265-RARBG/White.Collar.S06E04.1080p.WEBRip.x265-RARBG.mp4,6,4,1358522,data/encodings/1358522/1358522_S06E04_19344_0.npy
947,1080,1920,0,847,1051,202,406,41616,0.02,19368,/home/amos/media/tv/White.Collar.S01-S06.1080p.BluRay.x265-RARBG/White.Collar.S06.1080p.WEBRip.x265-RARBG/White.Collar.S06E04.1080p.WEBRip.x265-RARBG.mp4,6,4,1358522,data/encodings/1358522/1358522_S06E04_19368_0.npy
948,1080,1920,1,459,704,255,500,60025,0.029,19368,/home/amos/media/tv/White.Collar.S01-S06.1080p.BluRay.x265-RARBG/White.Collar.S06.1080p.WEBRip.x265-RARBG/White.Collar.S06E04.1080p.WEBRip.x265-RARBG.mp4,6,4,1358522,data/encodings/1358522/1358522_S06E04_19368_1.npy
949,1080,1920,0,867,1071,223,427,41616,0.02,19392,/home/amos/media/tv/White.Collar.S01-S06.1080p.BluRay.x265-RARBG/White.Collar.S06.1080p.WEBRip.x265-RARBG/White.Collar.S06E04.1080p.WEBRip.x265-RARBG.mp4,6,4,1358522,data/encodings/1358522/1358522_S06E04_19392_0.npy
950,1080,1920,0,909,1113,202,406,41616,0.02,19416,/home/amos/media/tv/White.Collar.S01-S06.1080p.BluRay.x265-RARBG/White.Collar.S06.1080p.WEBRip.x265-RARBG/White.Collar.S06E04.1080p.WEBRip.x265-RARBG.mp4,6,4,1358522,data/encodings/1358522/1358522_S06E04_19416_0.npy
951,1080,1920,0,909,1113,202,406,41616,0.02,19440,/home/amos/media/tv/White.Collar.S01-S06.1080p.BluRay.x265-RARBG/White.Collar.S06.1080p.WEBRip.x265-RARBG/White.Collar.S06E04.1080p.WEBRip.x265-RARBG.mp4,6,4,1358522,data/encodings/1358522/1358522_S06E04_19440_0.npy
952,1080,1920,0,909,1113,223,427,41616,0.02,19464,/home/amos/media/tv/White.Collar.S01-S06.1080p.BluRay.x265-RARBG/White.Collar.S06.1080p.WEBRip.x265-RARBG/White.Collar.S06E04.1080p.WEBRip.x265-RARBG.mp4,6,4,1358522,data/encodings/1358522/1358522_S06E04_19464_0.npy
953,1080,1920,0,888,1092,223,427,41616,0.02,19488,/home/amos/media/tv/White.Collar.S01-S06.1080p.BluRay.x265-RARBG/White.Collar.S06.1080p.WEBRip.x265-RARBG/White.Collar.S06E04.1080p.WEBRip.x265-RARBG.mp4,6,4,1358522,data/encodings/1358522/1358522_S06E04_19488_0.npy
954,1080,1920,0,1198,1401,244,447,41209,0.02,19512,/home/amos/media/tv/White.Collar.S01-S06.1080p.BluRay.x265-RARBG/White.Collar.S06.1080p.WEBRip.x265-RARBG/White.Collar.S06E04.1080p.WEBRip.x265-RARBG.mp4,6,4,1358522,data/encodings/1358522/1358522_S06E04_19512_0.npy
955,1080,1920,0,1177,1381,223,427,41616,0.02,19536,/home/amos/media/tv/White.Collar.S01-S06.1080p.BluRay.x265-RARBG/White.Collar.S06.1080p.WEBRip.x265-RARBG/White.Collar.S06E04.1080p.WEBRip.x265-RARBG.mp4,6,4,1358522,data/encodings/1358522/1358522_S06E04_19536_0.npy
956,1080,1920,0,493,574,511,593,6642,0.003,19560,/home/amos/media/tv/White.Collar.S01-S06.1080p.BluRay.x265-RARBG/White.Collar.S06.1080p.WEBRip.x265-RARBG/White.Collar.S06E04.1080p.WEBRip.x265-RARBG.mp4,6,4,1358522,data/encodings/1358522/1358522_S06E04_19560_0.npy
957,1080,1920,0,427,526,486,584,9702,0.005,19584,/home/amos/media/tv/White.Collar.S01-S06.1080p.BluRay.x265-RARBG/White.Collar.S06.1080p.WEBRip.x265-RARBG/White.Collar.S06E04.1080p.WEBRip.x265-RARBG.mp4,6,4,1358522,data/encodings/1358522/1358522_S06E04_19584_0.npy
958,1080,1920,1,269,351,536,617,6642,0.003,19584,/home/amos/media/tv/White.Collar.S01-S06.1080p.BluRay.x265-RARBG/White.Collar.S06.1080p.WEBRip.x265-RARBG/White.Collar.S06E04.1080p.WEBRip.x265-RARBG.mp4,6,4,1358522,data/encodings/1358522/1358522_S06E04_19584_1.npy
959,1080,1920,2,810,928,423,540,13806,0.007,19584,/home/amos/media/tv/White.Collar.S01-S06.1080p.BluRay.x265-RARBG/White.Collar.S06.1080p.WEBRip.x265-RARBG/White.Collar.S06E04.1080p.WEBRip.x265-RARBG.mp4,6,4,1358522,data/encodings/1358522/1358522_S06E04_19584_2.npy
960,1080,1920,0,393,475,486,568,6724,0.003,19608,/home/amos/media/tv/White.Collar.S01-S06.1080p.BluRay.x265-RARBG/White.Collar.S06.1080p.WEBRip.x265-RARBG/White.Collar.S06E04.1080p.WEBRip.x265-RARBG.mp4,6,4,1358522,data/encodings/1358522/1358522_S06E04_19608_0.npy
961,1080,1920,1,227,309,527,609,6724,0.003,19608,/home/amos/media/tv/White.Collar.S01-S06.1080p.BluRay.x265-RARBG/White.Collar.S06.1080p.WEBRip.x265-RARBG/White.Collar.S06E04.1080p.WEBRip.x265-RARBG.mp4,6,4,1358522,data/encodings/1358522/1358522_S06E04_19608_1.npy
962,1080,1920,0,410,492,461,543,6724,0.003,19632,/home/amos/media/tv/White.Collar.S01-S06.1080p.BluRay.x265-RARBG/White.Collar.S06.1080p.WEBRip.x265-RARBG/White.Collar.S06E04.1080p.WEBRip.x265-RARBG.mp4,6,4,1358522,data/encodings/1358522/1358522_S06E04_19632_0.npy
963,1080,1920,0,940,1110,302,471,28730,0.014,19656,/home/amos/media/tv/White.Collar.S01-S06.1080p.BluRay.x265-RARBG/White.Collar.S06.1080p.WEBRip.x265-RARBG/White.Collar.S06E04.1080p.WEBRip.x265-RARBG.mp4,6,4,1358522,data/encodings/1358522/1358522_S06E04_19656_0.npy
964,1080,1920,0,991,1161,302,471,28730,0.014,19680,/home/amos/media/tv/White.Collar.S01-S06.1080p.BluRay.x265-RARBG/White.Collar.S06.1080p.WEBRip.x265-RARBG/White.Collar.S06E04.1080p.WEBRip.x265-RARBG.mp4,6,4,1358522,data/encodings/1358522/1358522_S06E04_19680_0.npy
965,1080,1920,0,1043,1213,302,471,28730,0.014,19704,/home/amos/media/tv/White.Collar.S01-S06.1080p.BluRay.x265-RARBG/White.Collar.S06.1080p.WEBRip.x265-RARBG/White.Collar.S06E04.1080p.WEBRip.x265-RARBG.mp4,6,4,1358522,data/encodings/1358522/1358522_S06E04_19704_0.npy
966,1080,1920,0,991,1161,284,454,28900,0.014,19728,/home/amos/media/tv/White.Collar.S01-S06.1080p.BluRay.x265-RARBG/White.Collar.S06.1080p.WEBRip.x265-RARBG/White.Collar.S06E04.1080p.WEBRip.x265-RARBG.mp4,6,4,1358522,data/encodings/1358522/1358522_S06E04_19728_0.npy
967,1080,1920,0,974,1144,302,471,28730,0.014,19752,/home/amos/media/tv/White.Collar.S01-S06.1080p.BluRay.x265-RARBG/White.Collar.S06.1080p.WEBRip.x265-RARBG/White.Collar.S06E04.1080p.WEBRip.x265-RARBG.mp4,6,4,1358522,data/encodings/1358522/1358522_S06E04_19752_0.npy
968,1080,1920,0,991,1161,302,471,28730,0.014,19776,/home/amos/media/tv/White.Collar.S01-S06.1080p.BluRay.x265-RARBG/White.Collar.S06.1080p.WEBRip.x265-RARBG/White.Collar.S06E04.1080p.WEBRip.x265-RARBG.mp4,6,4,1358522,data/encodings/1358522/1358522_S06E04_19776_0.npy
969,1080,1920,0,1074,1172,426,525,9702,0.005,19824,/home/amos/media/tv/White.Collar.S01-S06.1080p.BluRay.x265-RARBG/White.Collar.S06.1080p.WEBRip.x265-RARBG/White.Collar.S06E04.1080p.WEBRip.x265-RARBG.mp4,6,4,1358522,data/encodings/1358522/1358522_S06E04_19824_0.npy
970,1080,1920,1,458,600,427,568,20022,0.01,19824,/home/amos/media/tv/White.Collar.S01-S06.1080p.BluRay.x265-RARBG/White.Collar.S06.1080p.WEBRip.x265-RARBG/White.Collar.S06E04.1080p.WEBRip.x265-RARBG.mp4,6,4,1358522,data/encodings/1358522/1358522_S06E04_19824_1.npy
971,1080,1920,0,1074,1172,426,525,9702,0.005,19848,/home/amos/media/tv/White.Collar.S01-S06.1080p.BluRay.x265-RARBG/White.Collar.S06.1080p.WEBRip.x265-RARBG/White.Collar.S06E04.1080p.WEBRip.x265-RARBG.mp4,6,4,1358522,data/encodings/1358522/1358522_S06E04_19848_0.npy
972,1080,1920,1,458,600,427,568,20022,0.01,19848,/home/amos/media/tv/White.Collar.S01-S06.1080p.BluRay.x265-RARBG/White.Collar.S06.1080p.WEBRip.x265-RARBG/White.Collar.S06E04.1080p.WEBRip.x265-RARBG.mp4,6,4,1358522,data/encodings/1358522/1358522_S06E04_19848_1.npy
973,1080,1920,0,1074,1172,417,515,9604,0.005,19872,/home/amos/media/tv/White.Collar.S01-S06.1080p.BluRay.x265-RARBG/White.Collar.S06.1080p.WEBRip.x265-RARBG/White.Collar.S06E04.1080p.WEBRip.x265-RARBG.mp4,6,4,1358522,data/encodings/1358522/1358522_S06E04_19872_0.npy
974,1080,1920,1,444,586,427,568,20022,0.01,19872,/home/amos/media/tv/White.Collar.S01-S06.1080p.BluRay.x265-RARBG/White.Collar.S06.1080p.WEBRip.x265-RARBG/White.Collar.S06E04.1080p.WEBRip.x265-RARBG.mp4,6,4,1358522,data/encodings/1358522/1358522_S06E04_19872_1.npy
975,1080,1920,0,1084,1182,417,515,9604,0.005,19896,/home/amos/media/tv/White.Collar.S01-S06.1080p.BluRay.x265-RARBG/White.Collar.S06.1080p.WEBRip.x265-RARBG/White.Collar.S06E04.1080p.WEBRip.x265-RARBG.mp4,6,4,1358522,data/encodings/1358522/1358522_S06E04_19896_0.npy
976,1080,1920,1,473,614,427,568,19881,0.01,19896,/home/amos/media/tv/White.Collar.S01-S06.1080p.BluRay.x265-RARBG/White.Collar.S06.1080p.WEBRip.x265-RARBG/White.Collar.S06E04.1080p.WEBRip.x265-RARBG.mp4,6,4,1358522,data/encodings/1358522/1358522_S06E04_19896_1.npy
977,1080,1920,0,1114,1212,407,505,9604,0.005,19920,/home/amos/media/tv/White.Collar.S01-S06.1080p.BluRay.x265-RARBG/White.Collar.S06.1080p.WEBRip.x265-RARBG/White.Collar.S06E04.1080p.WEBRip.x265-RARBG.mp4,6,4,1358522,data/encodings/1358522/1358522_S06E04_19920_0.npy
978,1080,1920,1,444,586,441,583,20164,0.01,19920,/home/amos/media/tv/White.Collar.S01-S06.1080p.BluRay.x265-RARBG/White.Collar.S06.1080p.WEBRip.x265-RARBG/White.Collar.S06E04.1080p.WEBRip.x265-RARBG.mp4,6,4,1358522,data/encodings/1358522/1358522_S06E04_19920_1.npy
979,1080,1920,0,1124,1222,407,505,9604,0.005,19944,/home/amos/media/tv/White.Collar.S01-S06.1080p.BluRay.x265-RARBG/White.Collar.S06.1080p.WEBRip.x265-RARBG/White.Collar.S06E04.1080p.WEBRip.x265-RARBG.mp4,6,4,1358522,data/encodings/1358522/1358522_S06E04_19944_0.npy
980,1080,1920,0,1211,1563,172,525,124256,0.06,19968,/home/amos/media/tv/White.Collar.S01-S06.1080p.BluRay.x265-RARBG/White.Collar.S06.1080p.WEBRip.x265-RARBG/White.Collar.S06E04.1080p.WEBRip.x265-RARBG.mp4,6,4,1358522,data/encodings/1358522/1358522_S06E04_19968_0.npy
981,1080,1920,0,1209,1503,166,459,86142,0.042,19992,/home/amos/media/tv/White.Collar.S01-S06.1080p.BluRay.x265-RARBG/White.Collar.S06.1080p.WEBRip.x265-RARBG/White.Collar.S06E04.1080p.WEBRip.x265-RARBG.mp4,6,4,1358522,data/encodings/1358522/1358522_S06E04_19992_0.npy
982,1080,1920,0,1150,1443,195,489,86142,0.042,20016,/home/amos/media/tv/White.Collar.S01-S06.1080p.BluRay.x265-RARBG/White.Collar.S06.1080p.WEBRip.x265-RARBG/White.Collar.S06E04.1080p.WEBRip.x265-RARBG.mp4,6,4,1358522,data/encodings/1358522/1358522_S06E04_20016_0.npy
983,1080,1920,0,1104,1456,208,560,123904,0.06,20040,/home/amos/media/tv/White.Collar.S01-S06.1080p.BluRay.x265-RARBG/White.Collar.S06.1080p.WEBRip.x265-RARBG/White.Collar.S06E04.1080p.WEBRip.x265-RARBG.mp4,6,4,1358522,data/encodings/1358522/1358522_S06E04_20040_0.npy
984,1080,1920,0,1266,1436,353,523,28900,0.014,20064,/home/amos/media/tv/White.Collar.S01-S06.1080p.BluRay.x265-RARBG/White.Collar.S06.1080p.WEBRip.x265-RARBG/White.Collar.S06E04.1080p.WEBRip.x265-RARBG.mp4,6,4,1358522,data/encodings/1358522/1358522_S06E04_20064_0.npy
985,1080,1920,1,517,720,367,571,41412,0.02,20064,/home/amos/media/tv/White.Collar.S01-S06.1080p.BluRay.x265-RARBG/White.Collar.S06.1080p.WEBRip.x265-RARBG/White.Collar.S06E04.1080p.WEBRip.x265-RARBG.mp4,6,4,1358522,data/encodings/1358522/1358522_S06E04_20064_1.npy
986,1080,1920,0,1247,1388,384,525,19881,0.01,20088,/home/amos/media/tv/White.Collar.S01-S06.1080p.BluRay.x265-RARBG/White.Collar.S06.1080p.WEBRip.x265-RARBG/White.Collar.S06E04.1080p.WEBRip.x265-RARBG.mp4,6,4,1358522,data/encodings/1358522/1358522_S06E04_20088_0.npy
987,1080,1920,0,1247,1388,384,525,19881,0.01,20112,/home/amos/media/tv/White.Collar.S01-S06.1080p.BluRay.x265-RARBG/White.Collar.S06.1080p.WEBRip.x265-RARBG/White.Collar.S06E04.1080p.WEBRip.x265-RARBG.mp4,6,4,1358522,data/encodings/1358522/1358522_S06E04_20112_0.npy
988,1080,1920,1,596,766,388,557,28730,0.014,20112,/home/amos/media/tv/White.Collar.S01-S06.1080p.BluRay.x265-RARBG/White.Collar.S06.1080p.WEBRip.x265-RARBG/White.Collar.S06E04.1080p.WEBRip.x265-RARBG.mp4,6,4,1358522,data/encodings/1358522/1358522_S06E04_20112_1.npy
989,1080,1920,0,1352,1522,336,506,28900,0.014,20136,/home/amos/media/tv/White.Collar.S01-S06.1080p.BluRay.x265-RARBG/White.Collar.S06.1080p.WEBRip.x265-RARBG/White.Collar.S06E04.1080p.WEBRip.x265-RARBG.mp4,6,4,1358522,data/encodings/1358522/1358522_S06E04_20136_0.npy
990,1080,1920,0,1318,1460,355,497,20164,0.01,20160,/home/amos/media/tv/White.Collar.S01-S06.1080p.BluRay.x265-RARBG/White.Collar.S06.1080p.WEBRip.x265-RARBG/White.Collar.S06E04.1080p.WEBRip.x265-RARBG.mp4,6,4,1358522,data/encodings/1358522/1358522_S06E04_20160_0.npy
991,1080,1920,0,1419,1560,355,497,20022,0.01,20184,/home/amos/media/tv/White.Collar.S01-S06.1080p.BluRay.x265-RARBG/White.Collar.S06.1080p.WEBRip.x265-RARBG/White.Collar.S06E04.1080p.WEBRip.x265-RARBG.mp4,6,4,1358522,data/encodings/1358522/1358522_S06E04_20184_0.npy
992,1080,1920,1,682,852,388,557,28730,0.014,20184,/home/amos/media/tv/White.Collar.S01-S06.1080p.BluRay.x265-RARBG/White.Collar.S06.1080p.WEBRip.x265-RARBG/White.Collar.S06E04.1080p.WEBRip.x265-RARBG.mp4,6,4,1358522,data/encodings/1358522/1358522_S06E04_20184_1.npy
993,1080,1920,0,867,1071,326,530,41616,0.02,20304,/home/amos/media/tv/White.Collar.S01-S06.1080p.BluRay.x265-RARBG/White.Collar.S06.1080p.WEBRip.x265-RARBG/White.Collar.S06E04.1080p.WEBRip.x265-RARBG.mp4,6,4,1358522,data/encodings/1358522/1358522_S06E04_20304_0.npy
994,1080,1920,0,847,1051,223,427,41616,0.02,20328,/home/amos/media/tv/White.Collar.S01-S06.1080p.BluRay.x265-RARBG/White.Collar.S06.1080p.WEBRip.x265-RARBG/White.Collar.S06E04.1080p.WEBRip.x265-RARBG.mp4,6,4,1358522,data/encodings/1358522/1358522_S06E04_20328_0.npy
995,1080,1920,0,661,865,388,592,41616,0.02,20352,/home/amos/media/tv/White.Collar.S01-S06.1080p.BluRay.x265-RARBG/White.Collar.S06.1080p.WEBRip.x265-RARBG/White.Collar.S06E04.1080p.WEBRip.x265-RARBG.mp4,6,4,1358522,data/encodings/1358522/1358522_S06E04_20352_0.npy
996,1080,1920,0,1218,1360,369,511,20164,0.01,20376,/home/amos/media/tv/White.Collar.S01-S06.1080p.BluRay.x265-RARBG/White.Collar.S06.1080p.WEBRip.x265-RARBG/White.Collar.S06E04.1080p.WEBRip.x265-RARBG.mp4,6,4,1358522,data/encodings/1358522/1358522_S06E04_20376_0.npy
997,1080,1920,1,455,658,409,613,41412,0.02,20376,/home/amos/media/tv/White.Collar.S01-S06.1080p.BluRay.x265-RARBG/White.Collar.S06.1080p.WEBRip.x265-RARBG/White.Collar.S06E04.1080p.WEBRip.x265-RARBG.mp4,6,4,1358522,data/encodings/1358522/1358522_S06E04_20376_1.npy
998,1080,1920,0,1249,1419,353,523,28900,0.014,20448,/home/amos/media/tv/White.Collar.S01-S06.1080p.BluRay.x265-RARBG/White.Collar.S06.1080p.WEBRip.x265-RARBG/White.Collar.S06E04.1080p.WEBRip.x265-RARBG.mp4,6,4,1358522,data/encodings/1358522/1358522_S06E04_20448_0.npy
999,1080,1920,1,441,611,370,540,28900,0.014,20448,/home/amos/media/tv/White.Collar.S01-S06.1080p.BluRay.x265-RARBG/White.Collar.S06.1080p.WEBRip.x265-RARBG/White.Collar.S06E04.1080p.WEBRip.x265-RARBG.mp4,6,4,1358522,data/encodings/1358522/1358522_S06E04_20448_1.npy
1000,1080,1920,0,1218,1360,369,511,20164,0.01,20472,/home/amos/media/tv/White.Collar.S01-S06.1080p.BluRay.x265-RARBG/White.Collar.S06.1080p.WEBRip.x265-RARBG/White.Collar.S06E04.1080p.WEBRip.x265-RARBG.mp4,6,4,1358522,data/encodings/1358522/1358522_S06E04_20472_0.npy
1001,1080,1920,1,496,700,388,592,41616,0.02,20472,/home/amos/media/tv/White.Collar.S01-S06.1080p.BluRay.x265-RARBG/White.Collar.S06.1080p.WEBRip.x265-RARBG/White.Collar.S06E04.1080p.WEBRip.x265-RARBG.mp4,6,4,1358522,data/encodings/1358522/1358522_S06E04_20472_1.npy
1002,1080,1920,0,1247,1388,369,511,20022,0.01,20496,/home/amos/media/tv/White.Collar.S01-S06.1080p.BluRay.x265-RARBG/White.Collar.S06.1080p.WEBRip.x265-RARBG/White.Collar.S06E04.1080p.WEBRip.x265-RARBG.mp4,6,4,1358522,data/encodings/1358522/1358522_S06E04_20496_0.npy
1003,1080,1920,1,492,662,405,575,28900,0.014,20496,/home/amos/media/tv/White.Collar.S01-S06.1080p.BluRay.x265-RARBG/White.Collar.S06.1080p.WEBRip.x265-RARBG/White.Collar.S06E04.1080p.WEBRip.x265-RARBG.mp4,6,4,1358522,data/encodings/1358522/1358522_S06E04_20496_1.npy
1004,1080,1920,0,489,528,665,705,1560,0.001,20520,/home/amos/media/tv/White.Collar.S01-S06.1080p.BluRay.x265-RARBG/White.Collar.S06.1080p.WEBRip.x265-RARBG/White.Collar.S06E04.1080p.WEBRip.x265-RARBG.mp4,6,4,1358522,data/encodings/1358522/1358522_S06E04_20520_0.npy
1005,1080,1920,0,729,768,645,685,1560,0.001,20544,/home/amos/media/tv/White.Collar.S01-S06.1080p.BluRay.x265-RARBG/White.Collar.S06.1080p.WEBRip.x265-RARBG/White.Collar.S06E04.1080p.WEBRip.x265-RARBG.mp4,6,4,1358522,data/encodings/1358522/1358522_S06E04_20544_0.npy
1006,1080,1920,1,589,628,645,685,1560,0.001,20544,/home/amos/media/tv/White.Collar.S01-S06.1080p.BluRay.x265-RARBG/White.Collar.S06.1080p.WEBRip.x265-RARBG/White.Collar.S06E04.1080p.WEBRip.x265-RARBG.mp4,6,4,1358522,data/encodings/1358522/1358522_S06E04_20544_1.npy
1007,1080,1920,0,765,804,625,665,1560,0.001,20568,/home/amos/media/tv/White.Collar.S01-S06.1080p.BluRay.x265-RARBG/White.Collar.S06.1080p.WEBRip.x265-RARBG/White.Collar.S06E04.1080p.WEBRip.x265-RARBG.mp4,6,4,1358522,data/encodings/1358522/1358522_S06E04_20568_0.npy
1008,1080,1920,1,582,629,633,681,2256,0.001,20568,/home/amos/media/tv/White.Collar.S01-S06.1080p.BluRay.x265-RARBG/White.Collar.S06.1080p.WEBRip.x265-RARBG/White.Collar.S06E04.1080p.WEBRip.x265-RARBG.mp4,6,4,1358522,data/encodings/1358522/1358522_S06E04_20568_1.npy
1009,1080,1920,0,601,658,592,649,3249,0.002,20592,/home/amos/media/tv/White.Collar.S01-S06.1080p.BluRay.x265-RARBG/White.Collar.S06.1080p.WEBRip.x265-RARBG/White.Collar.S06E04.1080p.WEBRip.x265-RARBG.mp4,6,4,1358522,data/encodings/1358522/1358522_S06E04_20592_0.npy
1010,1080,1920,1,809,848,589,629,1560,0.001,20592,/home/amos/media/tv/White.Collar.S01-S06.1080p.BluRay.x265-RARBG/White.Collar.S06.1080p.WEBRip.x265-RARBG/White.Collar.S06E04.1080p.WEBRip.x265-RARBG.mp4,6,4,1358522,data/encodings/1358522/1358522_S06E04_20592_1.npy
1011,1080,1920,0,756,813,528,585,3249,0.002,20616,/home/amos/media/tv/White.Collar.S01-S06.1080p.BluRay.x265-RARBG/White.Collar.S06.1080p.WEBRip.x265-RARBG/White.Collar.S06E04.1080p.WEBRip.x265-RARBG.mp4,6,4,1358522,data/encodings/1358522/1358522_S06E04_20616_0.npy
1012,1080,1920,1,555,624,574,642,4692,0.002,20616,/home/amos/media/tv/White.Collar.S01-S06.1080p.BluRay.x265-RARBG/White.Collar.S06.1080p.WEBRip.x265-RARBG/White.Collar.S06E04.1080p.WEBRip.x265-RARBG.mp4,6,4,1358522,data/encodings/1358522/1358522_S06E04_20616_1.npy
1013,1080,1920,0,638,706,484,552,4624,0.002,20640,/home/amos/media/tv/White.Collar.S01-S06.1080p.BluRay.x265-RARBG/White.Collar.S06.1080p.WEBRip.x265-RARBG/White.Collar.S06E04.1080p.WEBRip.x265-RARBG.mp4,6,4,1358522,data/encodings/1358522/1358522_S06E04_20640_0.npy
1014,1080,1920,1,472,541,588,656,4692,0.002,20640,/home/amos/media/tv/White.Collar.S01-S06.1080p.BluRay.x265-RARBG/White.Collar.S06.1080p.WEBRip.x265-RARBG/White.Collar.S06E04.1080p.WEBRip.x265-RARBG.mp4,6,4,1358522,data/encodings/1358522/1358522_S06E04_20640_1.npy
1015,1080,1920,0,693,750,471,528,3249,0.002,20664,/home/amos/media/tv/White.Collar.S01-S06.1080p.BluRay.x265-RARBG/White.Collar.S06.1080p.WEBRip.x265-RARBG/White.Collar.S06E04.1080p.WEBRip.x265-RARBG.mp4,6,4,1358522,data/encodings/1358522/1358522_S06E04_20664_0.npy
1016,1080,1920,1,485,542,603,660,3249,0.002,20664,/home/amos/media/tv/White.Collar.S01-S06.1080p.BluRay.x265-RARBG/White.Collar.S06.1080p.WEBRip.x265-RARBG/White.Collar.S06E04.1080p.WEBRip.x265-RARBG.mp4,6,4,1358522,data/encodings/1358522/1358522_S06E04_20664_1.npy
1017,1080,1920,0,714,783,484,552,4692,0.002,20688,/home/amos/media/tv/White.Collar.S01-S06.1080p.BluRay.x265-RARBG/White.Collar.S06.1080p.WEBRip.x265-RARBG/White.Collar.S06E04.1080p.WEBRip.x265-RARBG.mp4,6,4,1358522,data/encodings/1358522/1358522_S06E04_20688_0.npy
1018,1080,1920,1,508,565,632,689,3249,0.002,20688,/home/amos/media/tv/White.Collar.S01-S06.1080p.BluRay.x265-RARBG/White.Collar.S06.1080p.WEBRip.x265-RARBG/White.Collar.S06E04.1080p.WEBRip.x265-RARBG.mp4,6,4,1358522,data/encodings/1358522/1358522_S06E04_20688_1.npy
1019,1080,1920,0,756,824,498,566,4624,0.002,20712,/home/amos/media/tv/White.Collar.S01-S06.1080p.BluRay.x265-RARBG/White.Collar.S06.1080p.WEBRip.x265-RARBG/White.Collar.S06E04.1080p.WEBRip.x265-RARBG.mp4,6,4,1358522,data/encodings/1358522/1358522_S06E04_20712_0.npy
1020,1080,1920,1,560,617,644,701,3249,0.002,20712,/home/amos/media/tv/White.Collar.S01-S06.1080p.BluRay.x265-RARBG/White.Collar.S06.1080p.WEBRip.x265-RARBG/White.Collar.S06E04.1080p.WEBRip.x265-RARBG.mp4,6,4,1358522,data/encodings/1358522/1358522_S06E04_20712_1.npy
1021,1080,1920,0,1177,1234,281,338,3249,0.002,20736,/home/amos/media/tv/White.Collar.S01-S06.1080p.BluRay.x265-RARBG/White.Collar.S06.1080p.WEBRip.x265-RARBG/White.Collar.S06E04.1080p.WEBRip.x265-RARBG.mp4,6,4,1358522,data/encodings/1358522/1358522_S06E04_20736_0.npy
1022,1080,1920,1,799,881,303,385,6724,0.003,20736,/home/amos/media/tv/White.Collar.S01-S06.1080p.BluRay.x265-RARBG/White.Collar.S06.1080p.WEBRip.x265-RARBG/White.Collar.S06E04.1080p.WEBRip.x265-RARBG.mp4,6,4,1358522,data/encodings/1358522/1358522_S06E04_20736_1.npy
1023,1080,1920,2,1378,1435,356,412,3192,0.002,20736,/home/amos/media/tv/White.Collar.S01-S06.1080p.BluRay.x265-RARBG/White.Collar.S06.1080p.WEBRip.x265-RARBG/White.Collar.S06E04.1080p.WEBRip.x265-RARBG.mp4,6,4,1358522,data/encodings/1358522/1358522_S06E04_20736_2.npy
1024,1080,1920,0,1122,1190,249,317,4624,0.002,20760,/home/amos/media/tv/White.Collar.S01-S06.1080p.BluRay.x265-RARBG/White.Collar.S06.1080p.WEBRip.x265-RARBG/White.Collar.S06E04.1080p.WEBRip.x265-RARBG.mp4,6,4,1358522,data/encodings/1358522/1358522_S06E04_20760_0.npy
1025,1080,1920,1,1385,1453,346,414,4624,0.002,20760,/home/amos/media/tv/White.Collar.S01-S06.1080p.BluRay.x265-RARBG/White.Collar.S06.1080p.WEBRip.x265-RARBG/White.Collar.S06E04.1080p.WEBRip.x265-RARBG.mp4,6,4,1358522,data/encodings/1358522/1358522_S06E04_20760_1.npy
1026,1080,1920,2,824,906,278,360,6724,0.003,20760,/home/amos/media/tv/White.Collar.S01-S06.1080p.BluRay.x265-RARBG/White.Collar.S06.1080p.WEBRip.x265-RARBG/White.Collar.S06E04.1080p.WEBRip.x265-RARBG.mp4,6,4,1358522,data/encodings/1358522/1358522_S06E04_20760_2.npy
1027,1080,1920,3,965,1004,413,453,1560,0.001,20760,/home/amos/media/tv/White.Collar.S01-S06.1080p.BluRay.x265-RARBG/White.Collar.S06.1080p.WEBRip.x265-RARBG/White.Collar.S06E04.1080p.WEBRip.x265-RARBG.mp4,6,4,1358522,data/encodings/1358522/1358522_S06E04_20760_3.npy
1028,1080,1920,0,1396,1452,356,412,3136,0.002,20784,/home/amos/media/tv/White.Collar.S01-S06.1080p.BluRay.x265-RARBG/White.Collar.S06.1080p.WEBRip.x265-RARBG/White.Collar.S06E04.1080p.WEBRip.x265-RARBG.mp4,6,4,1358522,data/encodings/1358522/1358522_S06E04_20784_0.npy
1029,1080,1920,1,1101,1170,235,303,4692,0.002,20784,/home/amos/media/tv/White.Collar.S01-S06.1080p.BluRay.x265-RARBG/White.Collar.S06.1080p.WEBRip.x265-RARBG/White.Collar.S06E04.1080p.WEBRip.x265-RARBG.mp4,6,4,1358522,data/encodings/1358522/1358522_S06E04_20784_1.npy
1030,1080,1920,2,808,890,270,352,6724,0.003,20784,/home/amos/media/tv/White.Collar.S01-S06.1080p.BluRay.x265-RARBG/White.Collar.S06.1080p.WEBRip.x265-RARBG/White.Collar.S06E04.1080p.WEBRip.x265-RARBG.mp4,6,4,1358522,data/encodings/1358522/1358522_S06E04_20784_2.npy
1031,1080,1920,3,957,996,409,449,1560,0.001,20784,/home/amos/media/tv/White.Collar.S01-S06.1080p.BluRay.x265-RARBG/White.Collar.S06.1080p.WEBRip.x265-RARBG/White.Collar.S06E04.1080p.WEBRip.x265-RARBG.mp4,6,4,1358522,data/encodings/1358522/1358522_S06E04_20784_3.npy
1032,1080,1920,0,783,865,278,360,6724,0.003,20808,/home/amos/media/tv/White.Collar.S01-S06.1080p.BluRay.x265-RARBG/White.Collar.S06.1080p.WEBRip.x265-RARBG/White.Collar.S06E04.1080p.WEBRip.x265-RARBG.mp4,6,4,1358522,data/encodings/1358522/1358522_S06E04_20808_0.npy
1033,1080,1920,1,1412,1481,353,421,4692,0.002,20808,/home/amos/media/tv/White.Collar.S01-S06.1080p.BluRay.x265-RARBG/White.Collar.S06.1080p.WEBRip.x265-RARBG/White.Collar.S06E04.1080p.WEBRip.x265-RARBG.mp4,6,4,1358522,data/encodings/1358522/1358522_S06E04_20808_1.npy
1034,1080,1920,2,1164,1232,235,303,4624,0.002,20808,/home/amos/media/tv/White.Collar.S01-S06.1080p.BluRay.x265-RARBG/White.Collar.S06.1080p.WEBRip.x265-RARBG/White.Collar.S06E04.1080p.WEBRip.x265-RARBG.mp4,6,4,1358522,data/encodings/1358522/1358522_S06E04_20808_2.npy
1035,1080,1920,3,1001,1040,421,461,1560,0.001,20808,/home/amos/media/tv/White.Collar.S01-S06.1080p.BluRay.x265-RARBG/White.Collar.S06.1080p.WEBRip.x265-RARBG/White.Collar.S06E04.1080p.WEBRip.x265-RARBG.mp4,6,4,1358522,data/encodings/1358522/1358522_S06E04_20808_3.npy
1036,1080,1920,0,1177,1246,256,324,4692,0.002,20832,/home/amos/media/tv/White.Collar.S01-S06.1080p.BluRay.x265-RARBG/White.Collar.S06.1080p.WEBRip.x265-RARBG/White.Collar.S06E04.1080p.WEBRip.x265-RARBG.mp4,6,4,1358522,data/encodings/1358522/1358522_S06E04_20832_0.npy
1037,1080,1920,1,1419,1488,373,442,4761,0.002,20832,/home/amos/media/tv/White.Collar.S01-S06.1080p.BluRay.x265-RARBG/White.Collar.S06.1080p.WEBRip.x265-RARBG/White.Collar.S06E04.1080p.WEBRip.x265-RARBG.mp4,6,4,1358522,data/encodings/1358522/1358522_S06E04_20832_1.npy
1038,1080,1920,2,746,844,287,385,9604,0.005,20832,/home/amos/media/tv/White.Collar.S01-S06.1080p.BluRay.x265-RARBG/White.Collar.S06.1080p.WEBRip.x265-RARBG/White.Collar.S06E04.1080p.WEBRip.x265-RARBG.mp4,6,4,1358522,data/encodings/1358522/1358522_S06E04_20832_2.npy
1039,1080,1920,0,1205,1273,270,338,4624,0.002,20856,/home/amos/media/tv/White.Collar.S01-S06.1080p.BluRay.x265-RARBG/White.Collar.S06.1080p.WEBRip.x265-RARBG/White.Collar.S06E04.1080p.WEBRip.x265-RARBG.mp4,6,4,1358522,data/encodings/1358522/1358522_S06E04_20856_0.npy
1040,1080,1920,1,1412,1481,394,462,4692,0.002,20856,/home/amos/media/tv/White.Collar.S01-S06.1080p.BluRay.x265-RARBG/White.Collar.S06.1080p.WEBRip.x265-RARBG/White.Collar.S06E04.1080p.WEBRip.x265-RARBG.mp4,6,4,1358522,data/encodings/1358522/1358522_S06E04_20856_1.npy
1041,1080,1920,2,776,874,307,405,9604,0.005,20856,/home/amos/media/tv/White.Collar.S01-S06.1080p.BluRay.x265-RARBG/White.Collar.S06.1080p.WEBRip.x265-RARBG/White.Collar.S06E04.1080p.WEBRip.x265-RARBG.mp4,6,4,1358522,data/encodings/1358522/1358522_S06E04_20856_2.npy
1042,1080,1920,0,1318,1488,95,265,28900,0.014,20880,/home/amos/media/tv/White.Collar.S01-S06.1080p.BluRay.x265-RARBG/White.Collar.S06.1080p.WEBRip.x265-RARBG/White.Collar.S06E04.1080p.WEBRip.x265-RARBG.mp4,6,4,1358522,data/encodings/1358522/1358522_S06E04_20880_0.npy
1043,1080,1920,1,699,869,353,523,28900,0.014,20880,/home/amos/media/tv/White.Collar.S01-S06.1080p.BluRay.x265-RARBG/White.Collar.S06.1080p.WEBRip.x265-RARBG/White.Collar.S06E04.1080p.WEBRip.x265-RARBG.mp4,6,4,1358522,data/encodings/1358522/1358522_S06E04_20880_1.npy
1044,1080,1920,0,596,766,491,661,28900,0.014,20904,/home/amos/media/tv/White.Collar.S01-S06.1080p.BluRay.x265-RARBG/White.Collar.S06.1080p.WEBRip.x265-RARBG/White.Collar.S06E04.1080p.WEBRip.x265-RARBG.mp4,6,4,1358522,data/encodings/1358522/1358522_S06E04_20904_0.npy
1045,1080,1920,1,1232,1402,216,385,28730,0.014,20904,/home/amos/media/tv/White.Collar.S01-S06.1080p.BluRay.x265-RARBG/White.Collar.S06.1080p.WEBRip.x265-RARBG/White.Collar.S06E04.1080p.WEBRip.x265-RARBG.mp4,6,4,1358522,data/encodings/1358522/1358522_S06E04_20904_1.npy
1046,1080,1920,0,630,800,491,661,28900,0.014,20928,/home/amos/media/tv/White.Collar.S01-S06.1080p.BluRay.x265-RARBG/White.Collar.S06.1080p.WEBRip.x265-RARBG/White.Collar.S06E04.1080p.WEBRip.x265-RARBG.mp4,6,4,1358522,data/encodings/1358522/1358522_S06E04_20928_0.npy
1047,1080,1920,1,1456,1625,267,437,28730,0.014,20928,/home/amos/media/tv/White.Collar.S01-S06.1080p.BluRay.x265-RARBG/White.Collar.S06.1080p.WEBRip.x265-RARBG/White.Collar.S06E04.1080p.WEBRip.x265-RARBG.mp4,6,4,1358522,data/encodings/1358522/1358522_S06E04_20928_1.npy
1048,1080,1920,0,1662,1832,284,454,28900,0.014,20952,/home/amos/media/tv/White.Collar.S01-S06.1080p.BluRay.x265-RARBG/White.Collar.S06.1080p.WEBRip.x265-RARBG/White.Collar.S06E04.1080p.WEBRip.x265-RARBG.mp4,6,4,1358522,data/encodings/1358522/1358522_S06E04_20952_0.npy
1049,1080,1920,1,785,955,491,661,28900,0.014,20952,/home/amos/media/tv/White.Collar.S01-S06.1080p.BluRay.x265-RARBG/White.Collar.S06.1080p.WEBRip.x265-RARBG/White.Collar.S06E04.1080p.WEBRip.x265-RARBG.mp4,6,4,1358522,data/encodings/1358522/1358522_S06E04_20952_1.npy
1050,1080,1920,0,1421,1591,216,385,28730,0.014,20976,/home/amos/media/tv/White.Collar.S01-S06.1080p.BluRay.x265-RARBG/White.Collar.S06.1080p.WEBRip.x265-RARBG/White.Collar.S06E04.1080p.WEBRip.x265-RARBG.mp4,6,4,1358522,data/encodings/1358522/1358522_S06E04_20976_0.npy
1051,1080,1920,1,733,903,405,575,28900,0.014,20976,/home/amos/media/tv/White.Collar.S01-S06.1080p.BluRay.x265-RARBG/White.Collar.S06.1080p.WEBRip.x265-RARBG/White.Collar.S06E04.1080p.WEBRip.x265-RARBG.mp4,6,4,1358522,data/encodings/1358522/1358522_S06E04_20976_1.npy
1052,1080,1920,0,1301,1471,95,265,28900,0.014,21000,/home/amos/media/tv/White.Collar.S01-S06.1080p.BluRay.x265-RARBG/White.Collar.S06.1080p.WEBRip.x265-RARBG/White.Collar.S06E04.1080p.WEBRip.x265-RARBG.mp4,6,4,1358522,data/encodings/1358522/1358522_S06E04_21000_0.npy
1053,1080,1920,1,664,834,250,420,28900,0.014,21000,/home/amos/media/tv/White.Collar.S01-S06.1080p.BluRay.x265-RARBG/White.Collar.S06.1080p.WEBRip.x265-RARBG/White.Collar.S06E04.1080p.WEBRip.x265-RARBG.mp4,6,4,1358522,data/encodings/1358522/1358522_S06E04_21000_1.npy
1054,1080,1920,0,1404,1546,240,382,20164,0.01,21024,/home/amos/media/tv/White.Collar.S01-S06.1080p.BluRay.x265-RARBG/White.Collar.S06.1080p.WEBRip.x265-RARBG/White.Collar.S06E04.1080p.WEBRip.x265-RARBG.mp4,6,4,1358522,data/encodings/1358522/1358522_S06E04_21024_0.npy
1055,1080,1920,1,630,772,298,439,20022,0.01,21024,/home/amos/media/tv/White.Collar.S01-S06.1080p.BluRay.x265-RARBG/White.Collar.S06.1080p.WEBRip.x265-RARBG/White.Collar.S06E04.1080p.WEBRip.x265-RARBG.mp4,6,4,1358522,data/encodings/1358522/1358522_S06E04_21024_1.npy
1056,1080,1920,0,1318,1488,198,368,28900,0.014,21048,/home/amos/media/tv/White.Collar.S01-S06.1080p.BluRay.x265-RARBG/White.Collar.S06.1080p.WEBRip.x265-RARBG/White.Collar.S06E04.1080p.WEBRip.x265-RARBG.mp4,6,4,1358522,data/encodings/1358522/1358522_S06E04_21048_0.npy
1057,1080,1920,1,613,783,284,454,28900,0.014,21048,/home/amos/media/tv/White.Collar.S01-S06.1080p.BluRay.x265-RARBG/White.Collar.S06.1080p.WEBRip.x265-RARBG/White.Collar.S06E04.1080p.WEBRip.x265-RARBG.mp4,6,4,1358522,data/encodings/1358522/1358522_S06E04_21048_1.npy
1058,1080,1920,0,1318,1488,181,351,28900,0.014,21072,/home/amos/media/tv/White.Collar.S01-S06.1080p.BluRay.x265-RARBG/White.Collar.S06.1080p.WEBRip.x265-RARBG/White.Collar.S06E04.1080p.WEBRip.x265-RARBG.mp4,6,4,1358522,data/encodings/1358522/1358522_S06E04_21072_0.npy
1059,1080,1920,1,596,766,353,523,28900,0.014,21072,/home/amos/media/tv/White.Collar.S01-S06.1080p.BluRay.x265-RARBG/White.Collar.S06.1080p.WEBRip.x265-RARBG/White.Collar.S06E04.1080p.WEBRip.x265-RARBG.mp4,6,4,1358522,data/encodings/1358522/1358522_S06E04_21072_1.npy
1060,1080,1920,0,1284,1453,164,334,28730,0.014,21096,/home/amos/media/tv/White.Collar.S01-S06.1080p.BluRay.x265-RARBG/White.Collar.S06.1080p.WEBRip.x265-RARBG/White.Collar.S06E04.1080p.WEBRip.x265-RARBG.mp4,6,4,1358522,data/encodings/1358522/1358522_S06E04_21096_0.npy
1061,1080,1920,1,527,697,370,540,28900,0.014,21096,/home/amos/media/tv/White.Collar.S01-S06.1080p.BluRay.x265-RARBG/White.Collar.S06.1080p.WEBRip.x265-RARBG/White.Collar.S06E04.1080p.WEBRip.x265-RARBG.mp4,6,4,1358522,data/encodings/1358522/1358522_S06E04_21096_1.npy
1062,1080,1920,0,1180,1350,164,334,28900,0.014,21120,/home/amos/media/tv/White.Collar.S01-S06.1080p.BluRay.x265-RARBG/White.Collar.S06.1080p.WEBRip.x265-RARBG/White.Collar.S06E04.1080p.WEBRip.x265-RARBG.mp4,6,4,1358522,data/encodings/1358522/1358522_S06E04_21120_0.npy
1063,1080,1920,1,406,576,370,540,28900,0.014,21120,/home/amos/media/tv/White.Collar.S01-S06.1080p.BluRay.x265-RARBG/White.Collar.S06.1080p.WEBRip.x265-RARBG/White.Collar.S06E04.1080p.WEBRip.x265-RARBG.mp4,6,4,1358522,data/encodings/1358522/1358522_S06E04_21120_1.npy
1064,1080,1920,0,1146,1316,216,385,28730,0.014,21144,/home/amos/media/tv/White.Collar.S01-S06.1080p.BluRay.x265-RARBG/White.Collar.S06.1080p.WEBRip.x265-RARBG/White.Collar.S06E04.1080p.WEBRip.x265-RARBG.mp4,6,4,1358522,data/encodings/1358522/1358522_S06E04_21144_0.npy
1065,1080,1920,1,441,611,422,592,28900,0.014,21144,/home/amos/media/tv/White.Collar.S01-S06.1080p.BluRay.x265-RARBG/White.Collar.S06.1080p.WEBRip.x265-RARBG/White.Collar.S06E04.1080p.WEBRip.x265-RARBG.mp4,6,4,1358522,data/encodings/1358522/1358522_S06E04_21144_1.npy
1066,1080,1920,0,510,680,491,661,28900,0.014,21168,/home/amos/media/tv/White.Collar.S01-S06.1080p.BluRay.x265-RARBG/White.Collar.S06.1080p.WEBRip.x265-RARBG/White.Collar.S06E04.1080p.WEBRip.x265-RARBG.mp4,6,4,1358522,data/encodings/1358522/1358522_S06E04_21168_0.npy
1067,1080,1920,1,1260,1463,244,447,41209,0.02,21168,/home/amos/media/tv/White.Collar.S01-S06.1080p.BluRay.x265-RARBG/White.Collar.S06.1080p.WEBRip.x265-RARBG/White.Collar.S06E04.1080p.WEBRip.x265-RARBG.mp4,6,4,1358522,data/encodings/1358522/1358522_S06E04_21168_1.npy
1068,1080,1920,0,537,741,429,633,41616,0.02,21192,/home/amos/media/tv/White.Collar.S01-S06.1080p.BluRay.x265-RARBG/White.Collar.S06.1080p.WEBRip.x265-RARBG/White.Collar.S06E04.1080p.WEBRip.x265-RARBG.mp4,6,4,1358522,data/encodings/1358522/1358522_S06E04_21192_0.npy
1069,1080,1920,1,1232,1402,233,403,28900,0.014,21192,/home/amos/media/tv/White.Collar.S01-S06.1080p.BluRay.x265-RARBG/White.Collar.S06.1080p.WEBRip.x265-RARBG/White.Collar.S06E04.1080p.WEBRip.x265-RARBG.mp4,6,4,1358522,data/encodings/1358522/1358522_S06E04_21192_1.npy
1070,1080,1920,0,510,680,388,557,28730,0.014,21216,/home/amos/media/tv/White.Collar.S01-S06.1080p.BluRay.x265-RARBG/White.Collar.S06.1080p.WEBRip.x265-RARBG/White.Collar.S06E04.1080p.WEBRip.x265-RARBG.mp4,6,4,1358522,data/encodings/1358522/1358522_S06E04_21216_0.npy
1071,1080,1920,1,1352,1522,147,317,28900,0.014,21216,/home/amos/media/tv/White.Collar.S01-S06.1080p.BluRay.x265-RARBG/White.Collar.S06.1080p.WEBRip.x265-RARBG/White.Collar.S06E04.1080p.WEBRip.x265-RARBG.mp4,6,4,1358522,data/encodings/1358522/1358522_S06E04_21216_1.npy
1072,1080,1920,0,661,865,409,613,41616,0.02,21240,/home/amos/media/tv/White.Collar.S01-S06.1080p.BluRay.x265-RARBG/White.Collar.S06.1080p.WEBRip.x265-RARBG/White.Collar.S06E04.1080p.WEBRip.x265-RARBG.mp4,6,4,1358522,data/encodings/1358522/1358522_S06E04_21240_0.npy
1073,1080,1920,1,1387,1557,250,420,28900,0.014,21240,/home/amos/media/tv/White.Collar.S01-S06.1080p.BluRay.x265-RARBG/White.Collar.S06.1080p.WEBRip.x265-RARBG/White.Collar.S06E04.1080p.WEBRip.x265-RARBG.mp4,6,4,1358522,data/encodings/1358522/1358522_S06E04_21240_1.npy
1074,1080,1920,0,537,741,409,613,41616,0.02,21264,/home/amos/media/tv/White.Collar.S01-S06.1080p.BluRay.x265-RARBG/White.Collar.S06.1080p.WEBRip.x265-RARBG/White.Collar.S06E04.1080p.WEBRip.x265-RARBG.mp4,6,4,1358522,data/encodings/1358522/1358522_S06E04_21264_0.npy
1075,1080,1920,1,1249,1419,250,420,28900,0.014,21264,/home/amos/media/tv/White.Collar.S01-S06.1080p.BluRay.x265-RARBG/White.Collar.S06.1080p.WEBRip.x265-RARBG/White.Collar.S06E04.1080p.WEBRip.x265-RARBG.mp4,6,4,1358522,data/encodings/1358522/1358522_S06E04_21264_1.npy
1076,1080,1920,0,608,852,379,624,59780,0.029,21288,/home/amos/media/tv/White.Collar.S01-S06.1080p.BluRay.x265-RARBG/White.Collar.S06.1080p.WEBRip.x265-RARBG/White.Collar.S06E04.1080p.WEBRip.x265-RARBG.mp4,6,4,1358522,data/encodings/1358522/1358522_S06E04_21288_0.npy
1077,1080,1920,1,1284,1453,216,385,28561,0.014,21288,/home/amos/media/tv/White.Collar.S01-S06.1080p.BluRay.x265-RARBG/White.Collar.S06.1080p.WEBRip.x265-RARBG/White.Collar.S06E04.1080p.WEBRip.x265-RARBG.mp4,6,4,1358522,data/encodings/1358522/1358522_S06E04_21288_1.npy
1078,1080,1920,0,960,1102,298,439,20022,0.01,21312,/home/amos/media/tv/White.Collar.S01-S06.1080p.BluRay.x265-RARBG/White.Collar.S06.1080p.WEBRip.x265-RARBG/White.Collar.S06E04.1080p.WEBRip.x265-RARBG.mp4,6,4,1358522,data/encodings/1358522/1358522_S06E04_21312_0.npy
1079,1080,1920,0,946,1087,298,439,19881,0.01,21336,/home/amos/media/tv/White.Collar.S01-S06.1080p.BluRay.x265-RARBG/White.Collar.S06.1080p.WEBRip.x265-RARBG/White.Collar.S06E04.1080p.WEBRip.x265-RARBG.mp4,6,4,1358522,data/encodings/1358522/1358522_S06E04_21336_0.npy
1080,1080,1920,0,931,1073,298,439,20022,0.01,21360,/home/amos/media/tv/White.Collar.S01-S06.1080p.BluRay.x265-RARBG/White.Collar.S06.1080p.WEBRip.x265-RARBG/White.Collar.S06E04.1080p.WEBRip.x265-RARBG.mp4,6,4,1358522,data/encodings/1358522/1358522_S06E04_21360_0.npy
1081,1080,1920,0,903,1044,312,454,20022,0.01,21384,/home/amos/media/tv/White.Collar.S01-S06.1080p.BluRay.x265-RARBG/White.Collar.S06.1080p.WEBRip.x265-RARBG/White.Collar.S06E04.1080p.WEBRip.x265-RARBG.mp4,6,4,1358522,data/encodings/1358522/1358522_S06E04_21384_0.npy
1082,1080,1920,0,1524,1694,112,282,28900,0.014,21408,/home/amos/media/tv/White.Collar.S01-S06.1080p.BluRay.x265-RARBG/White.Collar.S06.1080p.WEBRip.x265-RARBG/White.Collar.S06E04.1080p.WEBRip.x265-RARBG.mp4,6,4,1358522,data/encodings/1358522/1358522_S06E04_21408_0.npy
1083,1080,1920,1,596,766,233,403,28900,0.014,21408,/home/amos/media/tv/White.Collar.S01-S06.1080p.BluRay.x265-RARBG/White.Collar.S06.1080p.WEBRip.x265-RARBG/White.Collar.S06E04.1080p.WEBRip.x265-RARBG.mp4,6,4,1358522,data/encodings/1358522/1358522_S06E04_21408_1.npy
1084,1080,1920,0,1387,1557,164,334,28900,0.014,21432,/home/amos/media/tv/White.Collar.S01-S06.1080p.BluRay.x265-RARBG/White.Collar.S06.1080p.WEBRip.x265-RARBG/White.Collar.S06E04.1080p.WEBRip.x265-RARBG.mp4,6,4,1358522,data/encodings/1358522/1358522_S06E04_21432_0.npy
1085,1080,1920,1,331,535,182,385,41412,0.02,21432,/home/amos/media/tv/White.Collar.S01-S06.1080p.BluRay.x265-RARBG/White.Collar.S06.1080p.WEBRip.x265-RARBG/White.Collar.S06E04.1080p.WEBRip.x265-RARBG.mp4,6,4,1358522,data/encodings/1358522/1358522_S06E04_21432_1.npy
1086,1080,1920,0,1352,1522,130,299,28730,0.014,21456,/home/amos/media/tv/White.Collar.S01-S06.1080p.BluRay.x265-RARBG/White.Collar.S06.1080p.WEBRip.x265-RARBG/White.Collar.S06E04.1080p.WEBRip.x265-RARBG.mp4,6,4,1358522,data/encodings/1358522/1358522_S06E04_21456_0.npy
1087,1080,1920,0,1266,1436,130,299,28730,0.014,21480,/home/amos/media/tv/White.Collar.S01-S06.1080p.BluRay.x265-RARBG/White.Collar.S06.1080p.WEBRip.x265-RARBG/White.Collar.S06E04.1080p.WEBRip.x265-RARBG.mp4,6,4,1358522,data/encodings/1358522/1358522_S06E04_21480_0.npy
1088,1080,1920,1,458,628,302,471,28730,0.014,21480,/home/amos/media/tv/White.Collar.S01-S06.1080p.BluRay.x265-RARBG/White.Collar.S06.1080p.WEBRip.x265-RARBG/White.Collar.S06E04.1080p.WEBRip.x265-RARBG.mp4,6,4,1358522,data/encodings/1358522/1358522_S06E04_21480_1.npy
1089,1080,1920,0,1215,1385,216,385,28730,0.014,21504,/home/amos/media/tv/White.Collar.S01-S06.1080p.BluRay.x265-RARBG/White.Collar.S06.1080p.WEBRip.x265-RARBG/White.Collar.S06E04.1080p.WEBRip.x265-RARBG.mp4,6,4,1358522,data/encodings/1358522/1358522_S06E04_21504_0.npy
1090,1080,1920,1,544,686,384,525,20022,0.01,21504,/home/amos/media/tv/White.Collar.S01-S06.1080p.BluRay.x265-RARBG/White.Collar.S06.1080p.WEBRip.x265-RARBG/White.Collar.S06E04.1080p.WEBRip.x265-RARBG.mp4,6,4,1358522,data/encodings/1358522/1358522_S06E04_21504_1.npy
1091,1080,1920,0,587,729,369,511,20164,0.01,21528,/home/amos/media/tv/White.Collar.S01-S06.1080p.BluRay.x265-RARBG/White.Collar.S06.1080p.WEBRip.x265-RARBG/White.Collar.S06E04.1080p.WEBRip.x265-RARBG.mp4,6,4,1358522,data/encodings/1358522/1358522_S06E04_21528_0.npy
1092,1080,1920,1,1261,1403,240,382,20164,0.01,21528,/home/amos/media/tv/White.Collar.S01-S06.1080p.BluRay.x265-RARBG/White.Collar.S06.1080p.WEBRip.x265-RARBG/White.Collar.S06E04.1080p.WEBRip.x265-RARBG.mp4,6,4,1358522,data/encodings/1358522/1358522_S06E04_21528_1.npy
1093,1080,1920,0,1275,1417,183,325,20164,0.01,21552,/home/amos/media/tv/White.Collar.S01-S06.1080p.BluRay.x265-RARBG/White.Collar.S06.1080p.WEBRip.x265-RARBG/White.Collar.S06E04.1080p.WEBRip.x265-RARBG.mp4,6,4,1358522,data/encodings/1358522/1358522_S06E04_21552_0.npy
1094,1080,1920,1,655,773,327,445,13924,0.007,21552,/home/amos/media/tv/White.Collar.S01-S06.1080p.BluRay.x265-RARBG/White.Collar.S06.1080p.WEBRip.x265-RARBG/White.Collar.S06E04.1080p.WEBRip.x265-RARBG.mp4,6,4,1358522,data/encodings/1358522/1358522_S06E04_21552_1.npy
1095,1080,1920,0,1247,1388,183,325,20022,0.01,21576,/home/amos/media/tv/White.Collar.S01-S06.1080p.BluRay.x265-RARBG/White.Collar.S06.1080p.WEBRip.x265-RARBG/White.Collar.S06E04.1080p.WEBRip.x265-RARBG.mp4,6,4,1358522,data/encodings/1358522/1358522_S06E04_21576_0.npy
1096,1080,1920,1,703,821,339,457,13924,0.007,21576,/home/amos/media/tv/White.Collar.S01-S06.1080p.BluRay.x265-RARBG/White.Collar.S06.1080p.WEBRip.x265-RARBG/White.Collar.S06E04.1080p.WEBRip.x265-RARBG.mp4,6,4,1358522,data/encodings/1358522/1358522_S06E04_21576_1.npy
1097,1080,1920,0,703,821,339,457,13924,0.007,21600,/home/amos/media/tv/White.Collar.S01-S06.1080p.BluRay.x265-RARBG/White.Collar.S06.1080p.WEBRip.x265-RARBG/White.Collar.S06E04.1080p.WEBRip.x265-RARBG.mp4,6,4,1358522,data/encodings/1358522/1358522_S06E04_21600_0.npy
1098,1080,1920,1,1264,1382,184,302,13924,0.007,21600,/home/amos/media/tv/White.Collar.S01-S06.1080p.BluRay.x265-RARBG/White.Collar.S06.1080p.WEBRip.x265-RARBG/White.Collar.S06E04.1080p.WEBRip.x265-RARBG.mp4,6,4,1358522,data/encodings/1358522/1358522_S06E04_21600_1.npy
1099,1080,1920,0,1247,1388,197,339,20022,0.01,21624,/home/amos/media/tv/White.Collar.S01-S06.1080p.BluRay.x265-RARBG/White.Collar.S06.1080p.WEBRip.x265-RARBG/White.Collar.S06E04.1080p.WEBRip.x265-RARBG.mp4,6,4,1358522,data/encodings/1358522/1358522_S06E04_21624_0.npy
1100,1080,1920,1,703,821,339,457,13924,0.007,21624,/home/amos/media/tv/White.Collar.S01-S06.1080p.BluRay.x265-RARBG/White.Collar.S06.1080p.WEBRip.x265-RARBG/White.Collar.S06E04.1080p.WEBRip.x265-RARBG.mp4,6,4,1358522,data/encodings/1358522/1358522_S06E04_21624_1.npy
1101,1080,1920,0,1252,1370,231,349,13924,0.007,21648,/home/amos/media/tv/White.Collar.S01-S06.1080p.BluRay.x265-RARBG/White.Collar.S06.1080p.WEBRip.x265-RARBG/White.Collar.S06E04.1080p.WEBRip.x265-RARBG.mp4,6,4,1358522,data/encodings/1358522/1358522_S06E04_21648_0.npy
1102,1080,1920,1,750,868,327,445,13924,0.007,21648,/home/amos/media/tv/White.Collar.S01-S06.1080p.BluRay.x265-RARBG/White.Collar.S06.1080p.WEBRip.x265-RARBG/White.Collar.S06E04.1080p.WEBRip.x265-RARBG.mp4,6,4,1358522,data/encodings/1358522/1358522_S06E04_21648_1.npy
1103,1080,1920,0,739,856,315,433,13806,0.007,21672,/home/amos/media/tv/White.Collar.S01-S06.1080p.BluRay.x265-RARBG/White.Collar.S06.1080p.WEBRip.x265-RARBG/White.Collar.S06E04.1080p.WEBRip.x265-RARBG.mp4,6,4,1358522,data/encodings/1358522/1358522_S06E04_21672_0.npy
1104,1080,1920,1,1204,1322,208,325,13806,0.007,21672,/home/amos/media/tv/White.Collar.S01-S06.1080p.BluRay.x265-RARBG/White.Collar.S06.1080p.WEBRip.x265-RARBG/White.Collar.S06E04.1080p.WEBRip.x265-RARBG.mp4,6,4,1358522,data/encodings/1358522/1358522_S06E04_21672_1.npy
1105,1080,1920,0,1133,1251,148,266,13924,0.007,21696,/home/amos/media/tv/White.Collar.S01-S06.1080p.BluRay.x265-RARBG/White.Collar.S06.1080p.WEBRip.x265-RARBG/White.Collar.S06E04.1080p.WEBRip.x265-RARBG.mp4,6,4,1358522,data/encodings/1358522/1358522_S06E04_21696_0.npy
1106,1080,1920,1,619,737,291,409,13924,0.007,21696,/home/amos/media/tv/White.Collar.S01-S06.1080p.BluRay.x265-RARBG/White.Collar.S06.1080p.WEBRip.x265-RARBG/White.Collar.S06E04.1080p.WEBRip.x265-RARBG.mp4,6,4,1358522,data/encodings/1358522/1358522_S06E04_21696_1.npy
1107,1080,1920,0,1128,1373,206,450,59780,0.029,21720,/home/amos/media/tv/White.Collar.S01-S06.1080p.BluRay.x265-RARBG/White.Collar.S06.1080p.WEBRip.x265-RARBG/White.Collar.S06E04.1080p.WEBRip.x265-RARBG.mp4,6,4,1358522,data/encodings/1358522/1358522_S06E04_21720_0.npy
1108,1080,1920,1,385,630,305,550,60025,0.029,21720,/home/amos/media/tv/White.Collar.S01-S06.1080p.BluRay.x265-RARBG/White.Collar.S06.1080p.WEBRip.x265-RARBG/White.Collar.S06E04.1080p.WEBRip.x265-RARBG.mp4,6,4,1358522,data/encodings/1358522/1358522_S06E04_21720_1.npy
1109,1080,1920,0,435,679,330,574,59536,0.029,21744,/home/amos/media/tv/White.Collar.S01-S06.1080p.BluRay.x265-RARBG/White.Collar.S06.1080p.WEBRip.x265-RARBG/White.Collar.S06E04.1080p.WEBRip.x265-RARBG.mp4,6,4,1358522,data/encodings/1358522/1358522_S06E04_21744_0.npy
1110,1080,1920,1,1156,1360,244,447,41412,0.02,21744,/home/amos/media/tv/White.Collar.S01-S06.1080p.BluRay.x265-RARBG/White.Collar.S06.1080p.WEBRip.x265-RARBG/White.Collar.S06E04.1080p.WEBRip.x265-RARBG.mp4,6,4,1358522,data/encodings/1358522/1358522_S06E04_21744_1.npy
1111,1080,1920,0,957,1127,284,454,28900,0.014,21768,/home/amos/media/tv/White.Collar.S01-S06.1080p.BluRay.x265-RARBG/White.Collar.S06.1080p.WEBRip.x265-RARBG/White.Collar.S06E04.1080p.WEBRip.x265-RARBG.mp4,6,4,1358522,data/encodings/1358522/1358522_S06E04_21768_0.npy
1112,1080,1920,1,882,1176,195,489,86436,0.042,21768,/home/amos/media/tv/White.Collar.S01-S06.1080p.BluRay.x265-RARBG/White.Collar.S06.1080p.WEBRip.x265-RARBG/White.Collar.S06E04.1080p.WEBRip.x265-RARBG.mp4,6,4,1358522,data/encodings/1358522/1358522_S06E04_21768_1.npy
1113,1080,1920,0,517,720,306,509,41209,0.02,21792,/home/amos/media/tv/White.Collar.S01-S06.1080p.BluRay.x265-RARBG/White.Collar.S06.1080p.WEBRip.x265-RARBG/White.Collar.S06E04.1080p.WEBRip.x265-RARBG.mp4,6,4,1358522,data/encodings/1358522/1358522_S06E04_21792_0.npy
1114,1080,1920,1,1284,1453,216,385,28561,0.014,21792,/home/amos/media/tv/White.Collar.S01-S06.1080p.BluRay.x265-RARBG/White.Collar.S06.1080p.WEBRip.x265-RARBG/White.Collar.S06E04.1080p.WEBRip.x265-RARBG.mp4,6,4,1358522,data/encodings/1358522/1358522_S06E04_21792_1.npy
1115,1080,1920,0,455,658,264,468,41412,0.02,21816,/home/amos/media/tv/White.Collar.S01-S06.1080p.BluRay.x265-RARBG/White.Collar.S06.1080p.WEBRip.x265-RARBG/White.Collar.S06E04.1080p.WEBRip.x265-RARBG.mp4,6,4,1358522,data/encodings/1358522/1358522_S06E04_21816_0.npy
1116,1080,1920,1,1284,1453,216,385,28561,0.014,21816,/home/amos/media/tv/White.Collar.S01-S06.1080p.BluRay.x265-RARBG/White.Collar.S06.1080p.WEBRip.x265-RARBG/White.Collar.S06E04.1080p.WEBRip.x265-RARBG.mp4,6,4,1358522,data/encodings/1358522/1358522_S06E04_21816_1.npy
1117,1080,1920,0,955,1199,231,475,59536,0.029,21840,/home/amos/media/tv/White.Collar.S01-S06.1080p.BluRay.x265-RARBG/White.Collar.S06.1080p.WEBRip.x265-RARBG/White.Collar.S06E04.1080p.WEBRip.x265-RARBG.mp4,6,4,1358522,data/encodings/1358522/1358522_S06E04_21840_0.npy
1118,1080,1920,1,377,670,344,637,85849,0.041,21840,/home/amos/media/tv/White.Collar.S01-S06.1080p.BluRay.x265-RARBG/White.Collar.S06.1080p.WEBRip.x265-RARBG/White.Collar.S06E04.1080p.WEBRip.x265-RARBG.mp4,6,4,1358522,data/encodings/1358522/1358522_S06E04_21840_1.npy
1119,1080,1920,0,912,1205,195,489,86142,0.042,21864,/home/amos/media/tv/White.Collar.S01-S06.1080p.BluRay.x265-RARBG/White.Collar.S06.1080p.WEBRip.x265-RARBG/White.Collar.S06E04.1080p.WEBRip.x265-RARBG.mp4,6,4,1358522,data/encodings/1358522/1358522_S06E04_21864_0.npy
1120,1080,1920,0,823,1116,225,519,86142,0.042,21888,/home/amos/media/tv/White.Collar.S01-S06.1080p.BluRay.x265-RARBG/White.Collar.S06.1080p.WEBRip.x265-RARBG/White.Collar.S06E04.1080p.WEBRip.x265-RARBG.mp4,6,4,1358522,data/encodings/1358522/1358522_S06E04_21888_0.npy
1121,1080,1920,0,806,1051,231,475,59780,0.029,21912,/home/amos/media/tv/White.Collar.S01-S06.1080p.BluRay.x265-RARBG/White.Collar.S06.1080p.WEBRip.x265-RARBG/White.Collar.S06E04.1080p.WEBRip.x265-RARBG.mp4,6,4,1358522,data/encodings/1358522/1358522_S06E04_21912_0.npy
1122,1080,1920,0,848,905,361,418,3249,0.002,22032,/home/amos/media/tv/White.Collar.S01-S06.1080p.BluRay.x265-RARBG/White.Collar.S06.1080p.WEBRip.x265-RARBG/White.Collar.S06E04.1080p.WEBRip.x265-RARBG.mp4,6,4,1358522,data/encodings/1358522/1358522_S06E04_22032_0.npy
1123,1080,1920,0,806,1051,255,500,60025,0.029,22080,/home/amos/media/tv/White.Collar.S01-S06.1080p.BluRay.x265-RARBG/White.Collar.S06.1080p.WEBRip.x265-RARBG/White.Collar.S06E04.1080p.WEBRip.x265-RARBG.mp4,6,4,1358522,data/encodings/1358522/1358522_S06E04_22080_0.npy
1124,1080,1920,0,905,1150,280,525,60025,0.029,22104,/home/amos/media/tv/White.Collar.S01-S06.1080p.BluRay.x265-RARBG/White.Collar.S06.1080p.WEBRip.x265-RARBG/White.Collar.S06E04.1080p.WEBRip.x265-RARBG.mp4,6,4,1358522,data/encodings/1358522/1358522_S06E04_22104_0.npy
1125,1080,1920,0,466,760,255,548,86142,0.042,22128,/home/amos/media/tv/White.Collar.S01-S06.1080p.BluRay.x265-RARBG/White.Collar.S06.1080p.WEBRip.x265-RARBG/White.Collar.S06E04.1080p.WEBRip.x265-RARBG.mp4,6,4,1358522,data/encodings/1358522/1358522_S06E04_22128_0.npy
1126,1080,1920,0,1335,1505,749,919,28900,0.014,22272,/home/amos/media/tv/White.Collar.S01-S06.1080p.BluRay.x265-RARBG/White.Collar.S06.1080p.WEBRip.x265-RARBG/White.Collar.S06E04.1080p.WEBRip.x265-RARBG.mp4,6,4,1358522,data/encodings/1358522/1358522_S06E04_22272_0.npy
1127,1080,1920,0,854,1024,439,609,28900,0.014,22296,/home/amos/media/tv/White.Collar.S01-S06.1080p.BluRay.x265-RARBG/White.Collar.S06.1080p.WEBRip.x265-RARBG/White.Collar.S06E04.1080p.WEBRip.x265-RARBG.mp4,6,4,1358522,data/encodings/1358522/1358522_S06E04_22296_0.npy
1128,1080,1920,0,688,829,298,439,19881,0.01,22320,/home/amos/media/tv/White.Collar.S01-S06.1080p.BluRay.x265-RARBG/White.Collar.S06.1080p.WEBRip.x265-RARBG/White.Collar.S06E04.1080p.WEBRip.x265-RARBG.mp4,6,4,1358522,data/encodings/1358522/1358522_S06E04_22320_0.npy
1129,1080,1920,0,682,927,255,500,60025,0.029,22416,/home/amos/media/tv/White.Collar.S01-S06.1080p.BluRay.x265-RARBG/White.Collar.S06.1080p.WEBRip.x265-RARBG/White.Collar.S06E04.1080p.WEBRip.x265-RARBG.mp4,6,4,1358522,data/encodings/1358522/1358522_S06E04_22416_0.npy
1130,1080,1920,0,644,938,166,459,86142,0.042,22440,/home/amos/media/tv/White.Collar.S01-S06.1080p.BluRay.x265-RARBG/White.Collar.S06.1080p.WEBRip.x265-RARBG/White.Collar.S06E04.1080p.WEBRip.x265-RARBG.mp4,6,4,1358522,data/encodings/1358522/1358522_S06E04_22440_0.npy
1131,1080,1920,0,555,849,225,519,86436,0.042,22464,/home/amos/media/tv/White.Collar.S01-S06.1080p.BluRay.x265-RARBG/White.Collar.S06.1080p.WEBRip.x265-RARBG/White.Collar.S06E04.1080p.WEBRip.x265-RARBG.mp4,6,4,1358522,data/encodings/1358522/1358522_S06E04_22464_0.npy
1132,1080,1920,0,459,704,181,426,60025,0.029,22608,/home/amos/media/tv/White.Collar.S01-S06.1080p.BluRay.x265-RARBG/White.Collar.S06.1080p.WEBRip.x265-RARBG/White.Collar.S06E04.1080p.WEBRip.x265-RARBG.mp4,6,4,1358522,data/encodings/1358522/1358522_S06E04_22608_0.npy
1133,1080,1920,0,459,704,206,450,59780,0.029,22632,/home/amos/media/tv/White.Collar.S01-S06.1080p.BluRay.x265-RARBG/White.Collar.S06.1080p.WEBRip.x265-RARBG/White.Collar.S06E04.1080p.WEBRip.x265-RARBG.mp4,6,4,1358522,data/encodings/1358522/1358522_S06E04_22632_0.npy
1134,1080,1920,0,436,730,195,489,86436,0.042,22656,/home/amos/media/tv/White.Collar.S01-S06.1080p.BluRay.x265-RARBG/White.Collar.S06.1080p.WEBRip.x265-RARBG/White.Collar.S06E04.1080p.WEBRip.x265-RARBG.mp4,6,4,1358522,data/encodings/1358522/1358522_S06E04_22656_0.npy
1135,1080,1920,0,961,1313,208,560,123904,0.06,22704,/home/amos/media/tv/White.Collar.S01-S06.1080p.BluRay.x265-RARBG/White.Collar.S06.1080p.WEBRip.x265-RARBG/White.Collar.S06E04.1080p.WEBRip.x265-RARBG.mp4,6,4,1358522,data/encodings/1358522/1358522_S06E04_22704_0.npy
1136,1080,1920,0,942,1235,285,578,85849,0.041,22728,/home/amos/media/tv/White.Collar.S01-S06.1080p.BluRay.x265-RARBG/White.Collar.S06.1080p.WEBRip.x265-RARBG/White.Collar.S06E04.1080p.WEBRip.x265-RARBG.mp4,6,4,1358522,data/encodings/1358522/1358522_S06E04_22728_0.npy
1137,1080,1920,0,585,878,225,519,86142,0.042,22752,/home/amos/media/tv/White.Collar.S01-S06.1080p.BluRay.x265-RARBG/White.Collar.S06.1080p.WEBRip.x265-RARBG/White.Collar.S06E04.1080p.WEBRip.x265-RARBG.mp4,6,4,1358522,data/encodings/1358522/1358522_S06E04_22752_0.npy
1138,1080,1920,0,633,877,231,475,59536,0.029,22776,/home/amos/media/tv/White.Collar.S01-S06.1080p.BluRay.x265-RARBG/White.Collar.S06.1080p.WEBRip.x265-RARBG/White.Collar.S06E04.1080p.WEBRip.x265-RARBG.mp4,6,4,1358522,data/encodings/1358522/1358522_S06E04_22776_0.npy
1139,1080,1920,0,608,852,255,500,59780,0.029,22800,/home/amos/media/tv/White.Collar.S01-S06.1080p.BluRay.x265-RARBG/White.Collar.S06.1080p.WEBRip.x265-RARBG/White.Collar.S06E04.1080p.WEBRip.x265-RARBG.mp4,6,4,1358522,data/encodings/1358522/1358522_S06E04_22800_0.npy
1140,1080,1920,0,1218,1360,312,454,20164,0.01,22824,/home/amos/media/tv/White.Collar.S01-S06.1080p.BluRay.x265-RARBG/White.Collar.S06.1080p.WEBRip.x265-RARBG/White.Collar.S06E04.1080p.WEBRip.x265-RARBG.mp4,6,4,1358522,data/encodings/1358522/1358522_S06E04_22824_0.npy
1141,1080,1920,0,1198,1367,302,471,28561,0.014,22848,/home/amos/media/tv/White.Collar.S01-S06.1080p.BluRay.x265-RARBG/White.Collar.S06.1080p.WEBRip.x265-RARBG/White.Collar.S06E04.1080p.WEBRip.x265-RARBG.mp4,6,4,1358522,data/encodings/1358522/1358522_S06E04_22848_0.npy
1142,1080,1920,0,1180,1350,302,471,28730,0.014,22872,/home/amos/media/tv/White.Collar.S01-S06.1080p.BluRay.x265-RARBG/White.Collar.S06.1080p.WEBRip.x265-RARBG/White.Collar.S06E04.1080p.WEBRip.x265-RARBG.mp4,6,4,1358522,data/encodings/1358522/1358522_S06E04_22872_0.npy
1143,1080,1920,0,1129,1299,302,471,28730,0.014,22896,/home/amos/media/tv/White.Collar.S01-S06.1080p.BluRay.x265-RARBG/White.Collar.S06.1080p.WEBRip.x265-RARBG/White.Collar.S06E04.1080p.WEBRip.x265-RARBG.mp4,6,4,1358522,data/encodings/1358522/1358522_S06E04_22896_0.npy
1144,1080,1920,0,823,1116,285,578,85849,0.041,22920,/home/amos/media/tv/White.Collar.S01-S06.1080p.BluRay.x265-RARBG/White.Collar.S06.1080p.WEBRip.x265-RARBG/White.Collar.S06E04.1080p.WEBRip.x265-RARBG.mp4,6,4,1358522,data/encodings/1358522/1358522_S06E04_22920_0.npy
1145,1080,1920,0,585,878,285,578,85849,0.041,22992,/home/amos/media/tv/White.Collar.S01-S06.1080p.BluRay.x265-RARBG/White.Collar.S06.1080p.WEBRip.x265-RARBG/White.Collar.S06E04.1080p.WEBRip.x265-RARBG.mp4,6,4,1358522,data/encodings/1358522/1358522_S06E04_22992_0.npy
1146,1080,1920,0,615,908,225,519,86142,0.042,23016,/home/amos/media/tv/White.Collar.S01-S06.1080p.BluRay.x265-RARBG/White.Collar.S06.1080p.WEBRip.x265-RARBG/White.Collar.S06E04.1080p.WEBRip.x265-RARBG.mp4,6,4,1358522,data/encodings/1358522/1358522_S06E04_23016_0.npy
1147,1080,1920,0,707,952,231,475,59780,0.029,23040,/home/amos/media/tv/White.Collar.S01-S06.1080p.BluRay.x265-RARBG/White.Collar.S06.1080p.WEBRip.x265-RARBG/White.Collar.S06E04.1080p.WEBRip.x265-RARBG.mp4,6,4,1358522,data/encodings/1358522/1358522_S06E04_23040_0.npy
1148,1080,1920,0,555,849,285,578,86142,0.042,23064,/home/amos/media/tv/White.Collar.S01-S06.1080p.BluRay.x265-RARBG/White.Collar.S06.1080p.WEBRip.x265-RARBG/White.Collar.S06E04.1080p.WEBRip.x265-RARBG.mp4,6,4,1358522,data/encodings/1358522/1358522_S06E04_23064_0.npy
1149,1080,1920,0,1120,1413,403,697,86142,0.042,23112,/home/amos/media/tv/White.Collar.S01-S06.1080p.BluRay.x265-RARBG/White.Collar.S06.1080p.WEBRip.x265-RARBG/White.Collar.S06E04.1080p.WEBRip.x265-RARBG.mp4,6,4,1358522,data/encodings/1358522/1358522_S06E04_23112_0.npy
1150,1080,1920,0,682,927,206,450,59780,0.029,23136,/home/amos/media/tv/White.Collar.S01-S06.1080p.BluRay.x265-RARBG/White.Collar.S06.1080p.WEBRip.x265-RARBG/White.Collar.S06E04.1080p.WEBRip.x265-RARBG.mp4,6,4,1358522,data/encodings/1358522/1358522_S06E04_23136_0.npy
1151,1080,1920,0,704,997,225,519,86142,0.042,23160,/home/amos/media/tv/White.Collar.S01-S06.1080p.BluRay.x265-RARBG/White.Collar.S06.1080p.WEBRip.x265-RARBG/White.Collar.S06E04.1080p.WEBRip.x265-RARBG.mp4,6,4,1358522,data/encodings/1358522/1358522_S06E04_23160_0.npy
1152,1080,1920,0,1090,1384,314,608,86436,0.042,23184,/home/amos/media/tv/White.Collar.S01-S06.1080p.BluRay.x265-RARBG/White.Collar.S06.1080p.WEBRip.x265-RARBG/White.Collar.S06E04.1080p.WEBRip.x265-RARBG.mp4,6,4,1358522,data/encodings/1358522/1358522_S06E04_23184_0.npy
1153,1080,1920,0,1128,1373,330,574,59780,0.029,23208,/home/amos/media/tv/White.Collar.S01-S06.1080p.BluRay.x265-RARBG/White.Collar.S06.1080p.WEBRip.x265-RARBG/White.Collar.S06E04.1080p.WEBRip.x265-RARBG.mp4,6,4,1358522,data/encodings/1358522/1358522_S06E04_23208_0.npy
1154,1080,1920,0,704,997,225,519,86142,0.042,23232,/home/amos/media/tv/White.Collar.S01-S06.1080p.BluRay.x265-RARBG/White.Collar.S06.1080p.WEBRip.x265-RARBG/White.Collar.S06E04.1080p.WEBRip.x265-RARBG.mp4,6,4,1358522,data/encodings/1358522/1358522_S06E04_23232_0.npy
1155,1080,1920,0,763,1057,225,519,86436,0.042,23256,/home/amos/media/tv/White.Collar.S01-S06.1080p.BluRay.x265-RARBG/White.Collar.S06.1080p.WEBRip.x265-RARBG/White.Collar.S06E04.1080p.WEBRip.x265-RARBG.mp4,6,4,1358522,data/encodings/1358522/1358522_S06E04_23256_0.npy
1156,1080,1920,0,1150,1443,285,578,85849,0.041,23280,/home/amos/media/tv/White.Collar.S01-S06.1080p.BluRay.x265-RARBG/White.Collar.S06.1080p.WEBRip.x265-RARBG/White.Collar.S06E04.1080p.WEBRip.x265-RARBG.mp4,6,4,1358522,data/encodings/1358522/1358522_S06E04_23280_0.npy
1157,1080,1920,0,763,1057,225,519,86436,0.042,23304,/home/amos/media/tv/White.Collar.S01-S06.1080p.BluRay.x265-RARBG/White.Collar.S06.1080p.WEBRip.x265-RARBG/White.Collar.S06E04.1080p.WEBRip.x265-RARBG.mp4,6,4,1358522,data/encodings/1358522/1358522_S06E04_23304_0.npy
1158,1080,1920,0,1120,1413,314,608,86142,0.042,23328,/home/amos/media/tv/White.Collar.S01-S06.1080p.BluRay.x265-RARBG/White.Collar.S06.1080p.WEBRip.x265-RARBG/White.Collar.S06E04.1080p.WEBRip.x265-RARBG.mp4,6,4,1358522,data/encodings/1358522/1358522_S06E04_23328_0.npy
1159,1080,1920,0,704,997,255,548,85849,0.041,23352,/home/amos/media/tv/White.Collar.S01-S06.1080p.BluRay.x265-RARBG/White.Collar.S06.1080p.WEBRip.x265-RARBG/White.Collar.S06E04.1080p.WEBRip.x265-RARBG.mp4,6,4,1358522,data/encodings/1358522/1358522_S06E04_23352_0.npy
1160,1080,1920,0,818,1170,279,632,124256,0.06,23376,/home/amos/media/tv/White.Collar.S01-S06.1080p.BluRay.x265-RARBG/White.Collar.S06.1080p.WEBRip.x265-RARBG/White.Collar.S06E04.1080p.WEBRip.x265-RARBG.mp4,6,4,1358522,data/encodings/1358522/1358522_S06E04_23376_0.npy
1161,1080,1920,0,711,1063,208,560,123904,0.06,23400,/home/amos/media/tv/White.Collar.S01-S06.1080p.BluRay.x265-RARBG/White.Collar.S06.1080p.WEBRip.x265-RARBG/White.Collar.S06E04.1080p.WEBRip.x265-RARBG.mp4,6,4,1358522,data/encodings/1358522/1358522_S06E04_23400_0.npy
1162,1080,1920,0,734,1027,285,578,85849,0.041,23424,/home/amos/media/tv/White.Collar.S01-S06.1080p.BluRay.x265-RARBG/White.Collar.S06.1080p.WEBRip.x265-RARBG/White.Collar.S06E04.1080p.WEBRip.x265-RARBG.mp4,6,4,1358522,data/encodings/1358522/1358522_S06E04_23424_0.npy
1163,1080,1920,0,711,1063,244,596,123904,0.06,23448,/home/amos/media/tv/White.Collar.S01-S06.1080p.BluRay.x265-RARBG/White.Collar.S06.1080p.WEBRip.x265-RARBG/White.Collar.S06E04.1080p.WEBRip.x265-RARBG.mp4,6,4,1358522,data/encodings/1358522/1358522_S06E04_23448_0.npy
1164,1080,1920,0,676,1028,208,560,123904,0.06,23472,/home/amos/media/tv/White.Collar.S01-S06.1080p.BluRay.x265-RARBG/White.Collar.S06.1080p.WEBRip.x265-RARBG/White.Collar.S06E04.1080p.WEBRip.x265-RARBG.mp4,6,4,1358522,data/encodings/1358522/1358522_S06E04_23472_0.npy
1165,1080,1920,0,997,1349,279,632,124256,0.06,23496,/home/amos/media/tv/White.Collar.S01-S06.1080p.BluRay.x265-RARBG/White.Collar.S06.1080p.WEBRip.x265-RARBG/White.Collar.S06E04.1080p.WEBRip.x265-RARBG.mp4,6,4,1358522,data/encodings/1358522/1358522_S06E04_23496_0.npy
1166,1080,1920,0,793,1087,225,519,86436,0.042,23520,/home/amos/media/tv/White.Collar.S01-S06.1080p.BluRay.x265-RARBG/White.Collar.S06.1080p.WEBRip.x265-RARBG/White.Collar.S06E04.1080p.WEBRip.x265-RARBG.mp4,6,4,1358522,data/encodings/1358522/1358522_S06E04_23520_0.npy
1167,1080,1920,0,823,1116,225,519,86142,0.042,23544,/home/amos/media/tv/White.Collar.S01-S06.1080p.BluRay.x265-RARBG/White.Collar.S06.1080p.WEBRip.x265-RARBG/White.Collar.S06E04.1080p.WEBRip.x265-RARBG.mp4,6,4,1358522,data/encodings/1358522/1358522_S06E04_23544_0.npy
1168,1080,1920,0,1249,1419,250,420,28900,0.014,23568,/home/amos/media/tv/White.Collar.S01-S06.1080p.BluRay.x265-RARBG/White.Collar.S06.1080p.WEBRip.x265-RARBG/White.Collar.S06E04.1080p.WEBRip.x265-RARBG.mp4,6,4,1358522,data/encodings/1358522/1358522_S06E04_23568_0.npy
1169,1080,1920,0,1239,1443,223,427,41616,0.02,23592,/home/amos/media/tv/White.Collar.S01-S06.1080p.BluRay.x265-RARBG/White.Collar.S06.1080p.WEBRip.x265-RARBG/White.Collar.S06E04.1080p.WEBRip.x265-RARBG.mp4,6,4,1358522,data/encodings/1358522/1358522_S06E04_23592_0.npy
1170,1080,1920,0,997,1349,244,596,123904,0.06,23616,/home/amos/media/tv/White.Collar.S01-S06.1080p.BluRay.x265-RARBG/White.Collar.S06.1080p.WEBRip.x265-RARBG/White.Collar.S06E04.1080p.WEBRip.x265-RARBG.mp4,6,4,1358522,data/encodings/1358522/1358522_S06E04_23616_0.npy
1171,1080,1920,0,890,1242,172,525,124256,0.06,23640,/home/amos/media/tv/White.Collar.S01-S06.1080p.BluRay.x265-RARBG/White.Collar.S06.1080p.WEBRip.x265-RARBG/White.Collar.S06E04.1080p.WEBRip.x265-RARBG.mp4,6,4,1358522,data/encodings/1358522/1358522_S06E04_23640_0.npy
1172,1080,1920,0,854,1206,172,525,124256,0.06,23664,/home/amos/media/tv/White.Collar.S01-S06.1080p.BluRay.x265-RARBG/White.Collar.S06.1080p.WEBRip.x265-RARBG/White.Collar.S06E04.1080p.WEBRip.x265-RARBG.mp4,6,4,1358522,data/encodings/1358522/1358522_S06E04_23664_0.npy
1173,1080,1920,0,1074,1142,498,566,4624,0.002,23688,/home/amos/media/tv/White.Collar.S01-S06.1080p.BluRay.x265-RARBG/White.Collar.S06.1080p.WEBRip.x265-RARBG/White.Collar.S06E04.1080p.WEBRip.x265-RARBG.mp4,6,4,1358522,data/encodings/1358522/1358522_S06E04_23688_0.npy
1174,1080,1920,0,1170,1239,367,435,4692,0.002,23736,/home/amos/media/tv/White.Collar.S01-S06.1080p.BluRay.x265-RARBG/White.Collar.S06.1080p.WEBRip.x265-RARBG/White.Collar.S06E04.1080p.WEBRip.x265-RARBG.mp4,6,4,1358522,data/encodings/1358522/1358522_S06E04_23736_0.npy
1175,1080,1920,0,1191,1259,304,373,4692,0.002,23760,/home/amos/media/tv/White.Collar.S01-S06.1080p.BluRay.x265-RARBG/White.Collar.S06.1080p.WEBRip.x265-RARBG/White.Collar.S06E04.1080p.WEBRip.x265-RARBG.mp4,6,4,1358522,data/encodings/1358522/1358522_S06E04_23760_0.npy
1176,1080,1920,0,1164,1232,297,366,4692,0.002,23784,/home/amos/media/tv/White.Collar.S01-S06.1080p.BluRay.x265-RARBG/White.Collar.S06.1080p.WEBRip.x265-RARBG/White.Collar.S06E04.1080p.WEBRip.x265-RARBG.mp4,6,4,1358522,data/encodings/1358522/1358522_S06E04_23784_0.npy
1177,1080,1920,0,1191,1259,228,297,4692,0.002,23808,/home/amos/media/tv/White.Collar.S01-S06.1080p.BluRay.x265-RARBG/White.Collar.S06.1080p.WEBRip.x265-RARBG/White.Collar.S06E04.1080p.WEBRip.x265-RARBG.mp4,6,4,1358522,data/encodings/1358522/1358522_S06E04_23808_0.npy
1178,1080,1920,0,1115,1183,242,310,4624,0.002,23832,/home/amos/media/tv/White.Collar.S01-S06.1080p.BluRay.x265-RARBG/White.Collar.S06.1080p.WEBRip.x265-RARBG/White.Collar.S06E04.1080p.WEBRip.x265-RARBG.mp4,6,4,1358522,data/encodings/1358522/1358522_S06E04_23832_0.npy
1179,1080,1920,0,890,1242,137,489,123904,0.06,23856,/home/amos/media/tv/White.Collar.S01-S06.1080p.BluRay.x265-RARBG/White.Collar.S06.1080p.WEBRip.x265-RARBG/White.Collar.S06E04.1080p.WEBRip.x265-RARBG.mp4,6,4,1358522,data/encodings/1358522/1358522_S06E04_23856_0.npy
1180,1080,1920,0,890,1242,172,525,124256,0.06,23880,/home/amos/media/tv/White.Collar.S01-S06.1080p.BluRay.x265-RARBG/White.Collar.S06.1080p.WEBRip.x265-RARBG/White.Collar.S06E04.1080p.WEBRip.x265-RARBG.mp4,6,4,1358522,data/encodings/1358522/1358522_S06E04_23880_0.npy
1181,1080,1920,0,854,1206,172,525,124256,0.06,23904,/home/amos/media/tv/White.Collar.S01-S06.1080p.BluRay.x265-RARBG/White.Collar.S06.1080p.WEBRip.x265-RARBG/White.Collar.S06E04.1080p.WEBRip.x265-RARBG.mp4,6,4,1358522,data/encodings/1358522/1358522_S06E04_23904_0.npy
1182,1080,1920,0,599,803,78,282,41616,0.02,24120,/home/amos/media/tv/White.Collar.S01-S06.1080p.BluRay.x265-RARBG/White.Collar.S06.1080p.WEBRip.x265-RARBG/White.Collar.S06E04.1080p.WEBRip.x265-RARBG.mp4,6,4,1358522,data/encodings/1358522/1358522_S06E04_24120_0.npy
1183,1080,1920,1,1014,1113,317,415,9702,0.005,24120,/home/amos/media/tv/White.Collar.S01-S06.1080p.BluRay.x265-RARBG/White.Collar.S06.1080p.WEBRip.x265-RARBG/White.Collar.S06E04.1080p.WEBRip.x265-RARBG.mp4,6,4,1358522,data/encodings/1358522/1358522_S06E04_24120_1.npy
1184,1080,1920,0,974,1116,283,425,20164,0.01,24144,/home/amos/media/tv/White.Collar.S01-S06.1080p.BluRay.x265-RARBG/White.Collar.S06.1080p.WEBRip.x265-RARBG/White.Collar.S06E04.1080p.WEBRip.x265-RARBG.mp4,6,4,1358522,data/encodings/1358522/1358522_S06E04_24144_0.npy
1185,1080,1920,1,630,800,216,385,28730,0.014,24144,/home/amos/media/tv/White.Collar.S01-S06.1080p.BluRay.x265-RARBG/White.Collar.S06.1080p.WEBRip.x265-RARBG/White.Collar.S06E04.1080p.WEBRip.x265-RARBG.mp4,6,4,1358522,data/encodings/1358522/1358522_S06E04_24144_1.npy
1186,1080,1920,0,1003,1145,298,439,20022,0.01,24168,/home/amos/media/tv/White.Collar.S01-S06.1080p.BluRay.x265-RARBG/White.Collar.S06.1080p.WEBRip.x265-RARBG/White.Collar.S06E04.1080p.WEBRip.x265-RARBG.mp4,6,4,1358522,data/encodings/1358522/1358522_S06E04_24168_0.npy
1187,1080,1920,1,647,817,267,437,28900,0.014,24168,/home/amos/media/tv/White.Collar.S01-S06.1080p.BluRay.x265-RARBG/White.Collar.S06.1080p.WEBRip.x265-RARBG/White.Collar.S06E04.1080p.WEBRip.x265-RARBG.mp4,6,4,1358522,data/encodings/1358522/1358522_S06E04_24168_1.npy
1188,1080,1920,0,1001,1119,303,421,13924,0.007,24192,/home/amos/media/tv/White.Collar.S01-S06.1080p.BluRay.x265-RARBG/White.Collar.S06.1080p.WEBRip.x265-RARBG/White.Collar.S06E04.1080p.WEBRip.x265-RARBG.mp4,6,4,1358522,data/encodings/1358522/1358522_S06E04_24192_0.npy
1189,1080,1920,0,989,1107,315,433,13924,0.007,24216,/home/amos/media/tv/White.Collar.S01-S06.1080p.BluRay.x265-RARBG/White.Collar.S06.1080p.WEBRip.x265-RARBG/White.Collar.S06E04.1080p.WEBRip.x265-RARBG.mp4,6,4,1358522,data/encodings/1358522/1358522_S06E04_24216_0.npy
1190,1080,1920,0,1001,1119,303,421,13924,0.007,24240,/home/amos/media/tv/White.Collar.S01-S06.1080p.BluRay.x265-RARBG/White.Collar.S06.1080p.WEBRip.x265-RARBG/White.Collar.S06E04.1080p.WEBRip.x265-RARBG.mp4,6,4,1358522,data/encodings/1358522/1358522_S06E04_24240_0.npy
1191,1080,1920,0,977,1095,315,433,13924,0.007,24264,/home/amos/media/tv/White.Collar.S01-S06.1080p.BluRay.x265-RARBG/White.Collar.S06.1080p.WEBRip.x265-RARBG/White.Collar.S06E04.1080p.WEBRip.x265-RARBG.mp4,6,4,1358522,data/encodings/1358522/1358522_S06E04_24264_0.npy
1192,1080,1920,0,989,1107,363,481,13924,0.007,24288,/home/amos/media/tv/White.Collar.S01-S06.1080p.BluRay.x265-RARBG/White.Collar.S06.1080p.WEBRip.x265-RARBG/White.Collar.S06E04.1080p.WEBRip.x265-RARBG.mp4,6,4,1358522,data/encodings/1358522/1358522_S06E04_24288_0.npy
1193,1080,1920,0,974,1116,355,497,20164,0.01,24312,/home/amos/media/tv/White.Collar.S01-S06.1080p.BluRay.x265-RARBG/White.Collar.S06.1080p.WEBRip.x265-RARBG/White.Collar.S06E04.1080p.WEBRip.x265-RARBG.mp4,6,4,1358522,data/encodings/1358522/1358522_S06E04_24312_0.npy
1194,1080,1920,0,573,715,54,196,20164,0.01,24336,/home/amos/media/tv/White.Collar.S01-S06.1080p.BluRay.x265-RARBG/White.Collar.S06.1080p.WEBRip.x265-RARBG/White.Collar.S06E04.1080p.WEBRip.x265-RARBG.mp4,6,4,1358522,data/encodings/1358522/1358522_S06E04_24336_0.npy
1195,1080,1920,1,1013,1131,327,445,13924,0.007,24336,/home/amos/media/tv/White.Collar.S01-S06.1080p.BluRay.x265-RARBG/White.Collar.S06.1080p.WEBRip.x265-RARBG/White.Collar.S06E04.1080p.WEBRip.x265-RARBG.mp4,6,4,1358522,data/encodings/1358522/1358522_S06E04_24336_1.npy
1196,1080,1920,0,501,643,68,210,20164,0.01,24360,/home/amos/media/tv/White.Collar.S01-S06.1080p.BluRay.x265-RARBG/White.Collar.S06.1080p.WEBRip.x265-RARBG/White.Collar.S06E04.1080p.WEBRip.x265-RARBG.mp4,6,4,1358522,data/encodings/1358522/1358522_S06E04_24360_0.npy
1197,1080,1920,1,989,1107,351,469,13924,0.007,24360,/home/amos/media/tv/White.Collar.S01-S06.1080p.BluRay.x265-RARBG/White.Collar.S06.1080p.WEBRip.x265-RARBG/White.Collar.S06E04.1080p.WEBRip.x265-RARBG.mp4,6,4,1358522,data/encodings/1358522/1358522_S06E04_24360_1.npy
1198,1080,1920,0,897,1319,175,598,178506,0.086,24384,/home/amos/media/tv/White.Collar.S01-S06.1080p.BluRay.x265-RARBG/White.Collar.S06.1080p.WEBRip.x265-RARBG/White.Collar.S06E04.1080p.WEBRip.x265-RARBG.mp4,6,4,1358522,data/encodings/1358522/1358522_S06E04_24384_0.npy
1199,1080,1920,0,811,1234,175,598,178929,0.086,24432,/home/amos/media/tv/White.Collar.S01-S06.1080p.BluRay.x265-RARBG/White.Collar.S06.1080p.WEBRip.x265-RARBG/White.Collar.S06E04.1080p.WEBRip.x265-RARBG.mp4,6,4,1358522,data/encodings/1358522/1358522_S06E04_24432_0.npy
1200,1080,1920,0,890,1242,137,489,123904,0.06,24456,/home/amos/media/tv/White.Collar.S01-S06.1080p.BluRay.x265-RARBG/White.Collar.S06.1080p.WEBRip.x265-RARBG/White.Collar.S06E04.1080p.WEBRip.x265-RARBG.mp4,6,4,1358522,data/encodings/1358522/1358522_S06E04_24456_0.npy
1201,1080,1920,0,682,927,330,574,59780,0.029,24480,/home/amos/media/tv/White.Collar.S01-S06.1080p.BluRay.x265-RARBG/White.Collar.S06.1080p.WEBRip.x265-RARBG/White.Collar.S06E04.1080p.WEBRip.x265-RARBG.mp4,6,4,1358522,data/encodings/1358522/1358522_S06E04_24480_0.npy
1202,1080,1920,0,682,927,330,574,59780,0.029,24504,/home/amos/media/tv/White.Collar.S01-S06.1080p.BluRay.x265-RARBG/White.Collar.S06.1080p.WEBRip.x265-RARBG/White.Collar.S06E04.1080p.WEBRip.x265-RARBG.mp4,6,4,1358522,data/encodings/1358522/1358522_S06E04_24504_0.npy
1203,1080,1920,0,818,1170,137,489,123904,0.06,24528,/home/amos/media/tv/White.Collar.S01-S06.1080p.BluRay.x265-RARBG/White.Collar.S06.1080p.WEBRip.x265-RARBG/White.Collar.S06E04.1080p.WEBRip.x265-RARBG.mp4,6,4,1358522,data/encodings/1358522/1358522_S06E04_24528_0.npy
1204,1080,1920,0,982,1405,47,469,178506,0.086,24552,/home/amos/media/tv/White.Collar.S01-S06.1080p.BluRay.x265-RARBG/White.Collar.S06.1080p.WEBRip.x265-RARBG/White.Collar.S06E04.1080p.WEBRip.x265-RARBG.mp4,6,4,1358522,data/encodings/1358522/1358522_S06E04_24552_0.npy
1205,1080,1920,0,496,789,403,697,86142,0.042,24600,/home/amos/media/tv/White.Collar.S01-S06.1080p.BluRay.x265-RARBG/White.Collar.S06.1080p.WEBRip.x265-RARBG/White.Collar.S06E04.1080p.WEBRip.x265-RARBG.mp4,6,4,1358522,data/encodings/1358522/1358522_S06E04_24600_0.npy
1206,1080,1920,0,347,641,374,667,86142,0.042,24624,/home/amos/media/tv/White.Collar.S01-S06.1080p.BluRay.x265-RARBG/White.Collar.S06.1080p.WEBRip.x265-RARBG/White.Collar.S06E04.1080p.WEBRip.x265-RARBG.mp4,6,4,1358522,data/encodings/1358522/1358522_S06E04_24624_0.npy
1207,1080,1920,0,555,849,225,519,86436,0.042,24648,/home/amos/media/tv/White.Collar.S01-S06.1080p.BluRay.x265-RARBG/White.Collar.S06.1080p.WEBRip.x265-RARBG/White.Collar.S06E04.1080p.WEBRip.x265-RARBG.mp4,6,4,1358522,data/encodings/1358522/1358522_S06E04_24648_0.npy
1208,1080,1920,0,1037,1155,351,469,13924,0.007,24672,/home/amos/media/tv/White.Collar.S01-S06.1080p.BluRay.x265-RARBG/White.Collar.S06.1080p.WEBRip.x265-RARBG/White.Collar.S06E04.1080p.WEBRip.x265-RARBG.mp4,6,4,1358522,data/encodings/1358522/1358522_S06E04_24672_0.npy
1209,1080,1920,1,664,834,250,420,28900,0.014,24672,/home/amos/media/tv/White.Collar.S01-S06.1080p.BluRay.x265-RARBG/White.Collar.S06.1080p.WEBRip.x265-RARBG/White.Collar.S06E04.1080p.WEBRip.x265-RARBG.mp4,6,4,1358522,data/encodings/1358522/1358522_S06E04_24672_1.npy
1210,1080,1920,0,1025,1143,351,469,13924,0.007,24696,/home/amos/media/tv/White.Collar.S01-S06.1080p.BluRay.x265-RARBG/White.Collar.S06.1080p.WEBRip.x265-RARBG/White.Collar.S06E04.1080p.WEBRip.x265-RARBG.mp4,6,4,1358522,data/encodings/1358522/1358522_S06E04_24696_0.npy
1211,1080,1920,1,599,803,223,427,41616,0.02,24696,/home/amos/media/tv/White.Collar.S01-S06.1080p.BluRay.x265-RARBG/White.Collar.S06.1080p.WEBRip.x265-RARBG/White.Collar.S06E04.1080p.WEBRip.x265-RARBG.mp4,6,4,1358522,data/encodings/1358522/1358522_S06E04_24696_1.npy
1212,1080,1920,0,1049,1167,363,481,13924,0.007,24720,/home/amos/media/tv/White.Collar.S01-S06.1080p.BluRay.x265-RARBG/White.Collar.S06.1080p.WEBRip.x265-RARBG/White.Collar.S06E04.1080p.WEBRip.x265-RARBG.mp4,6,4,1358522,data/encodings/1358522/1358522_S06E04_24720_0.npy
1213,1080,1920,0,1037,1155,387,505,13924,0.007,24744,/home/amos/media/tv/White.Collar.S01-S06.1080p.BluRay.x265-RARBG/White.Collar.S06.1080p.WEBRip.x265-RARBG/White.Collar.S06E04.1080p.WEBRip.x265-RARBG.mp4,6,4,1358522,data/encodings/1358522/1358522_S06E04_24744_0.npy
1214,1080,1920,0,1001,1119,363,481,13924,0.007,24768,/home/amos/media/tv/White.Collar.S01-S06.1080p.BluRay.x265-RARBG/White.Collar.S06.1080p.WEBRip.x265-RARBG/White.Collar.S06E04.1080p.WEBRip.x265-RARBG.mp4,6,4,1358522,data/encodings/1358522/1358522_S06E04_24768_0.npy
1215,1080,1920,0,691,809,411,529,13924,0.007,24792,/home/amos/media/tv/White.Collar.S01-S06.1080p.BluRay.x265-RARBG/White.Collar.S06.1080p.WEBRip.x265-RARBG/White.Collar.S06E04.1080p.WEBRip.x265-RARBG.mp4,6,4,1358522,data/encodings/1358522/1358522_S06E04_24792_0.npy
1216,1080,1920,0,874,1016,341,482,20022,0.01,24816,/home/amos/media/tv/White.Collar.S01-S06.1080p.BluRay.x265-RARBG/White.Collar.S06.1080p.WEBRip.x265-RARBG/White.Collar.S06E04.1080p.WEBRip.x265-RARBG.mp4,6,4,1358522,data/encodings/1358522/1358522_S06E04_24816_0.npy
1217,1080,1920,0,759,901,355,497,20164,0.01,24840,/home/amos/media/tv/White.Collar.S01-S06.1080p.BluRay.x265-RARBG/White.Collar.S06.1080p.WEBRip.x265-RARBG/White.Collar.S06E04.1080p.WEBRip.x265-RARBG.mp4,6,4,1358522,data/encodings/1358522/1358522_S06E04_24840_0.npy
1218,1080,1920,0,818,1170,172,525,124256,0.06,24888,/home/amos/media/tv/White.Collar.S01-S06.1080p.BluRay.x265-RARBG/White.Collar.S06.1080p.WEBRip.x265-RARBG/White.Collar.S06E04.1080p.WEBRip.x265-RARBG.mp4,6,4,1358522,data/encodings/1358522/1358522_S06E04_24888_0.npy
1219,1080,1920,0,585,878,195,489,86142,0.042,24912,/home/amos/media/tv/White.Collar.S01-S06.1080p.BluRay.x265-RARBG/White.Collar.S06.1080p.WEBRip.x265-RARBG/White.Collar.S06E04.1080p.WEBRip.x265-RARBG.mp4,6,4,1358522,data/encodings/1358522/1358522_S06E04_24912_0.npy
1220,1080,1920,0,533,885,208,560,123904,0.06,24936,/home/amos/media/tv/White.Collar.S01-S06.1080p.BluRay.x265-RARBG/White.Collar.S06.1080p.WEBRip.x265-RARBG/White.Collar.S06E04.1080p.WEBRip.x265-RARBG.mp4,6,4,1358522,data/encodings/1358522/1358522_S06E04_24936_0.npy
1221,1080,1920,0,989,1107,363,481,13924,0.007,24960,/home/amos/media/tv/White.Collar.S01-S06.1080p.BluRay.x265-RARBG/White.Collar.S06.1080p.WEBRip.x265-RARBG/White.Collar.S06E04.1080p.WEBRip.x265-RARBG.mp4,6,4,1358522,data/encodings/1358522/1358522_S06E04_24960_0.npy
1222,1080,1920,0,573,715,154,296,20164,0.01,24984,/home/amos/media/tv/White.Collar.S01-S06.1080p.BluRay.x265-RARBG/White.Collar.S06.1080p.WEBRip.x265-RARBG/White.Collar.S06E04.1080p.WEBRip.x265-RARBG.mp4,6,4,1358522,data/encodings/1358522/1358522_S06E04_24984_0.npy
1223,1080,1920,0,559,700,68,210,20022,0.01,25008,/home/amos/media/tv/White.Collar.S01-S06.1080p.BluRay.x265-RARBG/White.Collar.S06.1080p.WEBRip.x265-RARBG/White.Collar.S06E04.1080p.WEBRip.x265-RARBG.mp4,6,4,1358522,data/encodings/1358522/1358522_S06E04_25008_0.npy
1224,1080,1920,1,1013,1131,363,481,13924,0.007,25008,/home/amos/media/tv/White.Collar.S01-S06.1080p.BluRay.x265-RARBG/White.Collar.S06.1080p.WEBRip.x265-RARBG/White.Collar.S06E04.1080p.WEBRip.x265-RARBG.mp4,6,4,1358522,data/encodings/1358522/1358522_S06E04_25008_1.npy
1225,1080,1920,0,630,800,78,248,28900,0.014,25032,/home/amos/media/tv/White.Collar.S01-S06.1080p.BluRay.x265-RARBG/White.Collar.S06.1080p.WEBRip.x265-RARBG/White.Collar.S06E04.1080p.WEBRip.x265-RARBG.mp4,6,4,1358522,data/encodings/1358522/1358522_S06E04_25032_0.npy
1226,1080,1920,1,1025,1143,375,493,13924,0.007,25032,/home/amos/media/tv/White.Collar.S01-S06.1080p.BluRay.x265-RARBG/White.Collar.S06.1080p.WEBRip.x265-RARBG/White.Collar.S06E04.1080p.WEBRip.x265-RARBG.mp4,6,4,1358522,data/encodings/1358522/1358522_S06E04_25032_1.npy
1227,1080,1920,0,1013,1131,327,445,13924,0.007,25056,/home/amos/media/tv/White.Collar.S01-S06.1080p.BluRay.x265-RARBG/White.Collar.S06.1080p.WEBRip.x265-RARBG/White.Collar.S06E04.1080p.WEBRip.x265-RARBG.mp4,6,4,1358522,data/encodings/1358522/1358522_S06E04_25056_0.npy
1228,1080,1920,0,845,987,283,425,20164,0.01,25080,/home/amos/media/tv/White.Collar.S01-S06.1080p.BluRay.x265-RARBG/White.Collar.S06.1080p.WEBRip.x265-RARBG/White.Collar.S06E04.1080p.WEBRip.x265-RARBG.mp4,6,4,1358522,data/encodings/1358522/1358522_S06E04_25080_0.npy
1229,1080,1920,0,860,1001,283,425,20022,0.01,25104,/home/amos/media/tv/White.Collar.S01-S06.1080p.BluRay.x265-RARBG/White.Collar.S06.1080p.WEBRip.x265-RARBG/White.Collar.S06E04.1080p.WEBRip.x265-RARBG.mp4,6,4,1358522,data/encodings/1358522/1358522_S06E04_25104_0.npy
1230,1080,1920,0,768,1191,175,598,178929,0.086,25176,/home/amos/media/tv/White.Collar.S01-S06.1080p.BluRay.x265-RARBG/White.Collar.S06.1080p.WEBRip.x265-RARBG/White.Collar.S06E04.1080p.WEBRip.x265-RARBG.mp4,6,4,1358522,data/encodings/1358522/1358522_S06E04_25176_0.npy
1231,1080,1920,0,982,1405,132,555,178929,0.086,25200,/home/amos/media/tv/White.Collar.S01-S06.1080p.BluRay.x265-RARBG/White.Collar.S06.1080p.WEBRip.x265-RARBG/White.Collar.S06E04.1080p.WEBRip.x265-RARBG.mp4,6,4,1358522,data/encodings/1358522/1358522_S06E04_25200_0.npy
1232,1080,1920,0,756,1001,355,599,59780,0.029,25224,/home/amos/media/tv/White.Collar.S01-S06.1080p.BluRay.x265-RARBG/White.Collar.S06.1080p.WEBRip.x265-RARBG/White.Collar.S06E04.1080p.WEBRip.x265-RARBG.mp4,6,4,1358522,data/encodings/1358522/1358522_S06E04_25224_0.npy
1233,1080,1920,0,763,1057,314,608,86436,0.042,25248,/home/amos/media/tv/White.Collar.S01-S06.1080p.BluRay.x265-RARBG/White.Collar.S06.1080p.WEBRip.x265-RARBG/White.Collar.S06E04.1080p.WEBRip.x265-RARBG.mp4,6,4,1358522,data/encodings/1358522/1358522_S06E04_25248_0.npy
1234,1080,1920,0,763,1057,285,578,86142,0.042,25272,/home/amos/media/tv/White.Collar.S01-S06.1080p.BluRay.x265-RARBG/White.Collar.S06.1080p.WEBRip.x265-RARBG/White.Collar.S06E04.1080p.WEBRip.x265-RARBG.mp4,6,4,1358522,data/encodings/1358522/1358522_S06E04_25272_0.npy
1235,1080,1920,0,823,1116,285,578,85849,0.041,25296,/home/amos/media/tv/White.Collar.S01-S06.1080p.BluRay.x265-RARBG/White.Collar.S06.1080p.WEBRip.x265-RARBG/White.Collar.S06E04.1080p.WEBRip.x265-RARBG.mp4,6,4,1358522,data/encodings/1358522/1358522_S06E04_25296_0.npy
1236,1080,1920,0,1073,1191,363,481,13924,0.007,25320,/home/amos/media/tv/White.Collar.S01-S06.1080p.BluRay.x265-RARBG/White.Collar.S06.1080p.WEBRip.x265-RARBG/White.Collar.S06E04.1080p.WEBRip.x265-RARBG.mp4,6,4,1358522,data/encodings/1358522/1358522_S06E04_25320_0.npy
1237,1080,1920,0,1037,1155,375,493,13924,0.007,25344,/home/amos/media/tv/White.Collar.S01-S06.1080p.BluRay.x265-RARBG/White.Collar.S06.1080p.WEBRip.x265-RARBG/White.Collar.S06E04.1080p.WEBRip.x265-RARBG.mp4,6,4,1358522,data/encodings/1358522/1358522_S06E04_25344_0.npy
1238,1080,1920,0,1073,1191,363,481,13924,0.007,25368,/home/amos/media/tv/White.Collar.S01-S06.1080p.BluRay.x265-RARBG/White.Collar.S06.1080p.WEBRip.x265-RARBG/White.Collar.S06E04.1080p.WEBRip.x265-RARBG.mp4,6,4,1358522,data/encodings/1358522/1358522_S06E04_25368_0.npy
1239,1080,1920,0,541,610,394,462,4692,0.002,25512,/home/amos/media/tv/White.Collar.S01-S06.1080p.BluRay.x265-RARBG/White.Collar.S06.1080p.WEBRip.x265-RARBG/White.Collar.S06E04.1080p.WEBRip.x265-RARBG.mp4,6,4,1358522,data/encodings/1358522/1358522_S06E04_25512_0.npy
1240,1080,1920,1,915,983,588,656,4624,0.002,25512,/home/amos/media/tv/White.Collar.S01-S06.1080p.BluRay.x265-RARBG/White.Collar.S06.1080p.WEBRip.x265-RARBG/White.Collar.S06E04.1080p.WEBRip.x265-RARBG.mp4,6,4,1358522,data/encodings/1358522/1358522_S06E04_25512_1.npy
1241,1080,1920,2,1450,1695,206,450,59780,0.029,25512,/home/amos/media/tv/White.Collar.S01-S06.1080p.BluRay.x265-RARBG/White.Collar.S06.1080p.WEBRip.x265-RARBG/White.Collar.S06E04.1080p.WEBRip.x265-RARBG.mp4,6,4,1358522,data/encodings/1358522/1358522_S06E04_25512_2.npy
1242,1080,1920,3,1124,1222,556,654,9604,0.005,25512,/home/amos/media/tv/White.Collar.S01-S06.1080p.BluRay.x265-RARBG/White.Collar.S06.1080p.WEBRip.x265-RARBG/White.Collar.S06E04.1080p.WEBRip.x265-RARBG.mp4,6,4,1358522,data/encodings/1358522/1358522_S06E04_25512_3.npy
1243,1080,1920,0,410,492,328,410,6724,0.003,25536,/home/amos/media/tv/White.Collar.S01-S06.1080p.BluRay.x265-RARBG/White.Collar.S06.1080p.WEBRip.x265-RARBG/White.Collar.S06E04.1080p.WEBRip.x265-RARBG.mp4,6,4,1358522,data/encodings/1358522/1358522_S06E04_25536_0.npy
1244,1080,1920,1,949,1031,519,601,6724,0.003,25536,/home/amos/media/tv/White.Collar.S01-S06.1080p.BluRay.x265-RARBG/White.Collar.S06.1080p.WEBRip.x265-RARBG/White.Collar.S06E04.1080p.WEBRip.x265-RARBG.mp4,6,4,1358522,data/encodings/1358522/1358522_S06E04_25536_1.npy
1245,1080,1920,2,1223,1322,486,584,9702,0.005,25536,/home/amos/media/tv/White.Collar.S01-S06.1080p.BluRay.x265-RARBG/White.Collar.S06.1080p.WEBRip.x265-RARBG/White.Collar.S06E04.1080p.WEBRip.x265-RARBG.mp4,6,4,1358522,data/encodings/1358522/1358522_S06E04_25536_2.npy
1246,1080,1920,3,368,486,208,325,13806,0.007,25536,/home/amos/media/tv/White.Collar.S01-S06.1080p.BluRay.x265-RARBG/White.Collar.S06.1080p.WEBRip.x265-RARBG/White.Collar.S06E04.1080p.WEBRip.x265-RARBG.mp4,6,4,1358522,data/encodings/1358522/1358522_S06E04_25536_3.npy
1247,1080,1920,0,416,534,219,337,13924,0.007,25560,/home/amos/media/tv/White.Collar.S01-S06.1080p.BluRay.x265-RARBG/White.Collar.S06.1080p.WEBRip.x265-RARBG/White.Collar.S06E04.1080p.WEBRip.x265-RARBG.mp4,6,4,1358522,data/encodings/1358522/1358522_S06E04_25560_0.npy
1248,1080,1920,1,1048,1130,428,510,6724,0.003,25560,/home/amos/media/tv/White.Collar.S01-S06.1080p.BluRay.x265-RARBG/White.Collar.S06.1080p.WEBRip.x265-RARBG/White.Collar.S06E04.1080p.WEBRip.x265-RARBG.mp4,6,4,1358522,data/encodings/1358522/1358522_S06E04_25560_1.npy
1249,1080,1920,2,1443,1561,375,493,13924,0.007,25560,/home/amos/media/tv/White.Collar.S01-S06.1080p.BluRay.x265-RARBG/White.Collar.S06.1080p.WEBRip.x265-RARBG/White.Collar.S06E04.1080p.WEBRip.x265-RARBG.mp4,6,4,1358522,data/encodings/1358522/1358522_S06E04_25560_2.npy
1250,1080,1920,0,269,439,181,351,28900,0.014,25584,/home/amos/media/tv/White.Collar.S01-S06.1080p.BluRay.x265-RARBG/White.Collar.S06.1080p.WEBRip.x265-RARBG/White.Collar.S06E04.1080p.WEBRip.x265-RARBG.mp4,6,4,1358522,data/encodings/1358522/1358522_S06E04_25584_0.npy
1251,1080,1920,1,1112,1281,319,489,28730,0.014,25584,/home/amos/media/tv/White.Collar.S01-S06.1080p.BluRay.x265-RARBG/White.Collar.S06.1080p.WEBRip.x265-RARBG/White.Collar.S06E04.1080p.WEBRip.x265-RARBG.mp4,6,4,1358522,data/encodings/1358522/1358522_S06E04_25584_1.npy
1252,1080,1920,0,207,411,182,385,41412,0.02,25608,/home/amos/media/tv/White.Collar.S01-S06.1080p.BluRay.x265-RARBG/White.Collar.S06.1080p.WEBRip.x265-RARBG/White.Collar.S06E04.1080p.WEBRip.x265-RARBG.mp4,6,4,1358522,data/encodings/1358522/1358522_S06E04_25608_0.npy
1253,1080,1920,0,615,908,255,548,85849,0.041,25632,/home/amos/media/tv/White.Collar.S01-S06.1080p.BluRay.x265-RARBG/White.Collar.S06.1080p.WEBRip.x265-RARBG/White.Collar.S06E04.1080p.WEBRip.x265-RARBG.mp4,6,4,1358522,data/encodings/1358522/1358522_S06E04_25632_0.npy
1254,1080,1920,1,1475,1719,379,624,59780,0.029,25632,/home/amos/media/tv/White.Collar.S01-S06.1080p.BluRay.x265-RARBG/White.Collar.S06.1080p.WEBRip.x265-RARBG/White.Collar.S06E04.1080p.WEBRip.x265-RARBG.mp4,6,4,1358522,data/encodings/1358522/1358522_S06E04_25632_1.npy
1255,1080,1920,0,644,938,285,578,86142,0.042,25656,/home/amos/media/tv/White.Collar.S01-S06.1080p.BluRay.x265-RARBG/White.Collar.S06.1080p.WEBRip.x265-RARBG/White.Collar.S06E04.1080p.WEBRip.x265-RARBG.mp4,6,4,1358522,data/encodings/1358522/1358522_S06E04_25656_0.npy
1256,1080,1920,1,1450,1695,404,649,60025,0.029,25656,/home/amos/media/tv/White.Collar.S01-S06.1080p.BluRay.x265-RARBG/White.Collar.S06.1080p.WEBRip.x265-RARBG/White.Collar.S06E04.1080p.WEBRip.x265-RARBG.mp4,6,4,1358522,data/encodings/1358522/1358522_S06E04_25656_1.npy
1257,1080,1920,0,578,748,267,437,28900,0.014,25680,/home/amos/media/tv/White.Collar.S01-S06.1080p.BluRay.x265-RARBG/White.Collar.S06.1080p.WEBRip.x265-RARBG/White.Collar.S06E04.1080p.WEBRip.x265-RARBG.mp4,6,4,1358522,data/encodings/1358522/1358522_S06E04_25680_0.npy
1258,1080,1920,0,596,766,250,420,28900,0.014,25704,/home/amos/media/tv/White.Collar.S01-S06.1080p.BluRay.x265-RARBG/White.Collar.S06.1080p.WEBRip.x265-RARBG/White.Collar.S06E04.1080p.WEBRip.x265-RARBG.mp4,6,4,1358522,data/encodings/1358522/1358522_S06E04_25704_0.npy
1259,1080,1920,1,526,819,195,489,86142,0.042,25704,/home/amos/media/tv/White.Collar.S01-S06.1080p.BluRay.x265-RARBG/White.Collar.S06.1080p.WEBRip.x265-RARBG/White.Collar.S06E04.1080p.WEBRip.x265-RARBG.mp4,6,4,1358522,data/encodings/1358522/1358522_S06E04_25704_1.npy
1260,1080,1920,0,248,600,351,703,123904,0.06,25728,/home/amos/media/tv/White.Collar.S01-S06.1080p.BluRay.x265-RARBG/White.Collar.S06.1080p.WEBRip.x265-RARBG/White.Collar.S06E04.1080p.WEBRip.x265-RARBG.mp4,6,4,1358522,data/encodings/1358522/1358522_S06E04_25728_0.npy
1261,1080,1920,1,1205,1712,0,461,233727,0.113,25728,/home/amos/media/tv/White.Collar.S01-S06.1080p.BluRay.x265-RARBG/White.Collar.S06.1080p.WEBRip.x265-RARBG/White.Collar.S06E04.1080p.WEBRip.x265-RARBG.mp4,6,4,1358522,data/encodings/1358522/1358522_S06E04_25728_1.npy
1262,1080,1920,0,347,641,374,667,86142,0.042,25752,/home/amos/media/tv/White.Collar.S01-S06.1080p.BluRay.x265-RARBG/White.Collar.S06.1080p.WEBRip.x265-RARBG/White.Collar.S06E04.1080p.WEBRip.x265-RARBG.mp4,6,4,1358522,data/encodings/1358522/1358522_S06E04_25752_0.npy
1263,1080,1920,1,1196,1619,47,469,178506,0.086,25752,/home/amos/media/tv/White.Collar.S01-S06.1080p.BluRay.x265-RARBG/White.Collar.S06.1080p.WEBRip.x265-RARBG/White.Collar.S06E04.1080p.WEBRip.x265-RARBG.mp4,6,4,1358522,data/encodings/1358522/1358522_S06E04_25752_1.npy
1264,1080,1920,0,558,803,181,426,60025,0.029,25776,/home/amos/media/tv/White.Collar.S01-S06.1080p.BluRay.x265-RARBG/White.Collar.S06.1080p.WEBRip.x265-RARBG/White.Collar.S06E04.1080p.WEBRip.x265-RARBG.mp4,6,4,1358522,data/encodings/1358522/1358522_S06E04_25776_0.npy
1265,1080,1920,0,537,741,182,385,41412,0.02,25800,/home/amos/media/tv/White.Collar.S01-S06.1080p.BluRay.x265-RARBG/White.Collar.S06.1080p.WEBRip.x265-RARBG/White.Collar.S06E04.1080p.WEBRip.x265-RARBG.mp4,6,4,1358522,data/encodings/1358522/1358522_S06E04_25800_0.npy
1266,1080,1920,0,288,581,374,667,85849,0.041,25824,/home/amos/media/tv/White.Collar.S01-S06.1080p.BluRay.x265-RARBG/White.Collar.S06.1080p.WEBRip.x265-RARBG/White.Collar.S06E04.1080p.WEBRip.x265-RARBG.mp4,6,4,1358522,data/encodings/1358522/1358522_S06E04_25824_0.npy
1267,1080,1920,0,604,956,244,596,123904,0.06,25848,/home/amos/media/tv/White.Collar.S01-S06.1080p.BluRay.x265-RARBG/White.Collar.S06.1080p.WEBRip.x265-RARBG/White.Collar.S06E04.1080p.WEBRip.x265-RARBG.mp4,6,4,1358522,data/encodings/1358522/1358522_S06E04_25848_0.npy
1268,1080,1920,1,1239,1532,255,548,85849,0.041,25848,/home/amos/media/tv/White.Collar.S01-S06.1080p.BluRay.x265-RARBG/White.Collar.S06.1080p.WEBRip.x265-RARBG/White.Collar.S06E04.1080p.WEBRip.x265-RARBG.mp4,6,4,1358522,data/encodings/1358522/1358522_S06E04_25848_1.npy
1269,1080,1920,0,1298,1592,285,578,86142,0.042,25872,/home/amos/media/tv/White.Collar.S01-S06.1080p.BluRay.x265-RARBG/White.Collar.S06.1080p.WEBRip.x265-RARBG/White.Collar.S06E04.1080p.WEBRip.x265-RARBG.mp4,6,4,1358522,data/encodings/1358522/1358522_S06E04_25872_0.npy
1270,1080,1920,1,555,849,195,489,86436,0.042,25872,/home/amos/media/tv/White.Collar.S01-S06.1080p.BluRay.x265-RARBG/White.Collar.S06.1080p.WEBRip.x265-RARBG/White.Collar.S06E04.1080p.WEBRip.x265-RARBG.mp4,6,4,1358522,data/encodings/1358522/1358522_S06E04_25872_1.npy
1271,1080,1920,0,1376,1620,330,574,59536,0.029,25896,/home/amos/media/tv/White.Collar.S01-S06.1080p.BluRay.x265-RARBG/White.Collar.S06.1080p.WEBRip.x265-RARBG/White.Collar.S06E04.1080p.WEBRip.x265-RARBG.mp4,6,4,1358522,data/encodings/1358522/1358522_S06E04_25896_0.npy
1272,1080,1920,1,604,956,244,596,123904,0.06,25896,/home/amos/media/tv/White.Collar.S01-S06.1080p.BluRay.x265-RARBG/White.Collar.S06.1080p.WEBRip.x265-RARBG/White.Collar.S06E04.1080p.WEBRip.x265-RARBG.mp4,6,4,1358522,data/encodings/1358522/1358522_S06E04_25896_1.npy
1273,1080,1920,0,1387,1681,314,608,86436,0.042,25920,/home/amos/media/tv/White.Collar.S01-S06.1080p.BluRay.x265-RARBG/White.Collar.S06.1080p.WEBRip.x265-RARBG/White.Collar.S06E04.1080p.WEBRip.x265-RARBG.mp4,6,4,1358522,data/encodings/1358522/1358522_S06E04_25920_0.npy
1274,1080,1920,1,734,1027,255,548,85849,0.041,25920,/home/amos/media/tv/White.Collar.S01-S06.1080p.BluRay.x265-RARBG/White.Collar.S06.1080p.WEBRip.x265-RARBG/White.Collar.S06E04.1080p.WEBRip.x265-RARBG.mp4,6,4,1358522,data/encodings/1358522/1358522_S06E04_25920_1.npy
1275,1080,1920,2,1163,1333,422,592,28900,0.014,25920,/home/amos/media/tv/White.Collar.S01-S06.1080p.BluRay.x265-RARBG/White.Collar.S06.1080p.WEBRip.x265-RARBG/White.Collar.S06E04.1080p.WEBRip.x265-RARBG.mp4,6,4,1358522,data/encodings/1358522/1358522_S06E04_25920_2.npy
1276,1080,1920,0,1417,1711,314,608,86436,0.042,25944,/home/amos/media/tv/White.Collar.S01-S06.1080p.BluRay.x265-RARBG/White.Collar.S06.1080p.WEBRip.x265-RARBG/White.Collar.S06E04.1080p.WEBRip.x265-RARBG.mp4,6,4,1358522,data/encodings/1358522/1358522_S06E04_25944_0.npy
1277,1080,1920,1,763,1057,285,578,86142,0.042,25944,/home/amos/media/tv/White.Collar.S01-S06.1080p.BluRay.x265-RARBG/White.Collar.S06.1080p.WEBRip.x265-RARBG/White.Collar.S06E04.1080p.WEBRip.x265-RARBG.mp4,6,4,1358522,data/encodings/1358522/1358522_S06E04_25944_1.npy
1278,1080,1920,0,711,1063,279,632,124256,0.06,25968,/home/amos/media/tv/White.Collar.S01-S06.1080p.BluRay.x265-RARBG/White.Collar.S06.1080p.WEBRip.x265-RARBG/White.Collar.S06E04.1080p.WEBRip.x265-RARBG.mp4,6,4,1358522,data/encodings/1358522/1358522_S06E04_25968_0.npy
1279,1080,1920,1,1387,1681,344,637,86142,0.042,25968,/home/amos/media/tv/White.Collar.S01-S06.1080p.BluRay.x265-RARBG/White.Collar.S06.1080p.WEBRip.x265-RARBG/White.Collar.S06E04.1080p.WEBRip.x265-RARBG.mp4,6,4,1358522,data/encodings/1358522/1358522_S06E04_25968_1.npy
1280,1080,1920,0,475,679,244,447,41412,0.02,25992,/home/amos/media/tv/White.Collar.S01-S06.1080p.BluRay.x265-RARBG/White.Collar.S06.1080p.WEBRip.x265-RARBG/White.Collar.S06E04.1080p.WEBRip.x265-RARBG.mp4,6,4,1358522,data/encodings/1358522/1358522_S06E04_25992_0.npy
1281,1080,1920,0,517,720,223,427,41412,0.02,26016,/home/amos/media/tv/White.Collar.S01-S06.1080p.BluRay.x265-RARBG/White.Collar.S06.1080p.WEBRip.x265-RARBG/White.Collar.S06E04.1080p.WEBRip.x265-RARBG.mp4,6,4,1358522,data/encodings/1358522/1358522_S06E04_26016_0.npy
1282,1080,1920,0,569,921,208,560,123904,0.06,26040,/home/amos/media/tv/White.Collar.S01-S06.1080p.BluRay.x265-RARBG/White.Collar.S06.1080p.WEBRip.x265-RARBG/White.Collar.S06E04.1080p.WEBRip.x265-RARBG.mp4,6,4,1358522,data/encodings/1358522/1358522_S06E04_26040_0.npy
1283,1080,1920,1,1209,1503,255,548,86142,0.042,26040,/home/amos/media/tv/White.Collar.S01-S06.1080p.BluRay.x265-RARBG/White.Collar.S06.1080p.WEBRip.x265-RARBG/White.Collar.S06E04.1080p.WEBRip.x265-RARBG.mp4,6,4,1358522,data/encodings/1358522/1358522_S06E04_26040_1.npy
1284,1080,1920,0,1202,1447,280,525,60025,0.029,26064,/home/amos/media/tv/White.Collar.S01-S06.1080p.BluRay.x265-RARBG/White.Collar.S06.1080p.WEBRip.x265-RARBG/White.Collar.S06E04.1080p.WEBRip.x265-RARBG.mp4,6,4,1358522,data/encodings/1358522/1358522_S06E04_26064_0.npy
1285,1080,1920,1,585,878,255,548,85849,0.041,26064,/home/amos/media/tv/White.Collar.S01-S06.1080p.BluRay.x265-RARBG/White.Collar.S06.1080p.WEBRip.x265-RARBG/White.Collar.S06E04.1080p.WEBRip.x265-RARBG.mp4,6,4,1358522,data/encodings/1358522/1358522_S06E04_26064_1.npy
1286,1080,1920,0,578,782,223,427,41616,0.02,26088,/home/amos/media/tv/White.Collar.S01-S06.1080p.BluRay.x265-RARBG/White.Collar.S06.1080p.WEBRip.x265-RARBG/White.Collar.S06E04.1080p.WEBRip.x265-RARBG.mp4,6,4,1358522,data/encodings/1358522/1358522_S06E04_26088_0.npy
1287,1080,1920,0,537,741,244,447,41412,0.02,26112,/home/amos/media/tv/White.Collar.S01-S06.1080p.BluRay.x265-RARBG/White.Collar.S06.1080p.WEBRip.x265-RARBG/White.Collar.S06E04.1080p.WEBRip.x265-RARBG.mp4,6,4,1358522,data/encodings/1358522/1358522_S06E04_26112_0.npy
1288,1080,1920,0,459,704,206,450,59780,0.029,26136,/home/amos/media/tv/White.Collar.S01-S06.1080p.BluRay.x265-RARBG/White.Collar.S06.1080p.WEBRip.x265-RARBG/White.Collar.S06E04.1080p.WEBRip.x265-RARBG.mp4,6,4,1358522,data/encodings/1358522/1358522_S06E04_26136_0.npy
1289,1080,1920,0,426,849,218,640,178506,0.086,26160,/home/amos/media/tv/White.Collar.S01-S06.1080p.BluRay.x265-RARBG/White.Collar.S06.1080p.WEBRip.x265-RARBG/White.Collar.S06E04.1080p.WEBRip.x265-RARBG.mp4,6,4,1358522,data/encodings/1358522/1358522_S06E04_26160_0.npy
1290,1080,1920,0,462,814,244,596,123904,0.06,26184,/home/amos/media/tv/White.Collar.S01-S06.1080p.BluRay.x265-RARBG/White.Collar.S06.1080p.WEBRip.x265-RARBG/White.Collar.S06E04.1080p.WEBRip.x265-RARBG.mp4,6,4,1358522,data/encodings/1358522/1358522_S06E04_26184_0.npy
1291,1080,1920,0,390,742,244,596,123904,0.06,26208,/home/amos/media/tv/White.Collar.S01-S06.1080p.BluRay.x265-RARBG/White.Collar.S06.1080p.WEBRip.x265-RARBG/White.Collar.S06E04.1080p.WEBRip.x265-RARBG.mp4,6,4,1358522,data/encodings/1358522/1358522_S06E04_26208_0.npy
1292,1080,1920,0,383,890,210,717,257049,0.124,26232,/home/amos/media/tv/White.Collar.S01-S06.1080p.BluRay.x265-RARBG/White.Collar.S06.1080p.WEBRip.x265-RARBG/White.Collar.S06E04.1080p.WEBRip.x265-RARBG.mp4,6,4,1358522,data/encodings/1358522/1358522_S06E04_26232_0.npy
1293,1080,1920,0,1068,1420,315,667,123904,0.06,26256,/home/amos/media/tv/White.Collar.S01-S06.1080p.BluRay.x265-RARBG/White.Collar.S06.1080p.WEBRip.x265-RARBG/White.Collar.S06E04.1080p.WEBRip.x265-RARBG.mp4,6,4,1358522,data/encodings/1358522/1358522_S06E04_26256_0.npy
1294,1080,1920,0,1032,1384,315,667,123904,0.06,26280,/home/amos/media/tv/White.Collar.S01-S06.1080p.BluRay.x265-RARBG/White.Collar.S06.1080p.WEBRip.x265-RARBG/White.Collar.S06E04.1080p.WEBRip.x265-RARBG.mp4,6,4,1358522,data/encodings/1358522/1358522_S06E04_26280_0.npy
1295,1080,1920,0,1025,1448,303,726,178929,0.086,26304,/home/amos/media/tv/White.Collar.S01-S06.1080p.BluRay.x265-RARBG/White.Collar.S06.1080p.WEBRip.x265-RARBG/White.Collar.S06E04.1080p.WEBRip.x265-RARBG.mp4,6,4,1358522,data/encodings/1358522/1358522_S06E04_26304_0.npy
1296,1080,1920,0,1032,1384,315,667,123904,0.06,26328,/home/amos/media/tv/White.Collar.S01-S06.1080p.BluRay.x265-RARBG/White.Collar.S06.1080p.WEBRip.x265-RARBG/White.Collar.S06E04.1080p.WEBRip.x265-RARBG.mp4,6,4,1358522,data/encodings/1358522/1358522_S06E04_26328_0.npy
1297,1080,1920,0,340,763,261,683,178506,0.086,26352,/home/amos/media/tv/White.Collar.S01-S06.1080p.BluRay.x265-RARBG/White.Collar.S06.1080p.WEBRip.x265-RARBG/White.Collar.S06E04.1080p.WEBRip.x265-RARBG.mp4,6,4,1358522,data/encodings/1358522/1358522_S06E04_26352_0.npy
1298,1080,1920,0,298,720,261,683,178084,0.086,26376,/home/amos/media/tv/White.Collar.S01-S06.1080p.BluRay.x265-RARBG/White.Collar.S06.1080p.WEBRip.x265-RARBG/White.Collar.S06E04.1080p.WEBRip.x265-RARBG.mp4,6,4,1358522,data/encodings/1358522/1358522_S06E04_26376_0.npy
1299,1080,1920,1,1205,1712,0,461,233727,0.113,26376,/home/amos/media/tv/White.Collar.S01-S06.1080p.BluRay.x265-RARBG/White.Collar.S06.1080p.WEBRip.x265-RARBG/White.Collar.S06E04.1080p.WEBRip.x265-RARBG.mp4,6,4,1358522,data/encodings/1358522/1358522_S06E04_26376_1.npy
1300,1080,1920,0,935,1033,277,375,9604,0.005,26400,/home/amos/media/tv/White.Collar.S01-S06.1080p.BluRay.x265-RARBG/White.Collar.S06.1080p.WEBRip.x265-RARBG/White.Collar.S06E04.1080p.WEBRip.x265-RARBG.mp4,6,4,1358522,data/encodings/1358522/1358522_S06E04_26400_0.npy
1301,1080,1920,1,358,500,226,368,20164,0.01,26400,/home/amos/media/tv/White.Collar.S01-S06.1080p.BluRay.x265-RARBG/White.Collar.S06.1080p.WEBRip.x265-RARBG/White.Collar.S06E04.1080p.WEBRip.x265-RARBG.mp4,6,4,1358522,data/encodings/1358522/1358522_S06E04_26400_1.npy
1302,1080,1920,2,1247,1388,556,697,19881,0.01,26400,/home/amos/media/tv/White.Collar.S01-S06.1080p.BluRay.x265-RARBG/White.Collar.S06.1080p.WEBRip.x265-RARBG/White.Collar.S06E04.1080p.WEBRip.x265-RARBG.mp4,6,4,1358522,data/encodings/1358522/1358522_S06E04_26400_2.npy
1303,1080,1920,0,1276,1394,554,672,13924,0.007,26424,/home/amos/media/tv/White.Collar.S01-S06.1080p.BluRay.x265-RARBG/White.Collar.S06.1080p.WEBRip.x265-RARBG/White.Collar.S06E04.1080p.WEBRip.x265-RARBG.mp4,6,4,1358522,data/encodings/1358522/1358522_S06E04_26424_0.npy
1304,1080,1920,0,1157,1275,542,660,13924,0.007,26448,/home/amos/media/tv/White.Collar.S01-S06.1080p.BluRay.x265-RARBG/White.Collar.S06.1080p.WEBRip.x265-RARBG/White.Collar.S06E04.1080p.WEBRip.x265-RARBG.mp4,6,4,1358522,data/encodings/1358522/1358522_S06E04_26448_0.npy
1305,1080,1920,1,1631,1835,450,654,41616,0.02,26448,/home/amos/media/tv/White.Collar.S01-S06.1080p.BluRay.x265-RARBG/White.Collar.S06.1080p.WEBRip.x265-RARBG/White.Collar.S06E04.1080p.WEBRip.x265-RARBG.mp4,6,4,1358522,data/encodings/1358522/1358522_S06E04_26448_1.npy
1306,1080,1920,0,1037,1155,530,648,13924,0.007,26472,/home/amos/media/tv/White.Collar.S01-S06.1080p.BluRay.x265-RARBG/White.Collar.S06.1080p.WEBRip.x265-RARBG/White.Collar.S06E04.1080p.WEBRip.x265-RARBG.mp4,6,4,1358522,data/encodings/1358522/1358522_S06E04_26472_0.npy
1307,1080,1920,1,1549,1752,409,613,41412,0.02,26472,/home/amos/media/tv/White.Collar.S01-S06.1080p.BluRay.x265-RARBG/White.Collar.S06.1080p.WEBRip.x265-RARBG/White.Collar.S06E04.1080p.WEBRip.x265-RARBG.mp4,6,4,1358522,data/encodings/1358522/1358522_S06E04_26472_1.npy
1308,1080,1920,0,572,620,672,719,2256,0.001,26520,/home/amos/media/tv/White.Collar.S01-S06.1080p.BluRay.x265-RARBG/White.Collar.S06.1080p.WEBRip.x265-RARBG/White.Collar.S06E04.1080p.WEBRip.x265-RARBG.mp4,6,4,1358522,data/encodings/1358522/1358522_S06E04_26520_0.npy
1309,1080,1920,1,731,778,633,681,2256,0.001,26520,/home/amos/media/tv/White.Collar.S01-S06.1080p.BluRay.x265-RARBG/White.Collar.S06.1080p.WEBRip.x265-RARBG/White.Collar.S06E04.1080p.WEBRip.x265-RARBG.mp4,6,4,1358522,data/encodings/1358522/1358522_S06E04_26520_1.npy
1310,1080,1920,0,678,725,629,676,2209,0.001,26544,/home/amos/media/tv/White.Collar.S01-S06.1080p.BluRay.x265-RARBG/White.Collar.S06.1080p.WEBRip.x265-RARBG/White.Collar.S06E04.1080p.WEBRip.x265-RARBG.mp4,6,4,1358522,data/encodings/1358522/1358522_S06E04_26544_0.npy
1311,1080,1920,0,855,954,496,594,9702,0.005,26568,/home/amos/media/tv/White.Collar.S01-S06.1080p.BluRay.x265-RARBG/White.Collar.S06.1080p.WEBRip.x265-RARBG/White.Collar.S06E04.1080p.WEBRip.x265-RARBG.mp4,6,4,1358522,data/encodings/1358522/1358522_S06E04_26568_0.npy
1312,1080,1920,0,616,715,297,395,9702,0.005,26640,/home/amos/media/tv/White.Collar.S01-S06.1080p.BluRay.x265-RARBG/White.Collar.S06.1080p.WEBRip.x265-RARBG/White.Collar.S06E04.1080p.WEBRip.x265-RARBG.mp4,6,4,1358522,data/encodings/1358522/1358522_S06E04_26640_0.npy
1313,1080,1920,0,1575,1693,124,242,13924,0.007,26664,/home/amos/media/tv/White.Collar.S01-S06.1080p.BluRay.x265-RARBG/White.Collar.S06.1080p.WEBRip.x265-RARBG/White.Collar.S06E04.1080p.WEBRip.x265-RARBG.mp4,6,4,1358522,data/encodings/1358522/1358522_S06E04_26664_0.npy
1314,1080,1920,0,1491,1609,196,314,13924,0.007,26688,/home/amos/media/tv/White.Collar.S01-S06.1080p.BluRay.x265-RARBG/White.Collar.S06.1080p.WEBRip.x265-RARBG/White.Collar.S06E04.1080p.WEBRip.x265-RARBG.mp4,6,4,1358522,data/encodings/1358522/1358522_S06E04_26688_0.npy
1315,1080,1920,0,1383,1501,196,314,13924,0.007,26712,/home/amos/media/tv/White.Collar.S01-S06.1080p.BluRay.x265-RARBG/White.Collar.S06.1080p.WEBRip.x265-RARBG/White.Collar.S06E04.1080p.WEBRip.x265-RARBG.mp4,6,4,1358522,data/encodings/1358522/1358522_S06E04_26712_0.npy
1316,1080,1920,1,507,605,317,415,9604,0.005,26712,/home/amos/media/tv/White.Collar.S01-S06.1080p.BluRay.x265-RARBG/White.Collar.S06.1080p.WEBRip.x265-RARBG/White.Collar.S06E04.1080p.WEBRip.x265-RARBG.mp4,6,4,1358522,data/encodings/1358522/1358522_S06E04_26712_1.npy
1317,1080,1920,0,487,585,357,455,9604,0.005,26736,/home/amos/media/tv/White.Collar.S01-S06.1080p.BluRay.x265-RARBG/White.Collar.S06.1080p.WEBRip.x265-RARBG/White.Collar.S06E04.1080p.WEBRip.x265-RARBG.mp4,6,4,1358522,data/encodings/1358522/1358522_S06E04_26736_0.npy
1318,1080,1920,1,1383,1481,227,326,9702,0.005,26736,/home/amos/media/tv/White.Collar.S01-S06.1080p.BluRay.x265-RARBG/White.Collar.S06.1080p.WEBRip.x265-RARBG/White.Collar.S06E04.1080p.WEBRip.x265-RARBG.mp4,6,4,1358522,data/encodings/1358522/1358522_S06E04_26736_1.npy
1319,1080,1920,0,1372,1489,196,314,13806,0.007,26760,/home/amos/media/tv/White.Collar.S01-S06.1080p.BluRay.x265-RARBG/White.Collar.S06.1080p.WEBRip.x265-RARBG/White.Collar.S06E04.1080p.WEBRip.x265-RARBG.mp4,6,4,1358522,data/encodings/1358522/1358522_S06E04_26760_0.npy
1320,1080,1920,1,497,595,327,425,9604,0.005,26760,/home/amos/media/tv/White.Collar.S01-S06.1080p.BluRay.x265-RARBG/White.Collar.S06.1080p.WEBRip.x265-RARBG/White.Collar.S06E04.1080p.WEBRip.x265-RARBG.mp4,6,4,1358522,data/encodings/1358522/1358522_S06E04_26760_1.npy
1321,1080,1920,0,1360,1478,196,314,13924,0.007,26784,/home/amos/media/tv/White.Collar.S01-S06.1080p.BluRay.x265-RARBG/White.Collar.S06.1080p.WEBRip.x265-RARBG/White.Collar.S06E04.1080p.WEBRip.x265-RARBG.mp4,6,4,1358522,data/encodings/1358522/1358522_S06E04_26784_0.npy
1322,1080,1920,0,1360,1478,196,314,13924,0.007,26808,/home/amos/media/tv/White.Collar.S01-S06.1080p.BluRay.x265-RARBG/White.Collar.S06.1080p.WEBRip.x265-RARBG/White.Collar.S06E04.1080p.WEBRip.x265-RARBG.mp4,6,4,1358522,data/encodings/1358522/1358522_S06E04_26808_0.npy
1323,1080,1920,0,1348,1466,196,314,13924,0.007,26832,/home/amos/media/tv/White.Collar.S01-S06.1080p.BluRay.x265-RARBG/White.Collar.S06.1080p.WEBRip.x265-RARBG/White.Collar.S06E04.1080p.WEBRip.x265-RARBG.mp4,6,4,1358522,data/encodings/1358522/1358522_S06E04_26832_0.npy
1324,1080,1920,0,1336,1454,196,314,13924,0.007,26856,/home/amos/media/tv/White.Collar.S01-S06.1080p.BluRay.x265-RARBG/White.Collar.S06.1080p.WEBRip.x265-RARBG/White.Collar.S06E04.1080p.WEBRip.x265-RARBG.mp4,6,4,1358522,data/encodings/1358522/1358522_S06E04_26856_0.npy
1325,1080,1920,0,1323,1421,208,306,9604,0.005,26880,/home/amos/media/tv/White.Collar.S01-S06.1080p.BluRay.x265-RARBG/White.Collar.S06.1080p.WEBRip.x265-RARBG/White.Collar.S06E04.1080p.WEBRip.x265-RARBG.mp4,6,4,1358522,data/encodings/1358522/1358522_S06E04_26880_0.npy
1326,1080,1920,1,537,635,347,445,9604,0.005,26880,/home/amos/media/tv/White.Collar.S01-S06.1080p.BluRay.x265-RARBG/White.Collar.S06.1080p.WEBRip.x265-RARBG/White.Collar.S06E04.1080p.WEBRip.x265-RARBG.mp4,6,4,1358522,data/encodings/1358522/1358522_S06E04_26880_1.npy
1327,1080,1920,0,1189,1331,240,382,20164,0.01,26904,/home/amos/media/tv/White.Collar.S01-S06.1080p.BluRay.x265-RARBG/White.Collar.S06.1080p.WEBRip.x265-RARBG/White.Collar.S06E04.1080p.WEBRip.x265-RARBG.mp4,6,4,1358522,data/encodings/1358522/1358522_S06E04_26904_0.npy
1328,1080,1920,0,1215,1385,216,385,28730,0.014,26928,/home/amos/media/tv/White.Collar.S01-S06.1080p.BluRay.x265-RARBG/White.Collar.S06.1080p.WEBRip.x265-RARBG/White.Collar.S06E04.1080p.WEBRip.x265-RARBG.mp4,6,4,1358522,data/encodings/1358522/1358522_S06E04_26928_0.npy
1329,1080,1920,0,1247,1388,226,368,20022,0.01,26952,/home/amos/media/tv/White.Collar.S01-S06.1080p.BluRay.x265-RARBG/White.Collar.S06.1080p.WEBRip.x265-RARBG/White.Collar.S06E04.1080p.WEBRip.x265-RARBG.mp4,6,4,1358522,data/encodings/1358522/1358522_S06E04_26952_0.npy
1330,1080,1920,0,1215,1385,216,385,28730,0.014,26976,/home/amos/media/tv/White.Collar.S01-S06.1080p.BluRay.x265-RARBG/White.Collar.S06.1080p.WEBRip.x265-RARBG/White.Collar.S06E04.1080p.WEBRip.x265-RARBG.mp4,6,4,1358522,data/encodings/1358522/1358522_S06E04_26976_0.npy
1331,1080,1920,0,599,803,120,324,41616,0.02,27000,/home/amos/media/tv/White.Collar.S01-S06.1080p.BluRay.x265-RARBG/White.Collar.S06.1080p.WEBRip.x265-RARBG/White.Collar.S06E04.1080p.WEBRip.x265-RARBG.mp4,6,4,1358522,data/encodings/1358522/1358522_S06E04_27000_0.npy
1332,1080,1920,0,1189,1331,240,382,20164,0.01,27024,/home/amos/media/tv/White.Collar.S01-S06.1080p.BluRay.x265-RARBG/White.Collar.S06.1080p.WEBRip.x265-RARBG/White.Collar.S06E04.1080p.WEBRip.x265-RARBG.mp4,6,4,1358522,data/encodings/1358522/1358522_S06E04_27024_0.npy
1333,1080,1920,1,735,783,1041,1080,1872,0.001,27024,/home/amos/media/tv/White.Collar.S01-S06.1080p.BluRay.x265-RARBG/White.Collar.S06.1080p.WEBRip.x265-RARBG/White.Collar.S06E04.1080p.WEBRip.x265-RARBG.mp4,6,4,1358522,data/encodings/1358522/1358522_S06E04_27024_1.npy
1334,1080,1920,0,1240,1358,219,337,13924,0.007,27048,/home/amos/media/tv/White.Collar.S01-S06.1080p.BluRay.x265-RARBG/White.Collar.S06.1080p.WEBRip.x265-RARBG/White.Collar.S06E04.1080p.WEBRip.x265-RARBG.mp4,6,4,1358522,data/encodings/1358522/1358522_S06E04_27048_0.npy
1335,1080,1920,0,516,657,126,267,19881,0.01,27096,/home/amos/media/tv/White.Collar.S01-S06.1080p.BluRay.x265-RARBG/White.Collar.S06.1080p.WEBRip.x265-RARBG/White.Collar.S06E04.1080p.WEBRip.x265-RARBG.mp4,6,4,1358522,data/encodings/1358522/1358522_S06E04_27096_0.npy
1336,1080,1920,0,530,672,154,296,20164,0.01,27120,/home/amos/media/tv/White.Collar.S01-S06.1080p.BluRay.x265-RARBG/White.Collar.S06.1080p.WEBRip.x265-RARBG/White.Collar.S06E04.1080p.WEBRip.x265-RARBG.mp4,6,4,1358522,data/encodings/1358522/1358522_S06E04_27120_0.npy
1337,1080,1920,0,1202,1447,181,426,60025,0.029,27144,/home/amos/media/tv/White.Collar.S01-S06.1080p.BluRay.x265-RARBG/White.Collar.S06.1080p.WEBRip.x265-RARBG/White.Collar.S06E04.1080p.WEBRip.x265-RARBG.mp4,6,4,1358522,data/encodings/1358522/1358522_S06E04_27144_0.npy
1338,1080,1920,0,1178,1422,181,426,59780,0.029,27168,/home/amos/media/tv/White.Collar.S01-S06.1080p.BluRay.x265-RARBG/White.Collar.S06.1080p.WEBRip.x265-RARBG/White.Collar.S06E04.1080p.WEBRip.x265-RARBG.mp4,6,4,1358522,data/encodings/1358522/1358522_S06E04_27168_0.npy
1339,1080,1920,0,585,878,225,519,86142,0.042,27192,/home/amos/media/tv/White.Collar.S01-S06.1080p.BluRay.x265-RARBG/White.Collar.S06.1080p.WEBRip.x265-RARBG/White.Collar.S06E04.1080p.WEBRip.x265-RARBG.mp4,6,4,1358522,data/encodings/1358522/1358522_S06E04_27192_0.npy
1340,1080,1920,0,1275,1417,212,353,20022,0.01,27216,/home/amos/media/tv/White.Collar.S01-S06.1080p.BluRay.x265-RARBG/White.Collar.S06.1080p.WEBRip.x265-RARBG/White.Collar.S06E04.1080p.WEBRip.x265-RARBG.mp4,6,4,1358522,data/encodings/1358522/1358522_S06E04_27216_0.npy
1341,1080,1920,0,1266,1436,198,368,28900,0.014,27240,/home/amos/media/tv/White.Collar.S01-S06.1080p.BluRay.x265-RARBG/White.Collar.S06.1080p.WEBRip.x265-RARBG/White.Collar.S06E04.1080p.WEBRip.x265-RARBG.mp4,6,4,1358522,data/encodings/1358522/1358522_S06E04_27240_0.npy
1342,1080,1920,0,534,778,156,401,59780,0.029,27264,/home/amos/media/tv/White.Collar.S01-S06.1080p.BluRay.x265-RARBG/White.Collar.S06.1080p.WEBRip.x265-RARBG/White.Collar.S06E04.1080p.WEBRip.x265-RARBG.mp4,6,4,1358522,data/encodings/1358522/1358522_S06E04_27264_0.npy
1343,1080,1920,0,578,782,182,385,41412,0.02,27288,/home/amos/media/tv/White.Collar.S01-S06.1080p.BluRay.x265-RARBG/White.Collar.S06.1080p.WEBRip.x265-RARBG/White.Collar.S06E04.1080p.WEBRip.x265-RARBG.mp4,6,4,1358522,data/encodings/1358522/1358522_S06E04_27288_0.npy
1344,1080,1920,0,578,782,182,385,41412,0.02,27312,/home/amos/media/tv/White.Collar.S01-S06.1080p.BluRay.x265-RARBG/White.Collar.S06.1080p.WEBRip.x265-RARBG/White.Collar.S06E04.1080p.WEBRip.x265-RARBG.mp4,6,4,1358522,data/encodings/1358522/1358522_S06E04_27312_0.npy
1345,1080,1920,0,599,803,202,406,41616,0.02,27336,/home/amos/media/tv/White.Collar.S01-S06.1080p.BluRay.x265-RARBG/White.Collar.S06.1080p.WEBRip.x265-RARBG/White.Collar.S06E04.1080p.WEBRip.x265-RARBG.mp4,6,4,1358522,data/encodings/1358522/1358522_S06E04_27336_0.npy
1346,1080,1920,0,1179,1473,285,578,86142,0.042,27360,/home/amos/media/tv/White.Collar.S01-S06.1080p.BluRay.x265-RARBG/White.Collar.S06.1080p.WEBRip.x265-RARBG/White.Collar.S06E04.1080p.WEBRip.x265-RARBG.mp4,6,4,1358522,data/encodings/1358522/1358522_S06E04_27360_0.npy
1347,1080,1920,0,1150,1443,285,578,85849,0.041,27384,/home/amos/media/tv/White.Collar.S01-S06.1080p.BluRay.x265-RARBG/White.Collar.S06.1080p.WEBRip.x265-RARBG/White.Collar.S06E04.1080p.WEBRip.x265-RARBG.mp4,6,4,1358522,data/encodings/1358522/1358522_S06E04_27384_0.npy
1348,1080,1920,0,512,934,261,683,178084,0.086,27408,/home/amos/media/tv/White.Collar.S01-S06.1080p.BluRay.x265-RARBG/White.Collar.S06.1080p.WEBRip.x265-RARBG/White.Collar.S06E04.1080p.WEBRip.x265-RARBG.mp4,6,4,1358522,data/encodings/1358522/1358522_S06E04_27408_0.npy
1349,1080,1920,0,589,1096,210,717,257049,0.124,27432,/home/amos/media/tv/White.Collar.S01-S06.1080p.BluRay.x265-RARBG/White.Collar.S06.1080p.WEBRip.x265-RARBG/White.Collar.S06E04.1080p.WEBRip.x265-RARBG.mp4,6,4,1358522,data/encodings/1358522/1358522_S06E04_27432_0.npy
1350,1080,1920,0,512,934,303,726,178506,0.086,27456,/home/amos/media/tv/White.Collar.S01-S06.1080p.BluRay.x265-RARBG/White.Collar.S06.1080p.WEBRip.x265-RARBG/White.Collar.S06E04.1080p.WEBRip.x265-RARBG.mp4,6,4,1358522,data/encodings/1358522/1358522_S06E04_27456_0.npy
1351,1080,1920,0,1120,1413,166,459,85849,0.041,27480,/home/amos/media/tv/White.Collar.S01-S06.1080p.BluRay.x265-RARBG/White.Collar.S06.1080p.WEBRip.x265-RARBG/White.Collar.S06E04.1080p.WEBRip.x265-RARBG.mp4,6,4,1358522,data/encodings/1358522/1358522_S06E04_27480_0.npy
1352,1080,1920,0,925,1277,172,525,124256,0.06,27504,/home/amos/media/tv/White.Collar.S01-S06.1080p.BluRay.x265-RARBG/White.Collar.S06.1080p.WEBRip.x265-RARBG/White.Collar.S06E04.1080p.WEBRip.x265-RARBG.mp4,6,4,1358522,data/encodings/1358522/1358522_S06E04_27504_0.npy
1353,1080,1920,0,554,977,261,683,178506,0.086,27528,/home/amos/media/tv/White.Collar.S01-S06.1080p.BluRay.x265-RARBG/White.Collar.S06.1080p.WEBRip.x265-RARBG/White.Collar.S06E04.1080p.WEBRip.x265-RARBG.mp4,6,4,1358522,data/encodings/1358522/1358522_S06E04_27528_0.npy
1354,1080,1920,0,554,977,261,683,178506,0.086,27552,/home/amos/media/tv/White.Collar.S01-S06.1080p.BluRay.x265-RARBG/White.Collar.S06.1080p.WEBRip.x265-RARBG/White.Collar.S06E04.1080p.WEBRip.x265-RARBG.mp4,6,4,1358522,data/encodings/1358522/1358522_S06E04_27552_0.npy
1355,1080,1920,0,597,1020,261,683,178506,0.086,27576,/home/amos/media/tv/White.Collar.S01-S06.1080p.BluRay.x265-RARBG/White.Collar.S06.1080p.WEBRip.x265-RARBG/White.Collar.S06E04.1080p.WEBRip.x265-RARBG.mp4,6,4,1358522,data/encodings/1358522/1358522_S06E04_27576_0.npy
1356,1080,1920,0,1120,1413,255,548,85849,0.041,27600,/home/amos/media/tv/White.Collar.S01-S06.1080p.BluRay.x265-RARBG/White.Collar.S06.1080p.WEBRip.x265-RARBG/White.Collar.S06E04.1080p.WEBRip.x265-RARBG.mp4,6,4,1358522,data/encodings/1358522/1358522_S06E04_27600_0.npy
1357,1080,1920,0,1120,1413,285,578,85849,0.041,27624,/home/amos/media/tv/White.Collar.S01-S06.1080p.BluRay.x265-RARBG/White.Collar.S06.1080p.WEBRip.x265-RARBG/White.Collar.S06E04.1080p.WEBRip.x265-RARBG.mp4,6,4,1358522,data/encodings/1358522/1358522_S06E04_27624_0.npy
1358,1080,1920,0,462,814,208,560,123904,0.06,27648,/home/amos/media/tv/White.Collar.S01-S06.1080p.BluRay.x265-RARBG/White.Collar.S06.1080p.WEBRip.x265-RARBG/White.Collar.S06E04.1080p.WEBRip.x265-RARBG.mp4,6,4,1358522,data/encodings/1358522/1358522_S06E04_27648_0.npy
1359,1080,1920,0,462,814,208,560,123904,0.06,27672,/home/amos/media/tv/White.Collar.S01-S06.1080p.BluRay.x265-RARBG/White.Collar.S06.1080p.WEBRip.x265-RARBG/White.Collar.S06E04.1080p.WEBRip.x265-RARBG.mp4,6,4,1358522,data/encodings/1358522/1358522_S06E04_27672_0.npy
1360,1080,1920,0,1068,1420,244,596,123904,0.06,27696,/home/amos/media/tv/White.Collar.S01-S06.1080p.BluRay.x265-RARBG/White.Collar.S06.1080p.WEBRip.x265-RARBG/White.Collar.S06E04.1080p.WEBRip.x265-RARBG.mp4,6,4,1358522,data/encodings/1358522/1358522_S06E04_27696_0.npy
1361,1080,1920,0,426,778,208,560,123904,0.06,27720,/home/amos/media/tv/White.Collar.S01-S06.1080p.BluRay.x265-RARBG/White.Collar.S06.1080p.WEBRip.x265-RARBG/White.Collar.S06E04.1080p.WEBRip.x265-RARBG.mp4,6,4,1358522,data/encodings/1358522/1358522_S06E04_27720_0.npy
1362,1080,1920,0,497,849,208,560,123904,0.06,27744,/home/amos/media/tv/White.Collar.S01-S06.1080p.BluRay.x265-RARBG/White.Collar.S06.1080p.WEBRip.x265-RARBG/White.Collar.S06E04.1080p.WEBRip.x265-RARBG.mp4,6,4,1358522,data/encodings/1358522/1358522_S06E04_27744_0.npy
1363,1080,1920,0,462,814,208,560,123904,0.06,27768,/home/amos/media/tv/White.Collar.S01-S06.1080p.BluRay.x265-RARBG/White.Collar.S06.1080p.WEBRip.x265-RARBG/White.Collar.S06E04.1080p.WEBRip.x265-RARBG.mp4,6,4,1358522,data/encodings/1358522/1358522_S06E04_27768_0.npy
1364,1080,1920,0,1061,1354,285,578,85849,0.041,27792,/home/amos/media/tv/White.Collar.S01-S06.1080p.BluRay.x265-RARBG/White.Collar.S06.1080p.WEBRip.x265-RARBG/White.Collar.S06E04.1080p.WEBRip.x265-RARBG.mp4,6,4,1358522,data/encodings/1358522/1358522_S06E04_27792_0.npy
1365,1080,1920,0,640,844,120,324,41616,0.02,27840,/home/amos/media/tv/White.Collar.S01-S06.1080p.BluRay.x265-RARBG/White.Collar.S06.1080p.WEBRip.x265-RARBG/White.Collar.S06E04.1080p.WEBRip.x265-RARBG.mp4,6,4,1358522,data/encodings/1358522/1358522_S06E04_27840_0.npy
1366,1080,1920,0,1139,1491,208,560,123904,0.06,27864,/home/amos/media/tv/White.Collar.S01-S06.1080p.BluRay.x265-RARBG/White.Collar.S06.1080p.WEBRip.x265-RARBG/White.Collar.S06E04.1080p.WEBRip.x265-RARBG.mp4,6,4,1358522,data/encodings/1358522/1358522_S06E04_27864_0.npy
1367,1080,1920,0,1104,1456,208,560,123904,0.06,27888,/home/amos/media/tv/White.Collar.S01-S06.1080p.BluRay.x265-RARBG/White.Collar.S06.1080p.WEBRip.x265-RARBG/White.Collar.S06E04.1080p.WEBRip.x265-RARBG.mp4,6,4,1358522,data/encodings/1358522/1358522_S06E04_27888_0.npy
1368,1080,1920,0,1139,1491,208,560,123904,0.06,27912,/home/amos/media/tv/White.Collar.S01-S06.1080p.BluRay.x265-RARBG/White.Collar.S06.1080p.WEBRip.x265-RARBG/White.Collar.S06E04.1080p.WEBRip.x265-RARBG.mp4,6,4,1358522,data/encodings/1358522/1358522_S06E04_27912_0.npy
1369,1080,1920,0,1068,1420,208,560,123904,0.06,27936,/home/amos/media/tv/White.Collar.S01-S06.1080p.BluRay.x265-RARBG/White.Collar.S06.1080p.WEBRip.x265-RARBG/White.Collar.S06E04.1080p.WEBRip.x265-RARBG.mp4,6,4,1358522,data/encodings/1358522/1358522_S06E04_27936_0.npy
1370,1080,1920,0,537,1044,262,769,257049,0.124,27960,/home/amos/media/tv/White.Collar.S01-S06.1080p.BluRay.x265-RARBG/White.Collar.S06.1080p.WEBRip.x265-RARBG/White.Collar.S06E04.1080p.WEBRip.x265-RARBG.mp4,6,4,1358522,data/encodings/1358522/1358522_S06E04_27960_0.npy
1371,1080,1920,0,1068,1420,208,560,123904,0.06,27984,/home/amos/media/tv/White.Collar.S01-S06.1080p.BluRay.x265-RARBG/White.Collar.S06.1080p.WEBRip.x265-RARBG/White.Collar.S06E04.1080p.WEBRip.x265-RARBG.mp4,6,4,1358522,data/encodings/1358522/1358522_S06E04_27984_0.npy
1372,1080,1920,0,682,927,181,426,60025,0.029,28008,/home/amos/media/tv/White.Collar.S01-S06.1080p.BluRay.x265-RARBG/White.Collar.S06.1080p.WEBRip.x265-RARBG/White.Collar.S06E04.1080p.WEBRip.x265-RARBG.mp4,6,4,1358522,data/encodings/1358522/1358522_S06E04_28008_0.npy
1373,1080,1920,0,534,778,231,475,59536,0.029,28032,/home/amos/media/tv/White.Collar.S01-S06.1080p.BluRay.x265-RARBG/White.Collar.S06.1080p.WEBRip.x265-RARBG/White.Collar.S06E04.1080p.WEBRip.x265-RARBG.mp4,6,4,1358522,data/encodings/1358522/1358522_S06E04_28032_0.npy
1374,1080,1920,0,484,729,181,426,60025,0.029,28056,/home/amos/media/tv/White.Collar.S01-S06.1080p.BluRay.x265-RARBG/White.Collar.S06.1080p.WEBRip.x265-RARBG/White.Collar.S06E04.1080p.WEBRip.x265-RARBG.mp4,6,4,1358522,data/encodings/1358522/1358522_S06E04_28056_0.npy
1375,1080,1920,0,534,778,181,426,59780,0.029,28080,/home/amos/media/tv/White.Collar.S01-S06.1080p.BluRay.x265-RARBG/White.Collar.S06.1080p.WEBRip.x265-RARBG/White.Collar.S06E04.1080p.WEBRip.x265-RARBG.mp4,6,4,1358522,data/encodings/1358522/1358522_S06E04_28080_0.npy
1376,1080,1920,0,558,803,181,426,60025,0.029,28104,/home/amos/media/tv/White.Collar.S01-S06.1080p.BluRay.x265-RARBG/White.Collar.S06.1080p.WEBRip.x265-RARBG/White.Collar.S06E04.1080p.WEBRip.x265-RARBG.mp4,6,4,1358522,data/encodings/1358522/1358522_S06E04_28104_0.npy
1377,1080,1920,0,558,803,181,426,60025,0.029,28128,/home/amos/media/tv/White.Collar.S01-S06.1080p.BluRay.x265-RARBG/White.Collar.S06.1080p.WEBRip.x265-RARBG/White.Collar.S06E04.1080p.WEBRip.x265-RARBG.mp4,6,4,1358522,data/encodings/1358522/1358522_S06E04_28128_0.npy
1378,1080,1920,0,534,778,181,426,59780,0.029,28152,/home/amos/media/tv/White.Collar.S01-S06.1080p.BluRay.x265-RARBG/White.Collar.S06.1080p.WEBRip.x265-RARBG/White.Collar.S06E04.1080p.WEBRip.x265-RARBG.mp4,6,4,1358522,data/encodings/1358522/1358522_S06E04_28152_0.npy
1379,1080,1920,0,1209,1503,166,459,86142,0.042,28176,/home/amos/media/tv/White.Collar.S01-S06.1080p.BluRay.x265-RARBG/White.Collar.S06.1080p.WEBRip.x265-RARBG/White.Collar.S06E04.1080p.WEBRip.x265-RARBG.mp4,6,4,1358522,data/encodings/1358522/1358522_S06E04_28176_0.npy
1380,1080,1920,0,1209,1503,166,459,86142,0.042,28200,/home/amos/media/tv/White.Collar.S01-S06.1080p.BluRay.x265-RARBG/White.Collar.S06.1080p.WEBRip.x265-RARBG/White.Collar.S06E04.1080p.WEBRip.x265-RARBG.mp4,6,4,1358522,data/encodings/1358522/1358522_S06E04_28200_0.npy
1381,1080,1920,0,1209,1503,166,459,86142,0.042,28224,/home/amos/media/tv/White.Collar.S01-S06.1080p.BluRay.x265-RARBG/White.Collar.S06.1080p.WEBRip.x265-RARBG/White.Collar.S06E04.1080p.WEBRip.x265-RARBG.mp4,6,4,1358522,data/encodings/1358522/1358522_S06E04_28224_0.npy
1382,1080,1920,0,558,803,181,426,60025,0.029,28248,/home/amos/media/tv/White.Collar.S01-S06.1080p.BluRay.x265-RARBG/White.Collar.S06.1080p.WEBRip.x265-RARBG/White.Collar.S06E04.1080p.WEBRip.x265-RARBG.mp4,6,4,1358522,data/encodings/1358522/1358522_S06E04_28248_0.npy
1383,1080,1920,0,534,778,206,450,59536,0.029,28272,/home/amos/media/tv/White.Collar.S01-S06.1080p.BluRay.x265-RARBG/White.Collar.S06.1080p.WEBRip.x265-RARBG/White.Collar.S06E04.1080p.WEBRip.x265-RARBG.mp4,6,4,1358522,data/encodings/1358522/1358522_S06E04_28272_0.npy
1384,1080,1920,0,534,778,206,450,59536,0.029,28296,/home/amos/media/tv/White.Collar.S01-S06.1080p.BluRay.x265-RARBG/White.Collar.S06.1080p.WEBRip.x265-RARBG/White.Collar.S06E04.1080p.WEBRip.x265-RARBG.mp4,6,4,1358522,data/encodings/1358522/1358522_S06E04_28296_0.npy
1385,1080,1920,0,526,819,195,489,86142,0.042,28320,/home/amos/media/tv/White.Collar.S01-S06.1080p.BluRay.x265-RARBG/White.Collar.S06.1080p.WEBRip.x265-RARBG/White.Collar.S06E04.1080p.WEBRip.x265-RARBG.mp4,6,4,1358522,data/encodings/1358522/1358522_S06E04_28320_0.npy
1386,1080,1920,0,1328,1621,166,459,85849,0.041,28344,/home/amos/media/tv/White.Collar.S01-S06.1080p.BluRay.x265-RARBG/White.Collar.S06.1080p.WEBRip.x265-RARBG/White.Collar.S06E04.1080p.WEBRip.x265-RARBG.mp4,6,4,1358522,data/encodings/1358522/1358522_S06E04_28344_0.npy
1387,1080,1920,0,1150,1443,166,459,85849,0.041,28368,/home/amos/media/tv/White.Collar.S01-S06.1080p.BluRay.x265-RARBG/White.Collar.S06.1080p.WEBRip.x265-RARBG/White.Collar.S06E04.1080p.WEBRip.x265-RARBG.mp4,6,4,1358522,data/encodings/1358522/1358522_S06E04_28368_0.npy
1388,1080,1920,0,1139,1491,172,525,124256,0.06,28392,/home/amos/media/tv/White.Collar.S01-S06.1080p.BluRay.x265-RARBG/White.Collar.S06.1080p.WEBRip.x265-RARBG/White.Collar.S06E04.1080p.WEBRip.x265-RARBG.mp4,6,4,1358522,data/encodings/1358522/1358522_S06E04_28392_0.npy
1389,1080,1920,0,377,670,195,489,86142,0.042,28416,/home/amos/media/tv/White.Collar.S01-S06.1080p.BluRay.x265-RARBG/White.Collar.S06.1080p.WEBRip.x265-RARBG/White.Collar.S06E04.1080p.WEBRip.x265-RARBG.mp4,6,4,1358522,data/encodings/1358522/1358522_S06E04_28416_0.npy
1390,1080,1920,0,496,789,166,459,85849,0.041,28440,/home/amos/media/tv/White.Collar.S01-S06.1080p.BluRay.x265-RARBG/White.Collar.S06.1080p.WEBRip.x265-RARBG/White.Collar.S06E04.1080p.WEBRip.x265-RARBG.mp4,6,4,1358522,data/encodings/1358522/1358522_S06E04_28440_0.npy
1391,1080,1920,0,466,760,195,489,86436,0.042,28464,/home/amos/media/tv/White.Collar.S01-S06.1080p.BluRay.x265-RARBG/White.Collar.S06.1080p.WEBRip.x265-RARBG/White.Collar.S06E04.1080p.WEBRip.x265-RARBG.mp4,6,4,1358522,data/encodings/1358522/1358522_S06E04_28464_0.npy
1392,1080,1920,0,526,819,195,489,86142,0.042,28488,/home/amos/media/tv/White.Collar.S01-S06.1080p.BluRay.x265-RARBG/White.Collar.S06.1080p.WEBRip.x265-RARBG/White.Collar.S06E04.1080p.WEBRip.x265-RARBG.mp4,6,4,1358522,data/encodings/1358522/1358522_S06E04_28488_0.npy
1393,1080,1920,0,1150,1443,195,489,86142,0.042,28512,/home/amos/media/tv/White.Collar.S01-S06.1080p.BluRay.x265-RARBG/White.Collar.S06.1080p.WEBRip.x265-RARBG/White.Collar.S06E04.1080p.WEBRip.x265-RARBG.mp4,6,4,1358522,data/encodings/1358522/1358522_S06E04_28512_0.npy
1394,1080,1920,0,1178,1422,206,450,59536,0.029,28536,/home/amos/media/tv/White.Collar.S01-S06.1080p.BluRay.x265-RARBG/White.Collar.S06.1080p.WEBRip.x265-RARBG/White.Collar.S06E04.1080p.WEBRip.x265-RARBG.mp4,6,4,1358522,data/encodings/1358522/1358522_S06E04_28536_0.npy
1395,1080,1920,0,615,908,195,489,86142,0.042,28560,/home/amos/media/tv/White.Collar.S01-S06.1080p.BluRay.x265-RARBG/White.Collar.S06.1080p.WEBRip.x265-RARBG/White.Collar.S06E04.1080p.WEBRip.x265-RARBG.mp4,6,4,1358522,data/encodings/1358522/1358522_S06E04_28560_0.npy
1396,1080,1920,0,496,789,195,489,86142,0.042,28584,/home/amos/media/tv/White.Collar.S01-S06.1080p.BluRay.x265-RARBG/White.Collar.S06.1080p.WEBRip.x265-RARBG/White.Collar.S06E04.1080p.WEBRip.x265-RARBG.mp4,6,4,1358522,data/encodings/1358522/1358522_S06E04_28584_0.npy
1397,1080,1920,0,390,742,244,596,123904,0.06,28608,/home/amos/media/tv/White.Collar.S01-S06.1080p.BluRay.x265-RARBG/White.Collar.S06.1080p.WEBRip.x265-RARBG/White.Collar.S06E04.1080p.WEBRip.x265-RARBG.mp4,6,4,1358522,data/encodings/1358522/1358522_S06E04_28608_0.npy
1398,1080,1920,0,1214,1312,825,923,9604,0.005,28656,/home/amos/media/tv/White.Collar.S01-S06.1080p.BluRay.x265-RARBG/White.Collar.S06.1080p.WEBRip.x265-RARBG/White.Collar.S06E04.1080p.WEBRip.x265-RARBG.mp4,6,4,1358522,data/encodings/1358522/1358522_S06E04_28656_0.npy
1399,1080,1920,0,1228,1346,530,648,13924,0.007,28680,/home/amos/media/tv/White.Collar.S01-S06.1080p.BluRay.x265-RARBG/White.Collar.S06.1080p.WEBRip.x265-RARBG/White.Collar.S06E04.1080p.WEBRip.x265-RARBG.mp4,6,4,1358522,data/encodings/1358522/1358522_S06E04_28680_0.npy
1400,1080,1920,0,1005,1103,675,774,9702,0.005,28704,/home/amos/media/tv/White.Collar.S01-S06.1080p.BluRay.x265-RARBG/White.Collar.S06.1080p.WEBRip.x265-RARBG/White.Collar.S06E04.1080p.WEBRip.x265-RARBG.mp4,6,4,1358522,data/encodings/1358522/1358522_S06E04_28704_0.npy
1401,1080,1920,1,1228,1346,279,397,13924,0.007,28704,/home/amos/media/tv/White.Collar.S01-S06.1080p.BluRay.x265-RARBG/White.Collar.S06.1080p.WEBRip.x265-RARBG/White.Collar.S06E04.1080p.WEBRip.x265-RARBG.mp4,6,4,1358522,data/encodings/1358522/1358522_S06E04_28704_1.npy
1402,1080,1920,0,791,873,303,385,6724,0.003,28752,/home/amos/media/tv/White.Collar.S01-S06.1080p.BluRay.x265-RARBG/White.Collar.S06.1080p.WEBRip.x265-RARBG/White.Collar.S06E04.1080p.WEBRip.x265-RARBG.mp4,6,4,1358522,data/encodings/1358522/1358522_S06E04_28752_0.npy
1403,1080,1920,1,434,516,254,335,6642,0.003,28752,/home/amos/media/tv/White.Collar.S01-S06.1080p.BluRay.x265-RARBG/White.Collar.S06.1080p.WEBRip.x265-RARBG/White.Collar.S06E04.1080p.WEBRip.x265-RARBG.mp4,6,4,1358522,data/encodings/1358522/1358522_S06E04_28752_1.npy
1404,1080,1920,2,1184,1282,367,465,9604,0.005,28752,/home/amos/media/tv/White.Collar.S01-S06.1080p.BluRay.x265-RARBG/White.Collar.S06.1080p.WEBRip.x265-RARBG/White.Collar.S06E04.1080p.WEBRip.x265-RARBG.mp4,6,4,1358522,data/encodings/1358522/1358522_S06E04_28752_2.npy
1405,1080,1920,0,852,921,291,359,4692,0.002,28776,/home/amos/media/tv/White.Collar.S01-S06.1080p.BluRay.x265-RARBG/White.Collar.S06.1080p.WEBRip.x265-RARBG/White.Collar.S06E04.1080p.WEBRip.x265-RARBG.mp4,6,4,1358522,data/encodings/1358522/1358522_S06E04_28776_0.npy
1406,1080,1920,1,576,644,270,338,4624,0.002,28776,/home/amos/media/tv/White.Collar.S01-S06.1080p.BluRay.x265-RARBG/White.Collar.S06.1080p.WEBRip.x265-RARBG/White.Collar.S06E04.1080p.WEBRip.x265-RARBG.mp4,6,4,1358522,data/encodings/1358522/1358522_S06E04_28776_1.npy
1407,1080,1920,2,885,983,526,624,9604,0.005,28776,/home/amos/media/tv/White.Collar.S01-S06.1080p.BluRay.x265-RARBG/White.Collar.S06.1080p.WEBRip.x265-RARBG/White.Collar.S06E04.1080p.WEBRip.x265-RARBG.mp4,6,4,1358522,data/encodings/1358522/1358522_S06E04_28776_2.npy
1408,1080,1920,0,906,963,229,286,3249,0.002,28800,/home/amos/media/tv/White.Collar.S01-S06.1080p.BluRay.x265-RARBG/White.Collar.S06.1080p.WEBRip.x265-RARBG/White.Collar.S06E04.1080p.WEBRip.x265-RARBG.mp4,6,4,1358522,data/encodings/1358522/1358522_S06E04_28800_0.npy
1409,1080,1920,1,641,698,217,274,3249,0.002,28800,/home/amos/media/tv/White.Collar.S01-S06.1080p.BluRay.x265-RARBG/White.Collar.S06.1080p.WEBRip.x265-RARBG/White.Collar.S06E04.1080p.WEBRip.x265-RARBG.mp4,6,4,1358522,data/encodings/1358522/1358522_S06E04_28800_1.npy
1410,1080,1920,2,679,797,626,744,13924,0.007,28800,/home/amos/media/tv/White.Collar.S01-S06.1080p.BluRay.x265-RARBG/White.Collar.S06.1080p.WEBRip.x265-RARBG/White.Collar.S06E04.1080p.WEBRip.x265-RARBG.mp4,6,4,1358522,data/encodings/1358522/1358522_S06E04_28800_2.npy
1411,1080,1920,0,871,928,212,268,3192,0.002,28824,/home/amos/media/tv/White.Collar.S01-S06.1080p.BluRay.x265-RARBG/White.Collar.S06.1080p.WEBRip.x265-RARBG/White.Collar.S06E04.1080p.WEBRip.x265-RARBG.mp4,6,4,1358522,data/encodings/1358522/1358522_S06E04_28824_0.npy
1412,1080,1920,1,624,681,200,257,3249,0.002,28824,/home/amos/media/tv/White.Collar.S01-S06.1080p.BluRay.x265-RARBG/White.Collar.S06.1080p.WEBRip.x265-RARBG/White.Collar.S06E04.1080p.WEBRip.x265-RARBG.mp4,6,4,1358522,data/encodings/1358522/1358522_S06E04_28824_1.npy
1413,1080,1920,0,879,927,268,316,2304,0.001,28848,/home/amos/media/tv/White.Collar.S01-S06.1080p.BluRay.x265-RARBG/White.Collar.S06.1080p.WEBRip.x265-RARBG/White.Collar.S06E04.1080p.WEBRip.x265-RARBG.mp4,6,4,1358522,data/encodings/1358522/1358522_S06E04_28848_0.npy
1414,1080,1920,1,641,698,258,315,3249,0.002,28848,/home/amos/media/tv/White.Collar.S01-S06.1080p.BluRay.x265-RARBG/White.Collar.S06.1080p.WEBRip.x265-RARBG/White.Collar.S06E04.1080p.WEBRip.x265-RARBG.mp4,6,4,1358522,data/encodings/1358522/1358522_S06E04_28848_1.npy
1415,1080,1920,0,604,672,249,317,4624,0.002,28872,/home/amos/media/tv/White.Collar.S01-S06.1080p.BluRay.x265-RARBG/White.Collar.S06.1080p.WEBRip.x265-RARBG/White.Collar.S06E04.1080p.WEBRip.x265-RARBG.mp4,6,4,1358522,data/encodings/1358522/1358522_S06E04_28872_0.npy
1416,1080,1920,1,860,917,263,320,3249,0.002,28872,/home/amos/media/tv/White.Collar.S01-S06.1080p.BluRay.x265-RARBG/White.Collar.S06.1080p.WEBRip.x265-RARBG/White.Collar.S06E04.1080p.WEBRip.x265-RARBG.mp4,6,4,1358522,data/encodings/1358522/1358522_S06E04_28872_1.npy
1417,1080,1920,0,655,773,399,517,13924,0.007,28896,/home/amos/media/tv/White.Collar.S01-S06.1080p.BluRay.x265-RARBG/White.Collar.S06.1080p.WEBRip.x265-RARBG/White.Collar.S06E04.1080p.WEBRip.x265-RARBG.mp4,6,4,1358522,data/encodings/1358522/1358522_S06E04_28896_0.npy
1418,1080,1920,0,1089,1231,154,296,20164,0.01,28920,/home/amos/media/tv/White.Collar.S01-S06.1080p.BluRay.x265-RARBG/White.Collar.S06.1080p.WEBRip.x265-RARBG/White.Collar.S06E04.1080p.WEBRip.x265-RARBG.mp4,6,4,1358522,data/encodings/1358522/1358522_S06E04_28920_0.npy
1419,1080,1920,1,1467,1585,864,982,13924,0.007,28920,/home/amos/media/tv/White.Collar.S01-S06.1080p.BluRay.x265-RARBG/White.Collar.S06.1080p.WEBRip.x265-RARBG/White.Collar.S06E04.1080p.WEBRip.x265-RARBG.mp4,6,4,1358522,data/encodings/1358522/1358522_S06E04_28920_1.npy
1420,1080,1920,2,602,743,398,540,20022,0.01,28920,/home/amos/media/tv/White.Collar.S01-S06.1080p.BluRay.x265-RARBG/White.Collar.S06.1080p.WEBRip.x265-RARBG/White.Collar.S06E04.1080p.WEBRip.x265-RARBG.mp4,6,4,1358522,data/encodings/1358522/1358522_S06E04_28920_2.npy
1421,1080,1920,0,991,1161,147,317,28900,0.014,28944,/home/amos/media/tv/White.Collar.S01-S06.1080p.BluRay.x265-RARBG/White.Collar.S06.1080p.WEBRip.x265-RARBG/White.Collar.S06E04.1080p.WEBRip.x265-RARBG.mp4,6,4,1358522,data/encodings/1358522/1358522_S06E04_28944_0.npy
1422,1080,1920,0,819,989,388,557,28730,0.014,28968,/home/amos/media/tv/White.Collar.S01-S06.1080p.BluRay.x265-RARBG/White.Collar.S06.1080p.WEBRip.x265-RARBG/White.Collar.S06E04.1080p.WEBRip.x265-RARBG.mp4,6,4,1358522,data/encodings/1358522/1358522_S06E04_28968_0.npy
1423,1080,1920,1,1094,1264,130,299,28730,0.014,28968,/home/amos/media/tv/White.Collar.S01-S06.1080p.BluRay.x265-RARBG/White.Collar.S06.1080p.WEBRip.x265-RARBG/White.Collar.S06E04.1080p.WEBRip.x265-RARBG.mp4,6,4,1358522,data/encodings/1358522/1358522_S06E04_28968_1.npy
1424,1080,1920,0,788,930,412,554,20164,0.01,28992,/home/amos/media/tv/White.Collar.S01-S06.1080p.BluRay.x265-RARBG/White.Collar.S06.1080p.WEBRip.x265-RARBG/White.Collar.S06E04.1080p.WEBRip.x265-RARBG.mp4,6,4,1358522,data/encodings/1358522/1358522_S06E04_28992_0.npy
1425,1080,1920,1,1112,1281,130,299,28561,0.014,28992,/home/amos/media/tv/White.Collar.S01-S06.1080p.BluRay.x265-RARBG/White.Collar.S06.1080p.WEBRip.x265-RARBG/White.Collar.S06E04.1080p.WEBRip.x265-RARBG.mp4,6,4,1358522,data/encodings/1358522/1358522_S06E04_28992_1.npy
1426,1080,1920,0,788,930,398,540,20164,0.01,29016,/home/amos/media/tv/White.Collar.S01-S06.1080p.BluRay.x265-RARBG/White.Collar.S06.1080p.WEBRip.x265-RARBG/White.Collar.S06E04.1080p.WEBRip.x265-RARBG.mp4,6,4,1358522,data/encodings/1358522/1358522_S06E04_29016_0.npy
1427,1080,1920,0,802,944,398,540,20164,0.01,29040,/home/amos/media/tv/White.Collar.S01-S06.1080p.BluRay.x265-RARBG/White.Collar.S06.1080p.WEBRip.x265-RARBG/White.Collar.S06E04.1080p.WEBRip.x265-RARBG.mp4,6,4,1358522,data/encodings/1358522/1358522_S06E04_29040_0.npy
1428,1080,1920,0,785,955,370,540,28900,0.014,29064,/home/amos/media/tv/White.Collar.S01-S06.1080p.BluRay.x265-RARBG/White.Collar.S06.1080p.WEBRip.x265-RARBG/White.Collar.S06E04.1080p.WEBRip.x265-RARBG.mp4,6,4,1358522,data/encodings/1358522/1358522_S06E04_29064_0.npy
1429,1080,1920,0,785,955,370,540,28900,0.014,29088,/home/amos/media/tv/White.Collar.S01-S06.1080p.BluRay.x265-RARBG/White.Collar.S06.1080p.WEBRip.x265-RARBG/White.Collar.S06E04.1080p.WEBRip.x265-RARBG.mp4,6,4,1358522,data/encodings/1358522/1358522_S06E04_29088_0.npy
1430,1080,1920,0,788,930,369,511,20164,0.01,29112,/home/amos/media/tv/White.Collar.S01-S06.1080p.BluRay.x265-RARBG/White.Collar.S06.1080p.WEBRip.x265-RARBG/White.Collar.S06E04.1080p.WEBRip.x265-RARBG.mp4,6,4,1358522,data/encodings/1358522/1358522_S06E04_29112_0.npy
1431,1080,1920,0,759,901,369,511,20164,0.01,29136,/home/amos/media/tv/White.Collar.S01-S06.1080p.BluRay.x265-RARBG/White.Collar.S06.1080p.WEBRip.x265-RARBG/White.Collar.S06E04.1080p.WEBRip.x265-RARBG.mp4,6,4,1358522,data/encodings/1358522/1358522_S06E04_29136_0.npy
1432,1080,1920,0,733,903,353,523,28900,0.014,29160,/home/amos/media/tv/White.Collar.S01-S06.1080p.BluRay.x265-RARBG/White.Collar.S06.1080p.WEBRip.x265-RARBG/White.Collar.S06E04.1080p.WEBRip.x265-RARBG.mp4,6,4,1358522,data/encodings/1358522/1358522_S06E04_29160_0.npy
1433,1080,1920,0,458,600,240,382,20164,0.01,29184,/home/amos/media/tv/White.Collar.S01-S06.1080p.BluRay.x265-RARBG/White.Collar.S06.1080p.WEBRip.x265-RARBG/White.Collar.S06E04.1080p.WEBRip.x265-RARBG.mp4,6,4,1358522,data/encodings/1358522/1358522_S06E04_29184_0.npy
1434,1080,1920,1,1003,1145,269,411,20164,0.01,29184,/home/amos/media/tv/White.Collar.S01-S06.1080p.BluRay.x265-RARBG/White.Collar.S06.1080p.WEBRip.x265-RARBG/White.Collar.S06E04.1080p.WEBRip.x265-RARBG.mp4,6,4,1358522,data/encodings/1358522/1358522_S06E04_29184_1.npy
1435,1080,1920,0,1017,1159,269,411,20164,0.01,29208,/home/amos/media/tv/White.Collar.S01-S06.1080p.BluRay.x265-RARBG/White.Collar.S06.1080p.WEBRip.x265-RARBG/White.Collar.S06E04.1080p.WEBRip.x265-RARBG.mp4,6,4,1358522,data/encodings/1358522/1358522_S06E04_29208_0.npy
1436,1080,1920,1,441,611,233,403,28900,0.014,29208,/home/amos/media/tv/White.Collar.S01-S06.1080p.BluRay.x265-RARBG/White.Collar.S06.1080p.WEBRip.x265-RARBG/White.Collar.S06E04.1080p.WEBRip.x265-RARBG.mp4,6,4,1358522,data/encodings/1358522/1358522_S06E04_29208_1.npy
1437,1080,1920,0,946,1087,269,411,20022,0.01,29232,/home/amos/media/tv/White.Collar.S01-S06.1080p.BluRay.x265-RARBG/White.Collar.S06.1080p.WEBRip.x265-RARBG/White.Collar.S06E04.1080p.WEBRip.x265-RARBG.mp4,6,4,1358522,data/encodings/1358522/1358522_S06E04_29232_0.npy
1438,1080,1920,1,444,586,240,382,20164,0.01,29232,/home/amos/media/tv/White.Collar.S01-S06.1080p.BluRay.x265-RARBG/White.Collar.S06.1080p.WEBRip.x265-RARBG/White.Collar.S06E04.1080p.WEBRip.x265-RARBG.mp4,6,4,1358522,data/encodings/1358522/1358522_S06E04_29232_1.npy
1439,1080,1920,0,917,1059,255,396,20022,0.01,29256,/home/amos/media/tv/White.Collar.S01-S06.1080p.BluRay.x265-RARBG/White.Collar.S06.1080p.WEBRip.x265-RARBG/White.Collar.S06E04.1080p.WEBRip.x265-RARBG.mp4,6,4,1358522,data/encodings/1358522/1358522_S06E04_29256_0.npy
1440,1080,1920,1,430,571,226,368,20022,0.01,29256,/home/amos/media/tv/White.Collar.S01-S06.1080p.BluRay.x265-RARBG/White.Collar.S06.1080p.WEBRip.x265-RARBG/White.Collar.S06E04.1080p.WEBRip.x265-RARBG.mp4,6,4,1358522,data/encodings/1358522/1358522_S06E04_29256_1.npy
1441,1080,1920,0,124,328,78,282,41616,0.02,29424,/home/amos/media/tv/White.Collar.S01-S06.1080p.BluRay.x265-RARBG/White.Collar.S06.1080p.WEBRip.x265-RARBG/White.Collar.S06E04.1080p.WEBRip.x265-RARBG.mp4,6,4,1358522,data/encodings/1358522/1358522_S06E04_29424_0.npy
1442,1080,1920,1,950,1154,99,303,41616,0.02,29424,/home/amos/media/tv/White.Collar.S01-S06.1080p.BluRay.x265-RARBG/White.Collar.S06.1080p.WEBRip.x265-RARBG/White.Collar.S06E04.1080p.WEBRip.x265-RARBG.mp4,6,4,1358522,data/encodings/1358522/1358522_S06E04_29424_1.npy
1443,1080,1920,0,1094,1264,267,437,28900,0.014,29448,/home/amos/media/tv/White.Collar.S01-S06.1080p.BluRay.x265-RARBG/White.Collar.S06.1080p.WEBRip.x265-RARBG/White.Collar.S06E04.1080p.WEBRip.x265-RARBG.mp4,6,4,1358522,data/encodings/1358522/1358522_S06E04_29448_0.npy
1444,1080,1920,1,290,493,223,427,41412,0.02,29448,/home/amos/media/tv/White.Collar.S01-S06.1080p.BluRay.x265-RARBG/White.Collar.S06.1080p.WEBRip.x265-RARBG/White.Collar.S06E04.1080p.WEBRip.x265-RARBG.mp4,6,4,1358522,data/encodings/1358522/1358522_S06E04_29448_1.npy
1445,1080,1920,2,630,800,250,420,28900,0.014,29448,/home/amos/media/tv/White.Collar.S01-S06.1080p.BluRay.x265-RARBG/White.Collar.S06.1080p.WEBRip.x265-RARBG/White.Collar.S06E04.1080p.WEBRip.x265-RARBG.mp4,6,4,1358522,data/encodings/1358522/1358522_S06E04_29448_2.npy
1446,1080,1920,0,1077,1247,284,454,28900,0.014,29472,/home/amos/media/tv/White.Collar.S01-S06.1080p.BluRay.x265-RARBG/White.Collar.S06.1080p.WEBRip.x265-RARBG/White.Collar.S06E04.1080p.WEBRip.x265-RARBG.mp4,6,4,1358522,data/encodings/1358522/1358522_S06E04_29472_0.npy
1447,1080,1920,1,310,514,264,468,41616,0.02,29472,/home/amos/media/tv/White.Collar.S01-S06.1080p.BluRay.x265-RARBG/White.Collar.S06.1080p.WEBRip.x265-RARBG/White.Collar.S06E04.1080p.WEBRip.x265-RARBG.mp4,6,4,1358522,data/encodings/1358522/1358522_S06E04_29472_1.npy
1448,1080,1920,2,664,834,267,437,28900,0.014,29472,/home/amos/media/tv/White.Collar.S01-S06.1080p.BluRay.x265-RARBG/White.Collar.S06.1080p.WEBRip.x265-RARBG/White.Collar.S06E04.1080p.WEBRip.x265-RARBG.mp4,6,4,1358522,data/encodings/1358522/1358522_S06E04_29472_2.npy
1449,1080,1920,0,331,535,264,468,41616,0.02,29496,/home/amos/media/tv/White.Collar.S01-S06.1080p.BluRay.x265-RARBG/White.Collar.S06.1080p.WEBRip.x265-RARBG/White.Collar.S06E04.1080p.WEBRip.x265-RARBG.mp4,6,4,1358522,data/encodings/1358522/1358522_S06E04_29496_0.npy
1450,1080,1920,1,1033,1236,244,447,41209,0.02,29496,/home/amos/media/tv/White.Collar.S01-S06.1080p.BluRay.x265-RARBG/White.Collar.S06.1080p.WEBRip.x265-RARBG/White.Collar.S06E04.1080p.WEBRip.x265-RARBG.mp4,6,4,1358522,data/encodings/1358522/1358522_S06E04_29496_1.npy
1451,1080,1920,0,310,514,264,468,41616,0.02,29520,/home/amos/media/tv/White.Collar.S01-S06.1080p.BluRay.x265-RARBG/White.Collar.S06.1080p.WEBRip.x265-RARBG/White.Collar.S06E04.1080p.WEBRip.x265-RARBG.mp4,6,4,1358522,data/encodings/1358522/1358522_S06E04_29520_0.npy
1452,1080,1920,1,1074,1278,244,447,41412,0.02,29520,/home/amos/media/tv/White.Collar.S01-S06.1080p.BluRay.x265-RARBG/White.Collar.S06.1080p.WEBRip.x265-RARBG/White.Collar.S06E04.1080p.WEBRip.x265-RARBG.mp4,6,4,1358522,data/encodings/1358522/1358522_S06E04_29520_1.npy
1453,1080,1920,0,393,597,264,468,41616,0.02,29544,/home/amos/media/tv/White.Collar.S01-S06.1080p.BluRay.x265-RARBG/White.Collar.S06.1080p.WEBRip.x265-RARBG/White.Collar.S06E04.1080p.WEBRip.x265-RARBG.mp4,6,4,1358522,data/encodings/1358522/1358522_S06E04_29544_0.npy
1454,1080,1920,1,1156,1360,264,468,41616,0.02,29544,/home/amos/media/tv/White.Collar.S01-S06.1080p.BluRay.x265-RARBG/White.Collar.S06.1080p.WEBRip.x265-RARBG/White.Collar.S06E04.1080p.WEBRip.x265-RARBG.mp4,6,4,1358522,data/encodings/1358522/1358522_S06E04_29544_1.npy
1455,1080,1920,2,802,944,341,482,20022,0.01,29544,/home/amos/media/tv/White.Collar.S01-S06.1080p.BluRay.x265-RARBG/White.Collar.S06.1080p.WEBRip.x265-RARBG/White.Collar.S06E04.1080p.WEBRip.x265-RARBG.mp4,6,4,1358522,data/encodings/1358522/1358522_S06E04_29544_2.npy
1456,1080,1920,0,1177,1381,264,468,41616,0.02,29568,/home/amos/media/tv/White.Collar.S01-S06.1080p.BluRay.x265-RARBG/White.Collar.S06.1080p.WEBRip.x265-RARBG/White.Collar.S06E04.1080p.WEBRip.x265-RARBG.mp4,6,4,1358522,data/encodings/1358522/1358522_S06E04_29568_0.npy
1457,1080,1920,0,716,773,321,378,3249,0.002,29592,/home/amos/media/tv/White.Collar.S01-S06.1080p.BluRay.x265-RARBG/White.Collar.S06.1080p.WEBRip.x265-RARBG/White.Collar.S06E04.1080p.WEBRip.x265-RARBG.mp4,6,4,1358522,data/encodings/1358522/1358522_S06E04_29592_0.npy
1458,1080,1920,1,949,988,245,285,1560,0.001,29592,/home/amos/media/tv/White.Collar.S01-S06.1080p.BluRay.x265-RARBG/White.Collar.S06.1080p.WEBRip.x265-RARBG/White.Collar.S06E04.1080p.WEBRip.x265-RARBG.mp4,6,4,1358522,data/encodings/1358522/1358522_S06E04_29592_1.npy
1459,1080,1920,0,779,826,326,373,2209,0.001,29616,/home/amos/media/tv/White.Collar.S01-S06.1080p.BluRay.x265-RARBG/White.Collar.S06.1080p.WEBRip.x265-RARBG/White.Collar.S06E04.1080p.WEBRip.x265-RARBG.mp4,6,4,1358522,data/encodings/1358522/1358522_S06E04_29616_0.npy
1460,1080,1920,1,1025,1064,265,305,1560,0.001,29616,/home/amos/media/tv/White.Collar.S01-S06.1080p.BluRay.x265-RARBG/White.Collar.S06.1080p.WEBRip.x265-RARBG/White.Collar.S06E04.1080p.WEBRip.x265-RARBG.mp4,6,4,1358522,data/encodings/1358522/1358522_S06E04_29616_1.npy
1461,1080,1920,2,207,255,350,397,2256,0.001,29616,/home/amos/media/tv/White.Collar.S01-S06.1080p.BluRay.x265-RARBG/White.Collar.S06.1080p.WEBRip.x265-RARBG/White.Collar.S06E04.1080p.WEBRip.x265-RARBG.mp4,6,4,1358522,data/encodings/1358522/1358522_S06E04_29616_2.npy
1462,1080,1920,0,1266,1436,302,471,28730,0.014,29640,/home/amos/media/tv/White.Collar.S01-S06.1080p.BluRay.x265-RARBG/White.Collar.S06.1080p.WEBRip.x265-RARBG/White.Collar.S06E04.1080p.WEBRip.x265-RARBG.mp4,6,4,1358522,data/encodings/1358522/1358522_S06E04_29640_0.npy
1463,1080,1920,1,510,680,302,471,28730,0.014,29640,/home/amos/media/tv/White.Collar.S01-S06.1080p.BluRay.x265-RARBG/White.Collar.S06.1080p.WEBRip.x265-RARBG/White.Collar.S06E04.1080p.WEBRip.x265-RARBG.mp4,6,4,1358522,data/encodings/1358522/1358522_S06E04_29640_1.npy
1464,1080,1920,0,492,662,302,471,28730,0.014,29664,/home/amos/media/tv/White.Collar.S01-S06.1080p.BluRay.x265-RARBG/White.Collar.S06.1080p.WEBRip.x265-RARBG/White.Collar.S06E04.1080p.WEBRip.x265-RARBG.mp4,6,4,1358522,data/encodings/1358522/1358522_S06E04_29664_0.npy
1465,1080,1920,1,1215,1385,302,471,28730,0.014,29664,/home/amos/media/tv/White.Collar.S01-S06.1080p.BluRay.x265-RARBG/White.Collar.S06.1080p.WEBRip.x265-RARBG/White.Collar.S06E04.1080p.WEBRip.x265-RARBG.mp4,6,4,1358522,data/encodings/1358522/1358522_S06E04_29664_1.npy
1466,1080,1920,0,510,680,319,489,28900,0.014,29688,/home/amos/media/tv/White.Collar.S01-S06.1080p.BluRay.x265-RARBG/White.Collar.S06.1080p.WEBRip.x265-RARBG/White.Collar.S06E04.1080p.WEBRip.x265-RARBG.mp4,6,4,1358522,data/encodings/1358522/1358522_S06E04_29688_0.npy
1467,1080,1920,1,1321,1525,285,489,41616,0.02,29688,/home/amos/media/tv/White.Collar.S01-S06.1080p.BluRay.x265-RARBG/White.Collar.S06.1080p.WEBRip.x265-RARBG/White.Collar.S06E04.1080p.WEBRip.x265-RARBG.mp4,6,4,1358522,data/encodings/1358522/1358522_S06E04_29688_1.npy
1468,1080,1920,2,768,938,319,489,28900,0.014,29688,/home/amos/media/tv/White.Collar.S01-S06.1080p.BluRay.x265-RARBG/White.Collar.S06.1080p.WEBRip.x265-RARBG/White.Collar.S06E04.1080p.WEBRip.x265-RARBG.mp4,6,4,1358522,data/encodings/1358522/1358522_S06E04_29688_2.npy
1469,1080,1920,0,561,731,336,506,28900,0.014,29712,/home/amos/media/tv/White.Collar.S01-S06.1080p.BluRay.x265-RARBG/White.Collar.S06.1080p.WEBRip.x265-RARBG/White.Collar.S06E04.1080p.WEBRip.x265-RARBG.mp4,6,4,1358522,data/encodings/1358522/1358522_S06E04_29712_0.npy
1470,1080,1920,1,1370,1539,353,523,28730,0.014,29712,/home/amos/media/tv/White.Collar.S01-S06.1080p.BluRay.x265-RARBG/White.Collar.S06.1080p.WEBRip.x265-RARBG/White.Collar.S06E04.1080p.WEBRip.x265-RARBG.mp4,6,4,1358522,data/encodings/1358522/1358522_S06E04_29712_1.npy
1471,1080,1920,0,1014,1061,398,445,2209,0.001,29736,/home/amos/media/tv/White.Collar.S01-S06.1080p.BluRay.x265-RARBG/White.Collar.S06.1080p.WEBRip.x265-RARBG/White.Collar.S06E04.1080p.WEBRip.x265-RARBG.mp4,6,4,1358522,data/encodings/1358522/1358522_S06E04_29736_0.npy
1472,1080,1920,1,1359,1407,417,465,2304,0.001,29736,/home/amos/media/tv/White.Collar.S01-S06.1080p.BluRay.x265-RARBG/White.Collar.S06.1080p.WEBRip.x265-RARBG/White.Collar.S06E04.1080p.WEBRip.x265-RARBG.mp4,6,4,1358522,data/encodings/1358522/1358522_S06E04_29736_1.npy
1473,1080,1920,2,0,53,430,487,3021,0.001,29736,/home/amos/media/tv/White.Collar.S01-S06.1080p.BluRay.x265-RARBG/White.Collar.S06.1080p.WEBRip.x265-RARBG/White.Collar.S06E04.1080p.WEBRip.x265-RARBG.mp4,6,4,1358522,data/encodings/1358522/1358522_S06E04_29736_2.npy
1474,1080,1920,0,1143,1191,388,436,2304,0.001,29760,/home/amos/media/tv/White.Collar.S01-S06.1080p.BluRay.x265-RARBG/White.Collar.S06.1080p.WEBRip.x265-RARBG/White.Collar.S06E04.1080p.WEBRip.x265-RARBG.mp4,6,4,1358522,data/encodings/1358522/1358522_S06E04_29760_0.npy
1475,1080,1920,1,128,185,430,487,3249,0.002,29760,/home/amos/media/tv/White.Collar.S01-S06.1080p.BluRay.x265-RARBG/White.Collar.S06.1080p.WEBRip.x265-RARBG/White.Collar.S06E04.1080p.WEBRip.x265-RARBG.mp4,6,4,1358522,data/encodings/1358522/1358522_S06E04_29760_1.npy
1476,1080,1920,2,1484,1532,412,460,2304,0.001,29760,/home/amos/media/tv/White.Collar.S01-S06.1080p.BluRay.x265-RARBG/White.Collar.S06.1080p.WEBRip.x265-RARBG/White.Collar.S06E04.1080p.WEBRip.x265-RARBG.mp4,6,4,1358522,data/encodings/1358522/1358522_S06E04_29760_2.npy
1477,1080,1920,3,1604,1652,393,441,2304,0.001,29760,/home/amos/media/tv/White.Collar.S01-S06.1080p.BluRay.x265-RARBG/White.Collar.S06.1080p.WEBRip.x265-RARBG/White.Collar.S06E04.1080p.WEBRip.x265-RARBG.mp4,6,4,1358522,data/encodings/1358522/1358522_S06E04_29760_3.npy
1478,1080,1920,0,186,243,430,487,3249,0.002,29784,/home/amos/media/tv/White.Collar.S01-S06.1080p.BluRay.x265-RARBG/White.Collar.S06.1080p.WEBRip.x265-RARBG/White.Collar.S06E04.1080p.WEBRip.x265-RARBG.mp4,6,4,1358522,data/encodings/1358522/1358522_S06E04_29784_0.npy
1479,1080,1920,1,1542,1589,412,460,2256,0.001,29784,/home/amos/media/tv/White.Collar.S01-S06.1080p.BluRay.x265-RARBG/White.Collar.S06.1080p.WEBRip.x265-RARBG/White.Collar.S06E04.1080p.WEBRip.x265-RARBG.mp4,6,4,1358522,data/encodings/1358522/1358522_S06E04_29784_1.npy
1480,1080,1920,2,716,764,398,445,2256,0.001,29784,/home/amos/media/tv/White.Collar.S01-S06.1080p.BluRay.x265-RARBG/White.Collar.S06.1080p.WEBRip.x265-RARBG/White.Collar.S06E04.1080p.WEBRip.x265-RARBG.mp4,6,4,1358522,data/encodings/1358522/1358522_S06E04_29784_2.npy
1481,1080,1920,0,1273,1312,397,437,1560,0.001,29808,/home/amos/media/tv/White.Collar.S01-S06.1080p.BluRay.x265-RARBG/White.Collar.S06.1080p.WEBRip.x265-RARBG/White.Collar.S06E04.1080p.WEBRip.x265-RARBG.mp4,6,4,1358522,data/encodings/1358522/1358522_S06E04_29808_0.npy
1482,1080,1920,1,1609,1656,412,460,2256,0.001,29808,/home/amos/media/tv/White.Collar.S01-S06.1080p.BluRay.x265-RARBG/White.Collar.S06.1080p.WEBRip.x265-RARBG/White.Collar.S06E04.1080p.WEBRip.x265-RARBG.mp4,6,4,1358522,data/encodings/1358522/1358522_S06E04_29808_1.npy
1483,1080,1920,2,255,312,430,487,3249,0.002,29808,/home/amos/media/tv/White.Collar.S01-S06.1080p.BluRay.x265-RARBG/White.Collar.S06.1080p.WEBRip.x265-RARBG/White.Collar.S06E04.1080p.WEBRip.x265-RARBG.mp4,6,4,1358522,data/encodings/1358522/1358522_S06E04_29808_2.npy
1484,1080,1920,3,750,797,393,441,2256,0.001,29808,/home/amos/media/tv/White.Collar.S01-S06.1080p.BluRay.x265-RARBG/White.Collar.S06.1080p.WEBRip.x265-RARBG/White.Collar.S06E04.1080p.WEBRip.x265-RARBG.mp4,6,4,1358522,data/encodings/1358522/1358522_S06E04_29808_3.npy
1485,1080,1920,0,1363,1567,367,571,41616,0.02,29952,/home/amos/media/tv/White.Collar.S01-S06.1080p.BluRay.x265-RARBG/White.Collar.S06.1080p.WEBRip.x265-RARBG/White.Collar.S06E04.1080p.WEBRip.x265-RARBG.mp4,6,4,1358522,data/encodings/1358522/1358522_S06E04_29952_0.npy
1486,1080,1920,1,630,800,370,540,28900,0.014,29952,/home/amos/media/tv/White.Collar.S01-S06.1080p.BluRay.x265-RARBG/White.Collar.S06.1080p.WEBRip.x265-RARBG/White.Collar.S06E04.1080p.WEBRip.x265-RARBG.mp4,6,4,1358522,data/encodings/1358522/1358522_S06E04_29952_1.npy
1487,1080,1920,2,946,1087,384,525,19881,0.01,29952,/home/amos/media/tv/White.Collar.S01-S06.1080p.BluRay.x265-RARBG/White.Collar.S06.1080p.WEBRip.x265-RARBG/White.Collar.S06E04.1080p.WEBRip.x265-RARBG.mp4,6,4,1358522,data/encodings/1358522/1358522_S06E04_29952_2.npy
1488,1080,1920,0,537,741,326,530,41616,0.02,29976,/home/amos/media/tv/White.Collar.S01-S06.1080p.BluRay.x265-RARBG/White.Collar.S06.1080p.WEBRip.x265-RARBG/White.Collar.S06E04.1080p.WEBRip.x265-RARBG.mp4,6,4,1358522,data/encodings/1358522/1358522_S06E04_29976_0.npy
1489,1080,1920,1,1387,1557,353,523,28900,0.014,29976,/home/amos/media/tv/White.Collar.S01-S06.1080p.BluRay.x265-RARBG/White.Collar.S06.1080p.WEBRip.x265-RARBG/White.Collar.S06E04.1080p.WEBRip.x265-RARBG.mp4,6,4,1358522,data/encodings/1358522/1358522_S06E04_29976_1.npy
1490,1080,1920,2,960,1102,384,525,20022,0.01,29976,/home/amos/media/tv/White.Collar.S01-S06.1080p.BluRay.x265-RARBG/White.Collar.S06.1080p.WEBRip.x265-RARBG/White.Collar.S06E04.1080p.WEBRip.x265-RARBG.mp4,6,4,1358522,data/encodings/1358522/1358522_S06E04_29976_2.npy
1491,1080,1920,0,537,741,326,530,41616,0.02,30000,/home/amos/media/tv/White.Collar.S01-S06.1080p.BluRay.x265-RARBG/White.Collar.S06.1080p.WEBRip.x265-RARBG/White.Collar.S06E04.1080p.WEBRip.x265-RARBG.mp4,6,4,1358522,data/encodings/1358522/1358522_S06E04_30000_0.npy
1492,1080,1920,1,1342,1546,367,571,41616,0.02,30000,/home/amos/media/tv/White.Collar.S01-S06.1080p.BluRay.x265-RARBG/White.Collar.S06.1080p.WEBRip.x265-RARBG/White.Collar.S06E04.1080p.WEBRip.x265-RARBG.mp4,6,4,1358522,data/encodings/1358522/1358522_S06E04_30000_1.npy
1493,1080,1920,0,596,766,353,523,28900,0.014,30024,/home/amos/media/tv/White.Collar.S01-S06.1080p.BluRay.x265-RARBG/White.Collar.S06.1080p.WEBRip.x265-RARBG/White.Collar.S06E04.1080p.WEBRip.x265-RARBG.mp4,6,4,1358522,data/encodings/1358522/1358522_S06E04_30024_0.npy
1494,1080,1920,1,1318,1488,370,540,28900,0.014,30024,/home/amos/media/tv/White.Collar.S01-S06.1080p.BluRay.x265-RARBG/White.Collar.S06.1080p.WEBRip.x265-RARBG/White.Collar.S06E04.1080p.WEBRip.x265-RARBG.mp4,6,4,1358522,data/encodings/1358522/1358522_S06E04_30024_1.npy
1495,1080,1920,0,578,748,353,523,28900,0.014,30048,/home/amos/media/tv/White.Collar.S01-S06.1080p.BluRay.x265-RARBG/White.Collar.S06.1080p.WEBRip.x265-RARBG/White.Collar.S06E04.1080p.WEBRip.x265-RARBG.mp4,6,4,1358522,data/encodings/1358522/1358522_S06E04_30048_0.npy
1496,1080,1920,1,1387,1557,370,540,28900,0.014,30048,/home/amos/media/tv/White.Collar.S01-S06.1080p.BluRay.x265-RARBG/White.Collar.S06.1080p.WEBRip.x265-RARBG/White.Collar.S06E04.1080p.WEBRip.x265-RARBG.mp4,6,4,1358522,data/encodings/1358522/1358522_S06E04_30048_1.npy
1497,1080,1920,2,960,1102,369,511,20164,0.01,30048,/home/amos/media/tv/White.Collar.S01-S06.1080p.BluRay.x265-RARBG/White.Collar.S06.1080p.WEBRip.x265-RARBG/White.Collar.S06E04.1080p.WEBRip.x265-RARBG.mp4,6,4,1358522,data/encodings/1358522/1358522_S06E04_30048_2.npy
1498,1080,1920,0,578,748,353,523,28900,0.014,30072,/home/amos/media/tv/White.Collar.S01-S06.1080p.BluRay.x265-RARBG/White.Collar.S06.1080p.WEBRip.x265-RARBG/White.Collar.S06E04.1080p.WEBRip.x265-RARBG.mp4,6,4,1358522,data/encodings/1358522/1358522_S06E04_30072_0.npy
1499,1080,1920,1,1387,1557,353,523,28900,0.014,30072,/home/amos/media/tv/White.Collar.S01-S06.1080p.BluRay.x265-RARBG/White.Collar.S06.1080p.WEBRip.x265-RARBG/White.Collar.S06E04.1080p.WEBRip.x265-RARBG.mp4,6,4,1358522,data/encodings/1358522/1358522_S06E04_30072_1.npy
1500,1080,1920,2,957,1127,370,540,28900,0.014,30072,/home/amos/media/tv/White.Collar.S01-S06.1080p.BluRay.x265-RARBG/White.Collar.S06.1080p.WEBRip.x265-RARBG/White.Collar.S06E04.1080p.WEBRip.x265-RARBG.mp4,6,4,1358522,data/encodings/1358522/1358522_S06E04_30072_2.npy
1501,1080,1920,0,578,748,353,523,28900,0.014,30096,/home/amos/media/tv/White.Collar.S01-S06.1080p.BluRay.x265-RARBG/White.Collar.S06.1080p.WEBRip.x265-RARBG/White.Collar.S06E04.1080p.WEBRip.x265-RARBG.mp4,6,4,1358522,data/encodings/1358522/1358522_S06E04_30096_0.npy
1502,1080,1920,1,1363,1567,306,509,41412,0.02,30096,/home/amos/media/tv/White.Collar.S01-S06.1080p.BluRay.x265-RARBG/White.Collar.S06.1080p.WEBRip.x265-RARBG/White.Collar.S06E04.1080p.WEBRip.x265-RARBG.mp4,6,4,1358522,data/encodings/1358522/1358522_S06E04_30096_1.npy
1503,1080,1920,2,974,1116,384,525,20022,0.01,30096,/home/amos/media/tv/White.Collar.S01-S06.1080p.BluRay.x265-RARBG/White.Collar.S06.1080p.WEBRip.x265-RARBG/White.Collar.S06E04.1080p.WEBRip.x265-RARBG.mp4,6,4,1358522,data/encodings/1358522/1358522_S06E04_30096_2.npy
1504,1080,1920,0,647,817,336,506,28900,0.014,30120,/home/amos/media/tv/White.Collar.S01-S06.1080p.BluRay.x265-RARBG/White.Collar.S06.1080p.WEBRip.x265-RARBG/White.Collar.S06E04.1080p.WEBRip.x265-RARBG.mp4,6,4,1358522,data/encodings/1358522/1358522_S06E04_30120_0.npy
1505,1080,1920,1,1335,1505,319,489,28900,0.014,30120,/home/amos/media/tv/White.Collar.S01-S06.1080p.BluRay.x265-RARBG/White.Collar.S06.1080p.WEBRip.x265-RARBG/White.Collar.S06E04.1080p.WEBRip.x265-RARBG.mp4,6,4,1358522,data/encodings/1358522/1358522_S06E04_30120_1.npy
1506,1080,1920,2,974,1116,384,525,20022,0.01,30120,/home/amos/media/tv/White.Collar.S01-S06.1080p.BluRay.x265-RARBG/White.Collar.S06.1080p.WEBRip.x265-RARBG/White.Collar.S06E04.1080p.WEBRip.x265-RARBG.mp4,6,4,1358522,data/encodings/1358522/1358522_S06E04_30120_2.npy
1507,1080,1920,0,960,1102,384,525,20022,0.01,30144,/home/amos/media/tv/White.Collar.S01-S06.1080p.BluRay.x265-RARBG/White.Collar.S06.1080p.WEBRip.x265-RARBG/White.Collar.S06E04.1080p.WEBRip.x265-RARBG.mp4,6,4,1358522,data/encodings/1358522/1358522_S06E04_30144_0.npy
1508,1080,1920,1,647,817,336,506,28900,0.014,30144,/home/amos/media/tv/White.Collar.S01-S06.1080p.BluRay.x265-RARBG/White.Collar.S06.1080p.WEBRip.x265-RARBG/White.Collar.S06E04.1080p.WEBRip.x265-RARBG.mp4,6,4,1358522,data/encodings/1358522/1358522_S06E04_30144_1.npy
1509,1080,1920,2,1260,1463,306,509,41209,0.02,30144,/home/amos/media/tv/White.Collar.S01-S06.1080p.BluRay.x265-RARBG/White.Collar.S06.1080p.WEBRip.x265-RARBG/White.Collar.S06E04.1080p.WEBRip.x265-RARBG.mp4,6,4,1358522,data/encodings/1358522/1358522_S06E04_30144_2.npy
1510,1080,1920,0,977,1095,184,302,13924,0.007,30168,/home/amos/media/tv/White.Collar.S01-S06.1080p.BluRay.x265-RARBG/White.Collar.S06.1080p.WEBRip.x265-RARBG/White.Collar.S06E04.1080p.WEBRip.x265-RARBG.mp4,6,4,1358522,data/encodings/1358522/1358522_S06E04_30168_0.npy
1511,1080,1920,1,583,701,160,278,13924,0.007,30168,/home/amos/media/tv/White.Collar.S01-S06.1080p.BluRay.x265-RARBG/White.Collar.S06.1080p.WEBRip.x265-RARBG/White.Collar.S06E04.1080p.WEBRip.x265-RARBG.mp4,6,4,1358522,data/encodings/1358522/1358522_S06E04_30168_1.npy
1512,1080,1920,0,965,1083,172,290,13924,0.007,30192,/home/amos/media/tv/White.Collar.S01-S06.1080p.BluRay.x265-RARBG/White.Collar.S06.1080p.WEBRip.x265-RARBG/White.Collar.S06E04.1080p.WEBRip.x265-RARBG.mp4,6,4,1358522,data/encodings/1358522/1358522_S06E04_30192_0.npy
1513,1080,1920,1,703,821,196,314,13924,0.007,30192,/home/amos/media/tv/White.Collar.S01-S06.1080p.BluRay.x265-RARBG/White.Collar.S06.1080p.WEBRip.x265-RARBG/White.Collar.S06E04.1080p.WEBRip.x265-RARBG.mp4,6,4,1358522,data/encodings/1358522/1358522_S06E04_30192_1.npy
1514,1080,1920,2,1701,1800,227,326,9801,0.005,30192,/home/amos/media/tv/White.Collar.S01-S06.1080p.BluRay.x265-RARBG/White.Collar.S06.1080p.WEBRip.x265-RARBG/White.Collar.S06E04.1080p.WEBRip.x265-RARBG.mp4,6,4,1358522,data/encodings/1358522/1358522_S06E04_30192_2.npy
1515,1080,1920,0,965,1063,188,286,9604,0.005,30216,/home/amos/media/tv/White.Collar.S01-S06.1080p.BluRay.x265-RARBG/White.Collar.S06.1080p.WEBRip.x265-RARBG/White.Collar.S06E04.1080p.WEBRip.x265-RARBG.mp4,6,4,1358522,data/encodings/1358522/1358522_S06E04_30216_0.npy
1516,1080,1920,1,655,773,172,290,13924,0.007,30216,/home/amos/media/tv/White.Collar.S01-S06.1080p.BluRay.x265-RARBG/White.Collar.S06.1080p.WEBRip.x265-RARBG/White.Collar.S06E04.1080p.WEBRip.x265-RARBG.mp4,6,4,1358522,data/encodings/1358522/1358522_S06E04_30216_1.npy
1517,1080,1920,0,942,1060,184,302,13924,0.007,30264,/home/amos/media/tv/White.Collar.S01-S06.1080p.BluRay.x265-RARBG/White.Collar.S06.1080p.WEBRip.x265-RARBG/White.Collar.S06E04.1080p.WEBRip.x265-RARBG.mp4,6,4,1358522,data/encodings/1358522/1358522_S06E04_30264_0.npy
1518,1080,1920,1,915,1013,8,107,9702,0.005,30264,/home/amos/media/tv/White.Collar.S01-S06.1080p.BluRay.x265-RARBG/White.Collar.S06.1080p.WEBRip.x265-RARBG/White.Collar.S06E04.1080p.WEBRip.x265-RARBG.mp4,6,4,1358522,data/encodings/1358522/1358522_S06E04_30264_1.npy
1519,1080,1920,0,925,1023,168,266,9604,0.005,30312,/home/amos/media/tv/White.Collar.S01-S06.1080p.BluRay.x265-RARBG/White.Collar.S06.1080p.WEBRip.x265-RARBG/White.Collar.S06E04.1080p.WEBRip.x265-RARBG.mp4,6,4,1358522,data/encodings/1358522/1358522_S06E04_30312_0.npy
1520,1080,1920,0,870,988,160,278,13924,0.007,30336,/home/amos/media/tv/White.Collar.S01-S06.1080p.BluRay.x265-RARBG/White.Collar.S06.1080p.WEBRip.x265-RARBG/White.Collar.S06E04.1080p.WEBRip.x265-RARBG.mp4,6,4,1358522,data/encodings/1358522/1358522_S06E04_30336_0.npy
1521,1080,1920,1,1831,1920,217,316,8811,0.004,30336,/home/amos/media/tv/White.Collar.S01-S06.1080p.BluRay.x265-RARBG/White.Collar.S06.1080p.WEBRip.x265-RARBG/White.Collar.S06E04.1080p.WEBRip.x265-RARBG.mp4,6,4,1358522,data/encodings/1358522/1358522_S06E04_30336_1.npy
1522,1080,1920,0,727,845,172,290,13924,0.007,30360,/home/amos/media/tv/White.Collar.S01-S06.1080p.BluRay.x265-RARBG/White.Collar.S06.1080p.WEBRip.x265-RARBG/White.Collar.S06E04.1080p.WEBRip.x265-RARBG.mp4,6,4,1358522,data/encodings/1358522/1358522_S06E04_30360_0.npy
1523,1080,1920,1,975,1073,247,346,9702,0.005,30360,/home/amos/media/tv/White.Collar.S01-S06.1080p.BluRay.x265-RARBG/White.Collar.S06.1080p.WEBRip.x265-RARBG/White.Collar.S06E04.1080p.WEBRip.x265-RARBG.mp4,6,4,1358522,data/encodings/1358522/1358522_S06E04_30360_1.npy
1524,1080,1920,0,750,868,160,278,13924,0.007,30384,/home/amos/media/tv/White.Collar.S01-S06.1080p.BluRay.x265-RARBG/White.Collar.S06.1080p.WEBRip.x265-RARBG/White.Collar.S06E04.1080p.WEBRip.x265-RARBG.mp4,6,4,1358522,data/encodings/1358522/1358522_S06E04_30384_0.npy
1525,1080,1920,1,1811,1909,227,326,9702,0.005,30384,/home/amos/media/tv/White.Collar.S01-S06.1080p.BluRay.x265-RARBG/White.Collar.S06.1080p.WEBRip.x265-RARBG/White.Collar.S06E04.1080p.WEBRip.x265-RARBG.mp4,6,4,1358522,data/encodings/1358522/1358522_S06E04_30384_1.npy
1526,1080,1920,0,805,904,168,266,9702,0.005,30408,/home/amos/media/tv/White.Collar.S01-S06.1080p.BluRay.x265-RARBG/White.Collar.S06.1080p.WEBRip.x265-RARBG/White.Collar.S06E04.1080p.WEBRip.x265-RARBG.mp4,6,4,1358522,data/encodings/1358522/1358522_S06E04_30408_0.npy
1527,1080,1920,1,1821,1919,217,316,9702,0.005,30408,/home/amos/media/tv/White.Collar.S01-S06.1080p.BluRay.x265-RARBG/White.Collar.S06.1080p.WEBRip.x265-RARBG/White.Collar.S06E04.1080p.WEBRip.x265-RARBG.mp4,6,4,1358522,data/encodings/1358522/1358522_S06E04_30408_1.npy
1528,1080,1920,0,236,481,429,673,59780,0.029,30480,/home/amos/media/tv/White.Collar.S01-S06.1080p.BluRay.x265-RARBG/White.Collar.S06.1080p.WEBRip.x265-RARBG/White.Collar.S06E04.1080p.WEBRip.x265-RARBG.mp4,6,4,1358522,data/encodings/1358522/1358522_S06E04_30480_0.npy
1529,1080,1920,1,661,865,491,695,41616,0.02,30480,/home/amos/media/tv/White.Collar.S01-S06.1080p.BluRay.x265-RARBG/White.Collar.S06.1080p.WEBRip.x265-RARBG/White.Collar.S06E04.1080p.WEBRip.x265-RARBG.mp4,6,4,1358522,data/encodings/1358522/1358522_S06E04_30480_1.npy
1530,1080,1920,2,1549,1794,429,673,59780,0.029,30480,/home/amos/media/tv/White.Collar.S01-S06.1080p.BluRay.x265-RARBG/White.Collar.S06.1080p.WEBRip.x265-RARBG/White.Collar.S06E04.1080p.WEBRip.x265-RARBG.mp4,6,4,1358522,data/encodings/1358522/1358522_S06E04_30480_2.npy
1531,1080,1920,0,311,555,429,673,59536,0.029,30504,/home/amos/media/tv/White.Collar.S01-S06.1080p.BluRay.x265-RARBG/White.Collar.S06.1080p.WEBRip.x265-RARBG/White.Collar.S06E04.1080p.WEBRip.x265-RARBG.mp4,6,4,1358522,data/encodings/1358522/1358522_S06E04_30504_0.npy
1532,1080,1920,1,1549,1794,429,673,59780,0.029,30504,/home/amos/media/tv/White.Collar.S01-S06.1080p.BluRay.x265-RARBG/White.Collar.S06.1080p.WEBRip.x265-RARBG/White.Collar.S06E04.1080p.WEBRip.x265-RARBG.mp4,6,4,1358522,data/encodings/1358522/1358522_S06E04_30504_1.npy
1533,1080,1920,2,640,844,491,695,41616,0.02,30504,/home/amos/media/tv/White.Collar.S01-S06.1080p.BluRay.x265-RARBG/White.Collar.S06.1080p.WEBRip.x265-RARBG/White.Collar.S06E04.1080p.WEBRip.x265-RARBG.mp4,6,4,1358522,data/encodings/1358522/1358522_S06E04_30504_2.npy
1534,1080,1920,0,236,481,429,673,59780,0.029,30528,/home/amos/media/tv/White.Collar.S01-S06.1080p.BluRay.x265-RARBG/White.Collar.S06.1080p.WEBRip.x265-RARBG/White.Collar.S06E04.1080p.WEBRip.x265-RARBG.mp4,6,4,1358522,data/encodings/1358522/1358522_S06E04_30528_0.npy
1535,1080,1920,1,640,844,491,695,41616,0.02,30528,/home/amos/media/tv/White.Collar.S01-S06.1080p.BluRay.x265-RARBG/White.Collar.S06.1080p.WEBRip.x265-RARBG/White.Collar.S06E04.1080p.WEBRip.x265-RARBG.mp4,6,4,1358522,data/encodings/1358522/1358522_S06E04_30528_1.npy
1536,1080,1920,2,1524,1769,454,698,59780,0.029,30528,/home/amos/media/tv/White.Collar.S01-S06.1080p.BluRay.x265-RARBG/White.Collar.S06.1080p.WEBRip.x265-RARBG/White.Collar.S06E04.1080p.WEBRip.x265-RARBG.mp4,6,4,1358522,data/encodings/1358522/1358522_S06E04_30528_2.npy
1537,1080,1920,0,918,1036,184,302,13924,0.007,30552,/home/amos/media/tv/White.Collar.S01-S06.1080p.BluRay.x265-RARBG/White.Collar.S06.1080p.WEBRip.x265-RARBG/White.Collar.S06E04.1080p.WEBRip.x265-RARBG.mp4,6,4,1358522,data/encodings/1358522/1358522_S06E04_30552_0.npy
1538,1080,1920,0,855,954,198,296,9702,0.005,30576,/home/amos/media/tv/White.Collar.S01-S06.1080p.BluRay.x265-RARBG/White.Collar.S06.1080p.WEBRip.x265-RARBG/White.Collar.S06E04.1080p.WEBRip.x265-RARBG.mp4,6,4,1358522,data/encodings/1358522/1358522_S06E04_30576_0.npy
1539,1080,1920,0,894,1012,196,314,13924,0.007,30600,/home/amos/media/tv/White.Collar.S01-S06.1080p.BluRay.x265-RARBG/White.Collar.S06.1080p.WEBRip.x265-RARBG/White.Collar.S06E04.1080p.WEBRip.x265-RARBG.mp4,6,4,1358522,data/encodings/1358522/1358522_S06E04_30600_0.npy
1540,1080,1920,1,691,809,208,325,13806,0.007,30600,/home/amos/media/tv/White.Collar.S01-S06.1080p.BluRay.x265-RARBG/White.Collar.S06.1080p.WEBRip.x265-RARBG/White.Collar.S06E04.1080p.WEBRip.x265-RARBG.mp4,6,4,1358522,data/encodings/1358522/1358522_S06E04_30600_1.npy
1541,1080,1920,0,905,1003,227,326,9702,0.005,30624,/home/amos/media/tv/White.Collar.S01-S06.1080p.BluRay.x265-RARBG/White.Collar.S06.1080p.WEBRip.x265-RARBG/White.Collar.S06E04.1080p.WEBRip.x265-RARBG.mp4,6,4,1358522,data/encodings/1358522/1358522_S06E04_30624_0.npy
1542,1080,1920,0,905,1003,227,326,9702,0.005,30648,/home/amos/media/tv/White.Collar.S01-S06.1080p.BluRay.x265-RARBG/White.Collar.S06.1080p.WEBRip.x265-RARBG/White.Collar.S06E04.1080p.WEBRip.x265-RARBG.mp4,6,4,1358522,data/encodings/1358522/1358522_S06E04_30648_0.npy
1543,1080,1920,0,895,993,227,326,9702,0.005,30672,/home/amos/media/tv/White.Collar.S01-S06.1080p.BluRay.x265-RARBG/White.Collar.S06.1080p.WEBRip.x265-RARBG/White.Collar.S06E04.1080p.WEBRip.x265-RARBG.mp4,6,4,1358522,data/encodings/1358522/1358522_S06E04_30672_0.npy
1544,1080,1920,1,1671,1770,257,356,9801,0.005,30672,/home/amos/media/tv/White.Collar.S01-S06.1080p.BluRay.x265-RARBG/White.Collar.S06.1080p.WEBRip.x265-RARBG/White.Collar.S06E04.1080p.WEBRip.x265-RARBG.mp4,6,4,1358522,data/encodings/1358522/1358522_S06E04_30672_1.npy
1545,1080,1920,0,905,1003,227,326,9702,0.005,30696,/home/amos/media/tv/White.Collar.S01-S06.1080p.BluRay.x265-RARBG/White.Collar.S06.1080p.WEBRip.x265-RARBG/White.Collar.S06E04.1080p.WEBRip.x265-RARBG.mp4,6,4,1358522,data/encodings/1358522/1358522_S06E04_30696_0.npy
1546,1080,1920,1,703,821,267,385,13924,0.007,30696,/home/amos/media/tv/White.Collar.S01-S06.1080p.BluRay.x265-RARBG/White.Collar.S06.1080p.WEBRip.x265-RARBG/White.Collar.S06E04.1080p.WEBRip.x265-RARBG.mp4,6,4,1358522,data/encodings/1358522/1358522_S06E04_30696_1.npy
1547,1080,1920,0,875,973,227,326,9702,0.005,30720,/home/amos/media/tv/White.Collar.S01-S06.1080p.BluRay.x265-RARBG/White.Collar.S06.1080p.WEBRip.x265-RARBG/White.Collar.S06E04.1080p.WEBRip.x265-RARBG.mp4,6,4,1358522,data/encodings/1358522/1358522_S06E04_30720_0.npy
1548,1080,1920,1,619,737,219,337,13924,0.007,30720,/home/amos/media/tv/White.Collar.S01-S06.1080p.BluRay.x265-RARBG/White.Collar.S06.1080p.WEBRip.x265-RARBG/White.Collar.S06E04.1080p.WEBRip.x265-RARBG.mp4,6,4,1358522,data/encodings/1358522/1358522_S06E04_30720_1.npy
1549,1080,1920,0,915,1013,208,306,9604,0.005,30744,/home/amos/media/tv/White.Collar.S01-S06.1080p.BluRay.x265-RARBG/White.Collar.S06.1080p.WEBRip.x265-RARBG/White.Collar.S06E04.1080p.WEBRip.x265-RARBG.mp4,6,4,1358522,data/encodings/1358522/1358522_S06E04_30744_0.npy
1550,1080,1920,1,535,653,184,302,13924,0.007,30744,/home/amos/media/tv/White.Collar.S01-S06.1080p.BluRay.x265-RARBG/White.Collar.S06.1080p.WEBRip.x265-RARBG/White.Collar.S06E04.1080p.WEBRip.x265-RARBG.mp4,6,4,1358522,data/encodings/1358522/1358522_S06E04_30744_1.npy
1551,1080,1920,0,895,993,217,316,9702,0.005,30768,/home/amos/media/tv/White.Collar.S01-S06.1080p.BluRay.x265-RARBG/White.Collar.S06.1080p.WEBRip.x265-RARBG/White.Collar.S06E04.1080p.WEBRip.x265-RARBG.mp4,6,4,1358522,data/encodings/1358522/1358522_S06E04_30768_0.npy
1552,1080,1920,1,559,677,172,290,13924,0.007,30768,/home/amos/media/tv/White.Collar.S01-S06.1080p.BluRay.x265-RARBG/White.Collar.S06.1080p.WEBRip.x265-RARBG/White.Collar.S06E04.1080p.WEBRip.x265-RARBG.mp4,6,4,1358522,data/encodings/1358522/1358522_S06E04_30768_1.npy
1553,1080,1920,0,261,506,429,673,59780,0.029,30792,/home/amos/media/tv/White.Collar.S01-S06.1080p.BluRay.x265-RARBG/White.Collar.S06.1080p.WEBRip.x265-RARBG/White.Collar.S06E04.1080p.WEBRip.x265-RARBG.mp4,6,4,1358522,data/encodings/1358522/1358522_S06E04_30792_0.npy
1554,1080,1920,1,1549,1794,454,698,59780,0.029,30792,/home/amos/media/tv/White.Collar.S01-S06.1080p.BluRay.x265-RARBG/White.Collar.S06.1080p.WEBRip.x265-RARBG/White.Collar.S06E04.1080p.WEBRip.x265-RARBG.mp4,6,4,1358522,data/encodings/1358522/1358522_S06E04_30792_1.npy
1555,1080,1920,2,661,865,471,674,41412,0.02,30792,/home/amos/media/tv/White.Collar.S01-S06.1080p.BluRay.x265-RARBG/White.Collar.S06.1080p.WEBRip.x265-RARBG/White.Collar.S06E04.1080p.WEBRip.x265-RARBG.mp4,6,4,1358522,data/encodings/1358522/1358522_S06E04_30792_2.npy
1556,1080,1920,0,236,481,429,673,59780,0.029,30816,/home/amos/media/tv/White.Collar.S01-S06.1080p.BluRay.x265-RARBG/White.Collar.S06.1080p.WEBRip.x265-RARBG/White.Collar.S06E04.1080p.WEBRip.x265-RARBG.mp4,6,4,1358522,data/encodings/1358522/1358522_S06E04_30816_0.npy
1557,1080,1920,1,1475,1719,404,649,59780,0.029,30816,/home/amos/media/tv/White.Collar.S01-S06.1080p.BluRay.x265-RARBG/White.Collar.S06.1080p.WEBRip.x265-RARBG/White.Collar.S06E04.1080p.WEBRip.x265-RARBG.mp4,6,4,1358522,data/encodings/1358522/1358522_S06E04_30816_1.npy
1558,1080,1920,2,661,865,491,695,41616,0.02,30816,/home/amos/media/tv/White.Collar.S01-S06.1080p.BluRay.x265-RARBG/White.Collar.S06.1080p.WEBRip.x265-RARBG/White.Collar.S06E04.1080p.WEBRip.x265-RARBG.mp4,6,4,1358522,data/encodings/1358522/1358522_S06E04_30816_2.npy
1559,1080,1920,0,261,506,429,673,59780,0.029,30840,/home/amos/media/tv/White.Collar.S01-S06.1080p.BluRay.x265-RARBG/White.Collar.S06.1080p.WEBRip.x265-RARBG/White.Collar.S06E04.1080p.WEBRip.x265-RARBG.mp4,6,4,1358522,data/encodings/1358522/1358522_S06E04_30840_0.npy
1560,1080,1920,1,661,865,491,695,41616,0.02,30840,/home/amos/media/tv/White.Collar.S01-S06.1080p.BluRay.x265-RARBG/White.Collar.S06.1080p.WEBRip.x265-RARBG/White.Collar.S06E04.1080p.WEBRip.x265-RARBG.mp4,6,4,1358522,data/encodings/1358522/1358522_S06E04_30840_1.npy
1561,1080,1920,0,459,704,206,450,59780,0.029,30864,/home/amos/media/tv/White.Collar.S01-S06.1080p.BluRay.x265-RARBG/White.Collar.S06.1080p.WEBRip.x265-RARBG/White.Collar.S06E04.1080p.WEBRip.x265-RARBG.mp4,6,4,1358522,data/encodings/1358522/1358522_S06E04_30864_0.npy
1562,1080,1920,1,1301,1546,231,475,59780,0.029,30864,/home/amos/media/tv/White.Collar.S01-S06.1080p.BluRay.x265-RARBG/White.Collar.S06.1080p.WEBRip.x265-RARBG/White.Collar.S06E04.1080p.WEBRip.x265-RARBG.mp4,6,4,1358522,data/encodings/1358522/1358522_S06E04_30864_1.npy
1563,1080,1920,0,410,654,206,450,59536,0.029,30888,/home/amos/media/tv/White.Collar.S01-S06.1080p.BluRay.x265-RARBG/White.Collar.S06.1080p.WEBRip.x265-RARBG/White.Collar.S06E04.1080p.WEBRip.x265-RARBG.mp4,6,4,1358522,data/encodings/1358522/1358522_S06E04_30888_0.npy
1564,1080,1920,1,1260,1463,244,447,41209,0.02,30888,/home/amos/media/tv/White.Collar.S01-S06.1080p.BluRay.x265-RARBG/White.Collar.S06.1080p.WEBRip.x265-RARBG/White.Collar.S06E04.1080p.WEBRip.x265-RARBG.mp4,6,4,1358522,data/encodings/1358522/1358522_S06E04_30888_1.npy
1565,1080,1920,0,311,555,231,475,59536,0.029,30912,/home/amos/media/tv/White.Collar.S01-S06.1080p.BluRay.x265-RARBG/White.Collar.S06.1080p.WEBRip.x265-RARBG/White.Collar.S06E04.1080p.WEBRip.x265-RARBG.mp4,6,4,1358522,data/encodings/1358522/1358522_S06E04_30912_0.npy
1566,1080,1920,1,1202,1447,231,475,59780,0.029,30912,/home/amos/media/tv/White.Collar.S01-S06.1080p.BluRay.x265-RARBG/White.Collar.S06.1080p.WEBRip.x265-RARBG/White.Collar.S06E04.1080p.WEBRip.x265-RARBG.mp4,6,4,1358522,data/encodings/1358522/1358522_S06E04_30912_1.npy
1567,1080,1920,0,1239,1443,285,489,41616,0.02,30936,/home/amos/media/tv/White.Collar.S01-S06.1080p.BluRay.x265-RARBG/White.Collar.S06.1080p.WEBRip.x265-RARBG/White.Collar.S06E04.1080p.WEBRip.x265-RARBG.mp4,6,4,1358522,data/encodings/1358522/1358522_S06E04_30936_0.npy
1568,1080,1920,1,311,555,255,500,59780,0.029,30936,/home/amos/media/tv/White.Collar.S01-S06.1080p.BluRay.x265-RARBG/White.Collar.S06.1080p.WEBRip.x265-RARBG/White.Collar.S06E04.1080p.WEBRip.x265-RARBG.mp4,6,4,1358522,data/encodings/1358522/1358522_S06E04_30936_1.npy
1569,1080,1920,0,1218,1422,285,489,41616,0.02,30960,/home/amos/media/tv/White.Collar.S01-S06.1080p.BluRay.x265-RARBG/White.Collar.S06.1080p.WEBRip.x265-RARBG/White.Collar.S06E04.1080p.WEBRip.x265-RARBG.mp4,6,4,1358522,data/encodings/1358522/1358522_S06E04_30960_0.npy
1570,1080,1920,1,435,679,255,500,59780,0.029,30960,/home/amos/media/tv/White.Collar.S01-S06.1080p.BluRay.x265-RARBG/White.Collar.S06.1080p.WEBRip.x265-RARBG/White.Collar.S06E04.1080p.WEBRip.x265-RARBG.mp4,6,4,1358522,data/encodings/1358522/1358522_S06E04_30960_1.npy
1571,1080,1920,0,1156,1360,264,468,41616,0.02,30984,/home/amos/media/tv/White.Collar.S01-S06.1080p.BluRay.x265-RARBG/White.Collar.S06.1080p.WEBRip.x265-RARBG/White.Collar.S06E04.1080p.WEBRip.x265-RARBG.mp4,6,4,1358522,data/encodings/1358522/1358522_S06E04_30984_0.npy
1572,1080,1920,1,385,630,255,500,60025,0.029,30984,/home/amos/media/tv/White.Collar.S01-S06.1080p.BluRay.x265-RARBG/White.Collar.S06.1080p.WEBRip.x265-RARBG/White.Collar.S06E04.1080p.WEBRip.x265-RARBG.mp4,6,4,1358522,data/encodings/1358522/1358522_S06E04_30984_1.npy
1573,1080,1920,0,925,1277,208,560,123904,0.06,31008,/home/amos/media/tv/White.Collar.S01-S06.1080p.BluRay.x265-RARBG/White.Collar.S06.1080p.WEBRip.x265-RARBG/White.Collar.S06E04.1080p.WEBRip.x265-RARBG.mp4,6,4,1358522,data/encodings/1358522/1358522_S06E04_31008_0.npy
1574,1080,1920,0,942,1235,225,519,86142,0.042,31032,/home/amos/media/tv/White.Collar.S01-S06.1080p.BluRay.x265-RARBG/White.Collar.S06.1080p.WEBRip.x265-RARBG/White.Collar.S06E04.1080p.WEBRip.x265-RARBG.mp4,6,4,1358522,data/encodings/1358522/1358522_S06E04_31032_0.npy
1575,1080,1920,0,854,1206,172,525,124256,0.06,31056,/home/amos/media/tv/White.Collar.S01-S06.1080p.BluRay.x265-RARBG/White.Collar.S06.1080p.WEBRip.x265-RARBG/White.Collar.S06E04.1080p.WEBRip.x265-RARBG.mp4,6,4,1358522,data/encodings/1358522/1358522_S06E04_31056_0.npy
1576,1080,1920,0,811,1234,175,598,178929,0.086,31080,/home/amos/media/tv/White.Collar.S01-S06.1080p.BluRay.x265-RARBG/White.Collar.S06.1080p.WEBRip.x265-RARBG/White.Collar.S06E04.1080p.WEBRip.x265-RARBG.mp4,6,4,1358522,data/encodings/1358522/1358522_S06E04_31080_0.npy
1577,1080,1920,0,811,1234,175,598,178929,0.086,31104,/home/amos/media/tv/White.Collar.S01-S06.1080p.BluRay.x265-RARBG/White.Collar.S06.1080p.WEBRip.x265-RARBG/White.Collar.S06E04.1080p.WEBRip.x265-RARBG.mp4,6,4,1358522,data/encodings/1358522/1358522_S06E04_31104_0.npy
1578,1080,1920,0,768,1191,132,555,178929,0.086,31128,/home/amos/media/tv/White.Collar.S01-S06.1080p.BluRay.x265-RARBG/White.Collar.S06.1080p.WEBRip.x265-RARBG/White.Collar.S06E04.1080p.WEBRip.x265-RARBG.mp4,6,4,1358522,data/encodings/1358522/1358522_S06E04_31128_0.npy
1579,1080,1920,0,726,1148,175,598,178506,0.086,31152,/home/amos/media/tv/White.Collar.S01-S06.1080p.BluRay.x265-RARBG/White.Collar.S06.1080p.WEBRip.x265-RARBG/White.Collar.S06E04.1080p.WEBRip.x265-RARBG.mp4,6,4,1358522,data/encodings/1358522/1358522_S06E04_31152_0.npy
1580,1080,1920,0,768,1191,218,640,178506,0.086,31176,/home/amos/media/tv/White.Collar.S01-S06.1080p.BluRay.x265-RARBG/White.Collar.S06.1080p.WEBRip.x265-RARBG/White.Collar.S06E04.1080p.WEBRip.x265-RARBG.mp4,6,4,1358522,data/encodings/1358522/1358522_S06E04_31176_0.npy
1581,1080,1920,0,435,679,255,500,59780,0.029,31200,/home/amos/media/tv/White.Collar.S01-S06.1080p.BluRay.x265-RARBG/White.Collar.S06.1080p.WEBRip.x265-RARBG/White.Collar.S06E04.1080p.WEBRip.x265-RARBG.mp4,6,4,1358522,data/encodings/1358522/1358522_S06E04_31200_0.npy
1582,1080,1920,1,1029,1273,206,450,59536,0.029,31200,/home/amos/media/tv/White.Collar.S01-S06.1080p.BluRay.x265-RARBG/White.Collar.S06.1080p.WEBRip.x265-RARBG/White.Collar.S06E04.1080p.WEBRip.x265-RARBG.mp4,6,4,1358522,data/encodings/1358522/1358522_S06E04_31200_1.npy
1583,1080,1920,0,930,1174,231,475,59536,0.029,31224,/home/amos/media/tv/White.Collar.S01-S06.1080p.BluRay.x265-RARBG/White.Collar.S06.1080p.WEBRip.x265-RARBG/White.Collar.S06E04.1080p.WEBRip.x265-RARBG.mp4,6,4,1358522,data/encodings/1358522/1358522_S06E04_31224_0.npy
1584,1080,1920,1,459,704,255,500,60025,0.029,31224,/home/amos/media/tv/White.Collar.S01-S06.1080p.BluRay.x265-RARBG/White.Collar.S06.1080p.WEBRip.x265-RARBG/White.Collar.S06E04.1080p.WEBRip.x265-RARBG.mp4,6,4,1358522,data/encodings/1358522/1358522_S06E04_31224_1.npy
1585,1080,1920,0,459,704,280,525,60025,0.029,31248,/home/amos/media/tv/White.Collar.S01-S06.1080p.BluRay.x265-RARBG/White.Collar.S06.1080p.WEBRip.x265-RARBG/White.Collar.S06E04.1080p.WEBRip.x265-RARBG.mp4,6,4,1358522,data/encodings/1358522/1358522_S06E04_31248_0.npy
1586,1080,1920,1,930,1174,231,475,59536,0.029,31248,/home/amos/media/tv/White.Collar.S01-S06.1080p.BluRay.x265-RARBG/White.Collar.S06.1080p.WEBRip.x265-RARBG/White.Collar.S06E04.1080p.WEBRip.x265-RARBG.mp4,6,4,1358522,data/encodings/1358522/1358522_S06E04_31248_1.npy
1587,1080,1920,0,743,1250,313,820,257049,0.124,31272,/home/amos/media/tv/White.Collar.S01-S06.1080p.BluRay.x265-RARBG/White.Collar.S06.1080p.WEBRip.x265-RARBG/White.Collar.S06E04.1080p.WEBRip.x265-RARBG.mp4,6,4,1358522,data/encodings/1358522/1358522_S06E04_31272_0.npy
1588,1080,1920,0,137,382,330,574,59780,0.029,31296,/home/amos/media/tv/White.Collar.S01-S06.1080p.BluRay.x265-RARBG/White.Collar.S06.1080p.WEBRip.x265-RARBG/White.Collar.S06E04.1080p.WEBRip.x265-RARBG.mp4,6,4,1358522,data/encodings/1358522/1358522_S06E04_31296_0.npy
1589,1080,1920,1,1351,1595,305,550,59780,0.029,31296,/home/amos/media/tv/White.Collar.S01-S06.1080p.BluRay.x265-RARBG/White.Collar.S06.1080p.WEBRip.x265-RARBG/White.Collar.S06E04.1080p.WEBRip.x265-RARBG.mp4,6,4,1358522,data/encodings/1358522/1358522_S06E04_31296_1.npy
1590,1080,1920,2,599,803,388,592,41616,0.02,31296,/home/amos/media/tv/White.Collar.S01-S06.1080p.BluRay.x265-RARBG/White.Collar.S06.1080p.WEBRip.x265-RARBG/White.Collar.S06E04.1080p.WEBRip.x265-RARBG.mp4,6,4,1358522,data/encodings/1358522/1358522_S06E04_31296_2.npy
1591,1080,1920,0,162,407,330,574,59780,0.029,31320,/home/amos/media/tv/White.Collar.S01-S06.1080p.BluRay.x265-RARBG/White.Collar.S06.1080p.WEBRip.x265-RARBG/White.Collar.S06E04.1080p.WEBRip.x265-RARBG.mp4,6,4,1358522,data/encodings/1358522/1358522_S06E04_31320_0.npy
1592,1080,1920,1,1351,1595,305,550,59780,0.029,31320,/home/amos/media/tv/White.Collar.S01-S06.1080p.BluRay.x265-RARBG/White.Collar.S06.1080p.WEBRip.x265-RARBG/White.Collar.S06E04.1080p.WEBRip.x265-RARBG.mp4,6,4,1358522,data/encodings/1358522/1358522_S06E04_31320_1.npy
1593,1080,1920,2,583,828,379,624,60025,0.029,31320,/home/amos/media/tv/White.Collar.S01-S06.1080p.BluRay.x265-RARBG/White.Collar.S06.1080p.WEBRip.x265-RARBG/White.Collar.S06E04.1080p.WEBRip.x265-RARBG.mp4,6,4,1358522,data/encodings/1358522/1358522_S06E04_31320_2.npy
1594,1080,1920,0,1721,1819,227,326,9702,0.005,31344,/home/amos/media/tv/White.Collar.S01-S06.1080p.BluRay.x265-RARBG/White.Collar.S06.1080p.WEBRip.x265-RARBG/White.Collar.S06E04.1080p.WEBRip.x265-RARBG.mp4,6,4,1358522,data/encodings/1358522/1358522_S06E04_31344_0.npy
1595,1080,1920,1,965,1063,208,306,9604,0.005,31344,/home/amos/media/tv/White.Collar.S01-S06.1080p.BluRay.x265-RARBG/White.Collar.S06.1080p.WEBRip.x265-RARBG/White.Collar.S06E04.1080p.WEBRip.x265-RARBG.mp4,6,4,1358522,data/encodings/1358522/1358522_S06E04_31344_1.npy
1596,1080,1920,2,667,785,208,325,13806,0.007,31344,/home/amos/media/tv/White.Collar.S01-S06.1080p.BluRay.x265-RARBG/White.Collar.S06.1080p.WEBRip.x265-RARBG/White.Collar.S06E04.1080p.WEBRip.x265-RARBG.mp4,6,4,1358522,data/encodings/1358522/1358522_S06E04_31344_2.npy
1597,1080,1920,0,995,1093,198,296,9604,0.005,31368,/home/amos/media/tv/White.Collar.S01-S06.1080p.BluRay.x265-RARBG/White.Collar.S06.1080p.WEBRip.x265-RARBG/White.Collar.S06E04.1080p.WEBRip.x265-RARBG.mp4,6,4,1358522,data/encodings/1358522/1358522_S06E04_31368_0.npy
1598,1080,1920,1,1731,1829,227,326,9702,0.005,31368,/home/amos/media/tv/White.Collar.S01-S06.1080p.BluRay.x265-RARBG/White.Collar.S06.1080p.WEBRip.x265-RARBG/White.Collar.S06E04.1080p.WEBRip.x265-RARBG.mp4,6,4,1358522,data/encodings/1358522/1358522_S06E04_31368_1.npy
1599,1080,1920,2,691,809,219,337,13924,0.007,31368,/home/amos/media/tv/White.Collar.S01-S06.1080p.BluRay.x265-RARBG/White.Collar.S06.1080p.WEBRip.x265-RARBG/White.Collar.S06E04.1080p.WEBRip.x265-RARBG.mp4,6,4,1358522,data/encodings/1358522/1358522_S06E04_31368_2.npy
1600,1080,1920,0,995,1093,198,296,9604,0.005,31392,/home/amos/media/tv/White.Collar.S01-S06.1080p.BluRay.x265-RARBG/White.Collar.S06.1080p.WEBRip.x265-RARBG/White.Collar.S06E04.1080p.WEBRip.x265-RARBG.mp4,6,4,1358522,data/encodings/1358522/1358522_S06E04_31392_0.npy
1601,1080,1920,1,1751,1849,227,326,9702,0.005,31392,/home/amos/media/tv/White.Collar.S01-S06.1080p.BluRay.x265-RARBG/White.Collar.S06.1080p.WEBRip.x265-RARBG/White.Collar.S06E04.1080p.WEBRip.x265-RARBG.mp4,6,4,1358522,data/encodings/1358522/1358522_S06E04_31392_1.npy
1602,1080,1920,0,497,849,244,596,123904,0.06,31416,/home/amos/media/tv/White.Collar.S01-S06.1080p.BluRay.x265-RARBG/White.Collar.S06.1080p.WEBRip.x265-RARBG/White.Collar.S06E04.1080p.WEBRip.x265-RARBG.mp4,6,4,1358522,data/encodings/1358522/1358522_S06E04_31416_0.npy
1603,1080,1920,1,1090,1384,314,608,86436,0.042,31416,/home/amos/media/tv/White.Collar.S01-S06.1080p.BluRay.x265-RARBG/White.Collar.S06.1080p.WEBRip.x265-RARBG/White.Collar.S06E04.1080p.WEBRip.x265-RARBG.mp4,6,4,1358522,data/encodings/1358522/1358522_S06E04_31416_1.npy
1604,1080,1920,0,497,849,244,596,123904,0.06,31440,/home/amos/media/tv/White.Collar.S01-S06.1080p.BluRay.x265-RARBG/White.Collar.S06.1080p.WEBRip.x265-RARBG/White.Collar.S06E04.1080p.WEBRip.x265-RARBG.mp4,6,4,1358522,data/encodings/1358522/1358522_S06E04_31440_0.npy
1605,1080,1920,1,1090,1384,314,608,86436,0.042,31440,/home/amos/media/tv/White.Collar.S01-S06.1080p.BluRay.x265-RARBG/White.Collar.S06.1080p.WEBRip.x265-RARBG/White.Collar.S06E04.1080p.WEBRip.x265-RARBG.mp4,6,4,1358522,data/encodings/1358522/1358522_S06E04_31440_1.npy
1606,1080,1920,0,743,1250,262,769,257049,0.124,31464,/home/amos/media/tv/White.Collar.S01-S06.1080p.BluRay.x265-RARBG/White.Collar.S06.1080p.WEBRip.x265-RARBG/White.Collar.S06E04.1080p.WEBRip.x265-RARBG.mp4,6,4,1358522,data/encodings/1358522/1358522_S06E04_31464_0.npy
1607,1080,1920,0,1123,1731,160,769,370272,0.179,31488,/home/amos/media/tv/White.Collar.S01-S06.1080p.BluRay.x265-RARBG/White.Collar.S06.1080p.WEBRip.x265-RARBG/White.Collar.S06E04.1080p.WEBRip.x265-RARBG.mp4,6,4,1358522,data/encodings/1358522/1358522_S06E04_31488_0.npy
1608,1080,1920,0,1051,1558,210,717,257049,0.124,31512,/home/amos/media/tv/White.Collar.S01-S06.1080p.BluRay.x265-RARBG/White.Collar.S06.1080p.WEBRip.x265-RARBG/White.Collar.S06E04.1080p.WEBRip.x265-RARBG.mp4,6,4,1358522,data/encodings/1358522/1358522_S06E04_31512_0.npy
1609,1080,1920,0,999,1507,262,769,257556,0.124,31536,/home/amos/media/tv/White.Collar.S01-S06.1080p.BluRay.x265-RARBG/White.Collar.S06.1080p.WEBRip.x265-RARBG/White.Collar.S06E04.1080p.WEBRip.x265-RARBG.mp4,6,4,1358522,data/encodings/1358522/1358522_S06E04_31536_0.npy
1610,1080,1920,0,999,1507,210,717,257556,0.124,31560,/home/amos/media/tv/White.Collar.S01-S06.1080p.BluRay.x265-RARBG/White.Collar.S06.1080p.WEBRip.x265-RARBG/White.Collar.S06E04.1080p.WEBRip.x265-RARBG.mp4,6,4,1358522,data/encodings/1358522/1358522_S06E04_31560_0.npy
1611,1080,1920,0,1051,1558,210,717,257049,0.124,31584,/home/amos/media/tv/White.Collar.S01-S06.1080p.BluRay.x265-RARBG/White.Collar.S06.1080p.WEBRip.x265-RARBG/White.Collar.S06E04.1080p.WEBRip.x265-RARBG.mp4,6,4,1358522,data/encodings/1358522/1358522_S06E04_31584_0.npy
1612,1080,1920,0,845,1353,262,769,257556,0.124,31608,/home/amos/media/tv/White.Collar.S01-S06.1080p.BluRay.x265-RARBG/White.Collar.S06.1080p.WEBRip.x265-RARBG/White.Collar.S06E04.1080p.WEBRip.x265-RARBG.mp4,6,4,1358522,data/encodings/1358522/1358522_S06E04_31608_0.npy
1613,1080,1920,0,691,1198,56,563,257049,0.124,31632,/home/amos/media/tv/White.Collar.S01-S06.1080p.BluRay.x265-RARBG/White.Collar.S06.1080p.WEBRip.x265-RARBG/White.Collar.S06E04.1080p.WEBRip.x265-RARBG.mp4,6,4,1358522,data/encodings/1358522/1358522_S06E04_31632_0.npy
1614,1080,1920,0,406,576,370,540,28900,0.014,31680,/home/amos/media/tv/White.Collar.S01-S06.1080p.BluRay.x265-RARBG/White.Collar.S06.1080p.WEBRip.x265-RARBG/White.Collar.S06E04.1080p.WEBRip.x265-RARBG.mp4,6,4,1358522,data/encodings/1358522/1358522_S06E04_31680_0.npy
1615,1080,1920,0,475,645,370,540,28900,0.014,31704,/home/amos/media/tv/White.Collar.S01-S06.1080p.BluRay.x265-RARBG/White.Collar.S06.1080p.WEBRip.x265-RARBG/White.Collar.S06E04.1080p.WEBRip.x265-RARBG.mp4,6,4,1358522,data/encodings/1358522/1358522_S06E04_31704_0.npy
1616,1080,1920,1,845,987,384,525,20022,0.01,31704,/home/amos/media/tv/White.Collar.S01-S06.1080p.BluRay.x265-RARBG/White.Collar.S06.1080p.WEBRip.x265-RARBG/White.Collar.S06E04.1080p.WEBRip.x265-RARBG.mp4,6,4,1358522,data/encodings/1358522/1358522_S06E04_31704_1.npy
1617,1080,1920,0,492,662,370,540,28900,0.014,31728,/home/amos/media/tv/White.Collar.S01-S06.1080p.BluRay.x265-RARBG/White.Collar.S06.1080p.WEBRip.x265-RARBG/White.Collar.S06E04.1080p.WEBRip.x265-RARBG.mp4,6,4,1358522,data/encodings/1358522/1358522_S06E04_31728_0.npy
1618,1080,1920,1,845,987,398,540,20164,0.01,31728,/home/amos/media/tv/White.Collar.S01-S06.1080p.BluRay.x265-RARBG/White.Collar.S06.1080p.WEBRip.x265-RARBG/White.Collar.S06E04.1080p.WEBRip.x265-RARBG.mp4,6,4,1358522,data/encodings/1358522/1358522_S06E04_31728_1.npy
1619,1080,1920,0,510,680,370,540,28900,0.014,31752,/home/amos/media/tv/White.Collar.S01-S06.1080p.BluRay.x265-RARBG/White.Collar.S06.1080p.WEBRip.x265-RARBG/White.Collar.S06E04.1080p.WEBRip.x265-RARBG.mp4,6,4,1358522,data/encodings/1358522/1358522_S06E04_31752_0.npy
1620,1080,1920,0,475,679,326,530,41616,0.02,31776,/home/amos/media/tv/White.Collar.S01-S06.1080p.BluRay.x265-RARBG/White.Collar.S06.1080p.WEBRip.x265-RARBG/White.Collar.S06E04.1080p.WEBRip.x265-RARBG.mp4,6,4,1358522,data/encodings/1358522/1358522_S06E04_31776_0.npy
1621,1080,1920,0,455,658,326,530,41412,0.02,31800,/home/amos/media/tv/White.Collar.S01-S06.1080p.BluRay.x265-RARBG/White.Collar.S06.1080p.WEBRip.x265-RARBG/White.Collar.S06E04.1080p.WEBRip.x265-RARBG.mp4,6,4,1358522,data/encodings/1358522/1358522_S06E04_31800_0.npy
1622,1080,1920,0,949,988,385,425,1560,0.001,31824,/home/amos/media/tv/White.Collar.S01-S06.1080p.BluRay.x265-RARBG/White.Collar.S06.1080p.WEBRip.x265-RARBG/White.Collar.S06E04.1080p.WEBRip.x265-RARBG.mp4,6,4,1358522,data/encodings/1358522/1358522_S06E04_31824_0.npy
1623,1080,1920,0,295,352,402,459,3249,0.002,31896,/home/amos/media/tv/White.Collar.S01-S06.1080p.BluRay.x265-RARBG/White.Collar.S06.1080p.WEBRip.x265-RARBG/White.Collar.S06E04.1080p.WEBRip.x265-RARBG.mp4,6,4,1358522,data/encodings/1358522/1358522_S06E04_31896_0.npy
1624,1080,1920,1,854,911,379,436,3249,0.002,31896,/home/amos/media/tv/White.Collar.S01-S06.1080p.BluRay.x265-RARBG/White.Collar.S06.1080p.WEBRip.x265-RARBG/White.Collar.S06E04.1080p.WEBRip.x265-RARBG.mp4,6,4,1358522,data/encodings/1358522/1358522_S06E04_31896_1.npy
1625,1080,1920,2,1331,1378,374,421,2209,0.001,31896,/home/amos/media/tv/White.Collar.S01-S06.1080p.BluRay.x265-RARBG/White.Collar.S06.1080p.WEBRip.x265-RARBG/White.Collar.S06E04.1080p.WEBRip.x265-RARBG.mp4,6,4,1358522,data/encodings/1358522/1358522_S06E04_31896_2.npy
1626,1080,1920,3,1684,1740,379,436,3192,0.002,31896,/home/amos/media/tv/White.Collar.S01-S06.1080p.BluRay.x265-RARBG/White.Collar.S06.1080p.WEBRip.x265-RARBG/White.Collar.S06E04.1080p.WEBRip.x265-RARBG.mp4,6,4,1358522,data/encodings/1358522/1358522_S06E04_31896_3.npy
1627,1080,1920,0,337,384,398,445,2209,0.001,31920,/home/amos/media/tv/White.Collar.S01-S06.1080p.BluRay.x265-RARBG/White.Collar.S06.1080p.WEBRip.x265-RARBG/White.Collar.S06E04.1080p.WEBRip.x265-RARBG.mp4,6,4,1358522,data/encodings/1358522/1358522_S06E04_31920_0.npy
1628,1080,1920,1,1357,1396,377,417,1560,0.001,31920,/home/amos/media/tv/White.Collar.S01-S06.1080p.BluRay.x265-RARBG/White.Collar.S06.1080p.WEBRip.x265-RARBG/White.Collar.S06E04.1080p.WEBRip.x265-RARBG.mp4,6,4,1358522,data/encodings/1358522/1358522_S06E04_31920_1.npy
1629,1080,1920,2,875,922,398,445,2209,0.001,31920,/home/amos/media/tv/White.Collar.S01-S06.1080p.BluRay.x265-RARBG/White.Collar.S06.1080p.WEBRip.x265-RARBG/White.Collar.S06E04.1080p.WEBRip.x265-RARBG.mp4,6,4,1358522,data/encodings/1358522/1358522_S06E04_31920_2.npy
1630,1080,1920,3,1707,1763,379,436,3192,0.002,31920,/home/amos/media/tv/White.Collar.S01-S06.1080p.BluRay.x265-RARBG/White.Collar.S06.1080p.WEBRip.x265-RARBG/White.Collar.S06E04.1080p.WEBRip.x265-RARBG.mp4,6,4,1358522,data/encodings/1358522/1358522_S06E04_31920_3.npy
1631,1080,1920,4,722,778,396,453,3192,0.002,31920,/home/amos/media/tv/White.Collar.S01-S06.1080p.BluRay.x265-RARBG/White.Collar.S06.1080p.WEBRip.x265-RARBG/White.Collar.S06E04.1080p.WEBRip.x265-RARBG.mp4,6,4,1358522,data/encodings/1358522/1358522_S06E04_31920_4.npy
1632,1080,1920,0,342,389,398,445,2209,0.001,31944,/home/amos/media/tv/White.Collar.S01-S06.1080p.BluRay.x265-RARBG/White.Collar.S06.1080p.WEBRip.x265-RARBG/White.Collar.S06E04.1080p.WEBRip.x265-RARBG.mp4,6,4,1358522,data/encodings/1358522/1358522_S06E04_31944_0.npy
1633,1080,1920,1,1389,1428,365,405,1560,0.001,31944,/home/amos/media/tv/White.Collar.S01-S06.1080p.BluRay.x265-RARBG/White.Collar.S06.1080p.WEBRip.x265-RARBG/White.Collar.S06E04.1080p.WEBRip.x265-RARBG.mp4,6,4,1358522,data/encodings/1358522/1358522_S06E04_31944_1.npy
1634,1080,1920,2,1724,1781,379,436,3249,0.002,31944,/home/amos/media/tv/White.Collar.S01-S06.1080p.BluRay.x265-RARBG/White.Collar.S06.1080p.WEBRip.x265-RARBG/White.Collar.S06E04.1080p.WEBRip.x265-RARBG.mp4,6,4,1358522,data/encodings/1358522/1358522_S06E04_31944_2.npy
1635,1080,1920,3,860,908,374,421,2256,0.001,31944,/home/amos/media/tv/White.Collar.S01-S06.1080p.BluRay.x265-RARBG/White.Collar.S06.1080p.WEBRip.x265-RARBG/White.Collar.S06E04.1080p.WEBRip.x265-RARBG.mp4,6,4,1358522,data/encodings/1358522/1358522_S06E04_31944_3.npy
1636,1080,1920,0,654,701,638,686,2256,0.001,31968,/home/amos/media/tv/White.Collar.S01-S06.1080p.BluRay.x265-RARBG/White.Collar.S06.1080p.WEBRip.x265-RARBG/White.Collar.S06E04.1080p.WEBRip.x265-RARBG.mp4,6,4,1358522,data/encodings/1358522/1358522_S06E04_31968_0.npy
1637,1080,1920,0,670,727,580,637,3249,0.002,31992,/home/amos/media/tv/White.Collar.S01-S06.1080p.BluRay.x265-RARBG/White.Collar.S06.1080p.WEBRip.x265-RARBG/White.Collar.S06E04.1080p.WEBRip.x265-RARBG.mp4,6,4,1358522,data/encodings/1358522/1358522_S06E04_31992_0.npy
1638,1080,1920,0,676,1028,279,632,124256,0.06,32016,/home/amos/media/tv/White.Collar.S01-S06.1080p.BluRay.x265-RARBG/White.Collar.S06.1080p.WEBRip.x265-RARBG/White.Collar.S06E04.1080p.WEBRip.x265-RARBG.mp4,6,4,1358522,data/encodings/1358522/1358522_S06E04_32016_0.npy
1639,1080,1920,0,674,968,314,608,86436,0.042,32040,/home/amos/media/tv/White.Collar.S01-S06.1080p.BluRay.x265-RARBG/White.Collar.S06.1080p.WEBRip.x265-RARBG/White.Collar.S06E04.1080p.WEBRip.x265-RARBG.mp4,6,4,1358522,data/encodings/1358522/1358522_S06E04_32040_0.npy
1640,1080,1920,0,683,765,486,568,6724,0.003,32064,/home/amos/media/tv/White.Collar.S01-S06.1080p.BluRay.x265-RARBG/White.Collar.S06.1080p.WEBRip.x265-RARBG/White.Collar.S06E04.1080p.WEBRip.x265-RARBG.mp4,6,4,1358522,data/encodings/1358522/1358522_S06E04_32064_0.npy
1641,1080,1920,1,1309,1366,776,833,3249,0.002,32064,/home/amos/media/tv/White.Collar.S01-S06.1080p.BluRay.x265-RARBG/White.Collar.S06.1080p.WEBRip.x265-RARBG/White.Collar.S06E04.1080p.WEBRip.x265-RARBG.mp4,6,4,1358522,data/encodings/1358522/1358522_S06E04_32064_1.npy
1642,1080,1920,0,607,725,375,493,13924,0.007,32088,/home/amos/media/tv/White.Collar.S01-S06.1080p.BluRay.x265-RARBG/White.Collar.S06.1080p.WEBRip.x265-RARBG/White.Collar.S06E04.1080p.WEBRip.x265-RARBG.mp4,6,4,1358522,data/encodings/1358522/1358522_S06E04_32088_0.npy
1643,1080,1920,1,1326,1383,782,839,3249,0.002,32088,/home/amos/media/tv/White.Collar.S01-S06.1080p.BluRay.x265-RARBG/White.Collar.S06.1080p.WEBRip.x265-RARBG/White.Collar.S06E04.1080p.WEBRip.x265-RARBG.mp4,6,4,1358522,data/encodings/1358522/1358522_S06E04_32088_1.npy
1644,1080,1920,0,1372,1429,782,839,3249,0.002,32112,/home/amos/media/tv/White.Collar.S01-S06.1080p.BluRay.x265-RARBG/White.Collar.S06.1080p.WEBRip.x265-RARBG/White.Collar.S06E04.1080p.WEBRip.x265-RARBG.mp4,6,4,1358522,data/encodings/1358522/1358522_S06E04_32112_0.npy
1645,1080,1920,0,750,868,196,314,13924,0.007,32136,/home/amos/media/tv/White.Collar.S01-S06.1080p.BluRay.x265-RARBG/White.Collar.S06.1080p.WEBRip.x265-RARBG/White.Collar.S06E04.1080p.WEBRip.x265-RARBG.mp4,6,4,1358522,data/encodings/1358522/1358522_S06E04_32136_0.npy
1646,1080,1920,1,1383,1481,48,147,9702,0.005,32136,/home/amos/media/tv/White.Collar.S01-S06.1080p.BluRay.x265-RARBG/White.Collar.S06.1080p.WEBRip.x265-RARBG/White.Collar.S06E04.1080p.WEBRip.x265-RARBG.mp4,6,4,1358522,data/encodings/1358522/1358522_S06E04_32136_1.npy
1647,1080,1920,2,406,576,130,299,28730,0.014,32136,/home/amos/media/tv/White.Collar.S01-S06.1080p.BluRay.x265-RARBG/White.Collar.S06.1080p.WEBRip.x265-RARBG/White.Collar.S06E04.1080p.WEBRip.x265-RARBG.mp4,6,4,1358522,data/encodings/1358522/1358522_S06E04_32136_2.npy
1648,1080,1920,3,85,154,325,393,4692,0.002,32136,/home/amos/media/tv/White.Collar.S01-S06.1080p.BluRay.x265-RARBG/White.Collar.S06.1080p.WEBRip.x265-RARBG/White.Collar.S06E04.1080p.WEBRip.x265-RARBG.mp4,6,4,1358522,data/encodings/1358522/1358522_S06E04_32136_3.npy
1649,1080,1920,0,786,904,196,314,13924,0.007,32160,/home/amos/media/tv/White.Collar.S01-S06.1080p.BluRay.x265-RARBG/White.Collar.S06.1080p.WEBRip.x265-RARBG/White.Collar.S06E04.1080p.WEBRip.x265-RARBG.mp4,6,4,1358522,data/encodings/1358522/1358522_S06E04_32160_0.npy
1650,1080,1920,1,1462,1561,58,157,9801,0.005,32160,/home/amos/media/tv/White.Collar.S01-S06.1080p.BluRay.x265-RARBG/White.Collar.S06.1080p.WEBRip.x265-RARBG/White.Collar.S06E04.1080p.WEBRip.x265-RARBG.mp4,6,4,1358522,data/encodings/1358522/1358522_S06E04_32160_1.npy
1651,1080,1920,2,1404,1574,164,334,28900,0.014,32160,/home/amos/media/tv/White.Collar.S01-S06.1080p.BluRay.x265-RARBG/White.Collar.S06.1080p.WEBRip.x265-RARBG/White.Collar.S06E04.1080p.WEBRip.x265-RARBG.mp4,6,4,1358522,data/encodings/1358522/1358522_S06E04_32160_2.npy
1652,1080,1920,3,71,140,325,393,4692,0.002,32160,/home/amos/media/tv/White.Collar.S01-S06.1080p.BluRay.x265-RARBG/White.Collar.S06.1080p.WEBRip.x265-RARBG/White.Collar.S06E04.1080p.WEBRip.x265-RARBG.mp4,6,4,1358522,data/encodings/1358522/1358522_S06E04_32160_3.npy
1653,1080,1920,4,441,611,130,299,28730,0.014,32160,/home/amos/media/tv/White.Collar.S01-S06.1080p.BluRay.x265-RARBG/White.Collar.S06.1080p.WEBRip.x265-RARBG/White.Collar.S06E04.1080p.WEBRip.x265-RARBG.mp4,6,4,1358522,data/encodings/1358522/1358522_S06E04_32160_4.npy
1654,1080,1920,0,1383,1481,48,147,9702,0.005,32184,/home/amos/media/tv/White.Collar.S01-S06.1080p.BluRay.x265-RARBG/White.Collar.S06.1080p.WEBRip.x265-RARBG/White.Collar.S06E04.1080p.WEBRip.x265-RARBG.mp4,6,4,1358522,data/encodings/1358522/1358522_S06E04_32184_0.npy
1655,1080,1920,1,802,944,183,325,20164,0.01,32184,/home/amos/media/tv/White.Collar.S01-S06.1080p.BluRay.x265-RARBG/White.Collar.S06.1080p.WEBRip.x265-RARBG/White.Collar.S06E04.1080p.WEBRip.x265-RARBG.mp4,6,4,1358522,data/encodings/1358522/1358522_S06E04_32184_1.npy
1656,1080,1920,0,1215,1385,216,385,28730,0.014,32208,/home/amos/media/tv/White.Collar.S01-S06.1080p.BluRay.x265-RARBG/White.Collar.S06.1080p.WEBRip.x265-RARBG/White.Collar.S06E04.1080p.WEBRip.x265-RARBG.mp4,6,4,1358522,data/encodings/1358522/1358522_S06E04_32208_0.npy
1657,1080,1920,1,802,944,183,325,20164,0.01,32208,/home/amos/media/tv/White.Collar.S01-S06.1080p.BluRay.x265-RARBG/White.Collar.S06.1080p.WEBRip.x265-RARBG/White.Collar.S06E04.1080p.WEBRip.x265-RARBG.mp4,6,4,1358522,data/encodings/1358522/1358522_S06E04_32208_1.npy
1658,1080,1920,2,1336,1454,28,146,13924,0.007,32208,/home/amos/media/tv/White.Collar.S01-S06.1080p.BluRay.x265-RARBG/White.Collar.S06.1080p.WEBRip.x265-RARBG/White.Collar.S06E04.1080p.WEBRip.x265-RARBG.mp4,6,4,1358522,data/encodings/1358522/1358522_S06E04_32208_2.npy
1659,1080,1920,0,1312,1430,40,158,13924,0.007,32232,/home/amos/media/tv/White.Collar.S01-S06.1080p.BluRay.x265-RARBG/White.Collar.S06.1080p.WEBRip.x265-RARBG/White.Collar.S06E04.1080p.WEBRip.x265-RARBG.mp4,6,4,1358522,data/encodings/1358522/1358522_S06E04_32232_0.npy
1660,1080,1920,1,774,915,183,325,20022,0.01,32232,/home/amos/media/tv/White.Collar.S01-S06.1080p.BluRay.x265-RARBG/White.Collar.S06.1080p.WEBRip.x265-RARBG/White.Collar.S06E04.1080p.WEBRip.x265-RARBG.mp4,6,4,1358522,data/encodings/1358522/1358522_S06E04_32232_1.npy
1661,1080,1920,2,1404,1574,164,334,28900,0.014,32232,/home/amos/media/tv/White.Collar.S01-S06.1080p.BluRay.x265-RARBG/White.Collar.S06.1080p.WEBRip.x265-RARBG/White.Collar.S06E04.1080p.WEBRip.x265-RARBG.mp4,6,4,1358522,data/encodings/1358522/1358522_S06E04_32232_2.npy
1662,1080,1920,0,774,915,169,310,19881,0.01,32256,/home/amos/media/tv/White.Collar.S01-S06.1080p.BluRay.x265-RARBG/White.Collar.S06.1080p.WEBRip.x265-RARBG/White.Collar.S06E04.1080p.WEBRip.x265-RARBG.mp4,6,4,1358522,data/encodings/1358522/1358522_S06E04_32256_0.npy
1663,1080,1920,1,1313,1411,28,127,9702,0.005,32256,/home/amos/media/tv/White.Collar.S01-S06.1080p.BluRay.x265-RARBG/White.Collar.S06.1080p.WEBRip.x265-RARBG/White.Collar.S06E04.1080p.WEBRip.x265-RARBG.mp4,6,4,1358522,data/encodings/1358522/1358522_S06E04_32256_1.npy
1664,1080,1920,2,1321,1525,182,385,41412,0.02,32256,/home/amos/media/tv/White.Collar.S01-S06.1080p.BluRay.x265-RARBG/White.Collar.S06.1080p.WEBRip.x265-RARBG/White.Collar.S06E04.1080p.WEBRip.x265-RARBG.mp4,6,4,1358522,data/encodings/1358522/1358522_S06E04_32256_2.npy
1665,1080,1920,0,1318,1488,336,506,28900,0.014,32280,/home/amos/media/tv/White.Collar.S01-S06.1080p.BluRay.x265-RARBG/White.Collar.S06.1080p.WEBRip.x265-RARBG/White.Collar.S06E04.1080p.WEBRip.x265-RARBG.mp4,6,4,1358522,data/encodings/1358522/1358522_S06E04_32280_0.npy
1666,1080,1920,1,517,720,326,530,41412,0.02,32280,/home/amos/media/tv/White.Collar.S01-S06.1080p.BluRay.x265-RARBG/White.Collar.S06.1080p.WEBRip.x265-RARBG/White.Collar.S06E04.1080p.WEBRip.x265-RARBG.mp4,6,4,1358522,data/encodings/1358522/1358522_S06E04_32280_1.npy
1667,1080,1920,0,1335,1505,336,506,28900,0.014,32304,/home/amos/media/tv/White.Collar.S01-S06.1080p.BluRay.x265-RARBG/White.Collar.S06.1080p.WEBRip.x265-RARBG/White.Collar.S06E04.1080p.WEBRip.x265-RARBG.mp4,6,4,1358522,data/encodings/1358522/1358522_S06E04_32304_0.npy
1668,1080,1920,1,626,725,536,634,9702,0.005,32304,/home/amos/media/tv/White.Collar.S01-S06.1080p.BluRay.x265-RARBG/White.Collar.S06.1080p.WEBRip.x265-RARBG/White.Collar.S06E04.1080p.WEBRip.x265-RARBG.mp4,6,4,1358522,data/encodings/1358522/1358522_S06E04_32304_1.npy
1669,1080,1920,2,496,700,347,551,41616,0.02,32304,/home/amos/media/tv/White.Collar.S01-S06.1080p.BluRay.x265-RARBG/White.Collar.S06.1080p.WEBRip.x265-RARBG/White.Collar.S06E04.1080p.WEBRip.x265-RARBG.mp4,6,4,1358522,data/encodings/1358522/1358522_S06E04_32304_2.npy
1670,1080,1920,0,1352,1522,336,506,28900,0.014,32328,/home/amos/media/tv/White.Collar.S01-S06.1080p.BluRay.x265-RARBG/White.Collar.S06.1080p.WEBRip.x265-RARBG/White.Collar.S06E04.1080p.WEBRip.x265-RARBG.mp4,6,4,1358522,data/encodings/1358522/1358522_S06E04_32328_0.npy
1671,1080,1920,1,656,754,536,634,9604,0.005,32328,/home/amos/media/tv/White.Collar.S01-S06.1080p.BluRay.x265-RARBG/White.Collar.S06.1080p.WEBRip.x265-RARBG/White.Collar.S06E04.1080p.WEBRip.x265-RARBG.mp4,6,4,1358522,data/encodings/1358522/1358522_S06E04_32328_1.npy
1672,1080,1920,2,484,729,330,574,59780,0.029,32328,/home/amos/media/tv/White.Collar.S01-S06.1080p.BluRay.x265-RARBG/White.Collar.S06.1080p.WEBRip.x265-RARBG/White.Collar.S06E04.1080p.WEBRip.x265-RARBG.mp4,6,4,1358522,data/encodings/1358522/1358522_S06E04_32328_2.npy
1673,1080,1920,3,268,366,466,565,9702,0.005,32328,/home/amos/media/tv/White.Collar.S01-S06.1080p.BluRay.x265-RARBG/White.Collar.S06.1080p.WEBRip.x265-RARBG/White.Collar.S06E04.1080p.WEBRip.x265-RARBG.mp4,6,4,1358522,data/encodings/1358522/1358522_S06E04_32328_3.npy
1674,1080,1920,0,1466,1670,285,489,41616,0.02,32352,/home/amos/media/tv/White.Collar.S01-S06.1080p.BluRay.x265-RARBG/White.Collar.S06.1080p.WEBRip.x265-RARBG/White.Collar.S06E04.1080p.WEBRip.x265-RARBG.mp4,6,4,1358522,data/encodings/1358522/1358522_S06E04_32352_0.npy
1675,1080,1920,1,726,824,536,634,9604,0.005,32352,/home/amos/media/tv/White.Collar.S01-S06.1080p.BluRay.x265-RARBG/White.Collar.S06.1080p.WEBRip.x265-RARBG/White.Collar.S06E04.1080p.WEBRip.x265-RARBG.mp4,6,4,1358522,data/encodings/1358522/1358522_S06E04_32352_1.npy
1676,1080,1920,2,484,729,330,574,59780,0.029,32352,/home/amos/media/tv/White.Collar.S01-S06.1080p.BluRay.x265-RARBG/White.Collar.S06.1080p.WEBRip.x265-RARBG/White.Collar.S06E04.1080p.WEBRip.x265-RARBG.mp4,6,4,1358522,data/encodings/1358522/1358522_S06E04_32352_2.npy
1677,1080,1920,0,1031,1324,166,459,85849,0.041,32376,/home/amos/media/tv/White.Collar.S01-S06.1080p.BluRay.x265-RARBG/White.Collar.S06.1080p.WEBRip.x265-RARBG/White.Collar.S06E04.1080p.WEBRip.x265-RARBG.mp4,6,4,1358522,data/encodings/1358522/1358522_S06E04_32376_0.npy
1678,1080,1920,0,971,1265,225,519,86436,0.042,32400,/home/amos/media/tv/White.Collar.S01-S06.1080p.BluRay.x265-RARBG/White.Collar.S06.1080p.WEBRip.x265-RARBG/White.Collar.S06E04.1080p.WEBRip.x265-RARBG.mp4,6,4,1358522,data/encodings/1358522/1358522_S06E04_32400_0.npy
1679,1080,1920,1,802,972,267,437,28900,0.014,32400,/home/amos/media/tv/White.Collar.S01-S06.1080p.BluRay.x265-RARBG/White.Collar.S06.1080p.WEBRip.x265-RARBG/White.Collar.S06E04.1080p.WEBRip.x265-RARBG.mp4,6,4,1358522,data/encodings/1358522/1358522_S06E04_32400_1.npy
1680,1080,1920,0,407,700,314,608,86142,0.042,32424,/home/amos/media/tv/White.Collar.S01-S06.1080p.BluRay.x265-RARBG/White.Collar.S06.1080p.WEBRip.x265-RARBG/White.Collar.S06E04.1080p.WEBRip.x265-RARBG.mp4,6,4,1358522,data/encodings/1358522/1358522_S06E04_32424_0.npy
1681,1080,1920,0,1139,1491,137,489,123904,0.06,32448,/home/amos/media/tv/White.Collar.S01-S06.1080p.BluRay.x265-RARBG/White.Collar.S06.1080p.WEBRip.x265-RARBG/White.Collar.S06E04.1080p.WEBRip.x265-RARBG.mp4,6,4,1358522,data/encodings/1358522/1358522_S06E04_32448_0.npy
1682,1080,1920,0,1068,1420,172,525,124256,0.06,32472,/home/amos/media/tv/White.Collar.S01-S06.1080p.BluRay.x265-RARBG/White.Collar.S06.1080p.WEBRip.x265-RARBG/White.Collar.S06E04.1080p.WEBRip.x265-RARBG.mp4,6,4,1358522,data/encodings/1358522/1358522_S06E04_32472_0.npy
1683,1080,1920,0,1032,1384,208,560,123904,0.06,32496,/home/amos/media/tv/White.Collar.S01-S06.1080p.BluRay.x265-RARBG/White.Collar.S06.1080p.WEBRip.x265-RARBG/White.Collar.S06E04.1080p.WEBRip.x265-RARBG.mp4,6,4,1358522,data/encodings/1358522/1358522_S06E04_32496_0.npy
1684,1080,1920,1,854,1024,302,471,28730,0.014,32496,/home/amos/media/tv/White.Collar.S01-S06.1080p.BluRay.x265-RARBG/White.Collar.S06.1080p.WEBRip.x265-RARBG/White.Collar.S06E04.1080p.WEBRip.x265-RARBG.mp4,6,4,1358522,data/encodings/1358522/1358522_S06E04_32496_1.npy
1685,1080,1920,0,331,535,244,447,41412,0.02,32520,/home/amos/media/tv/White.Collar.S01-S06.1080p.BluRay.x265-RARBG/White.Collar.S06.1080p.WEBRip.x265-RARBG/White.Collar.S06E04.1080p.WEBRip.x265-RARBG.mp4,6,4,1358522,data/encodings/1358522/1358522_S06E04_32520_0.npy
1686,1080,1920,1,1129,1299,284,454,28900,0.014,32520,/home/amos/media/tv/White.Collar.S01-S06.1080p.BluRay.x265-RARBG/White.Collar.S06.1080p.WEBRip.x265-RARBG/White.Collar.S06E04.1080p.WEBRip.x265-RARBG.mp4,6,4,1358522,data/encodings/1358522/1358522_S06E04_32520_1.npy
1687,1080,1920,0,1146,1316,284,454,28900,0.014,32544,/home/amos/media/tv/White.Collar.S01-S06.1080p.BluRay.x265-RARBG/White.Collar.S06.1080p.WEBRip.x265-RARBG/White.Collar.S06E04.1080p.WEBRip.x265-RARBG.mp4,6,4,1358522,data/encodings/1358522/1358522_S06E04_32544_0.npy
1688,1080,1920,1,434,638,223,427,41616,0.02,32544,/home/amos/media/tv/White.Collar.S01-S06.1080p.BluRay.x265-RARBG/White.Collar.S06.1080p.WEBRip.x265-RARBG/White.Collar.S06E04.1080p.WEBRip.x265-RARBG.mp4,6,4,1358522,data/encodings/1358522/1358522_S06E04_32544_1.npy
1689,1080,1920,0,1129,1299,284,454,28900,0.014,32568,/home/amos/media/tv/White.Collar.S01-S06.1080p.BluRay.x265-RARBG/White.Collar.S06.1080p.WEBRip.x265-RARBG/White.Collar.S06E04.1080p.WEBRip.x265-RARBG.mp4,6,4,1358522,data/encodings/1358522/1358522_S06E04_32568_0.npy
1690,1080,1920,1,331,535,264,468,41616,0.02,32568,/home/amos/media/tv/White.Collar.S01-S06.1080p.BluRay.x265-RARBG/White.Collar.S06.1080p.WEBRip.x265-RARBG/White.Collar.S06E04.1080p.WEBRip.x265-RARBG.mp4,6,4,1358522,data/encodings/1358522/1358522_S06E04_32568_1.npy
1691,1080,1920,0,372,576,244,447,41412,0.02,32592,/home/amos/media/tv/White.Collar.S01-S06.1080p.BluRay.x265-RARBG/White.Collar.S06.1080p.WEBRip.x265-RARBG/White.Collar.S06E04.1080p.WEBRip.x265-RARBG.mp4,6,4,1358522,data/encodings/1358522/1358522_S06E04_32592_0.npy
1692,1080,1920,1,1112,1281,284,454,28730,0.014,32592,/home/amos/media/tv/White.Collar.S01-S06.1080p.BluRay.x265-RARBG/White.Collar.S06.1080p.WEBRip.x265-RARBG/White.Collar.S06E04.1080p.WEBRip.x265-RARBG.mp4,6,4,1358522,data/encodings/1358522/1358522_S06E04_32592_1.npy
1693,1080,1920,0,393,597,244,447,41412,0.02,32616,/home/amos/media/tv/White.Collar.S01-S06.1080p.BluRay.x265-RARBG/White.Collar.S06.1080p.WEBRip.x265-RARBG/White.Collar.S06E04.1080p.WEBRip.x265-RARBG.mp4,6,4,1358522,data/encodings/1358522/1358522_S06E04_32616_0.npy
1694,1080,1920,1,1094,1264,302,471,28730,0.014,32616,/home/amos/media/tv/White.Collar.S01-S06.1080p.BluRay.x265-RARBG/White.Collar.S06.1080p.WEBRip.x265-RARBG/White.Collar.S06E04.1080p.WEBRip.x265-RARBG.mp4,6,4,1358522,data/encodings/1358522/1358522_S06E04_32616_1.npy
1695,1080,1920,0,331,535,264,468,41616,0.02,32640,/home/amos/media/tv/White.Collar.S01-S06.1080p.BluRay.x265-RARBG/White.Collar.S06.1080p.WEBRip.x265-RARBG/White.Collar.S06E04.1080p.WEBRip.x265-RARBG.mp4,6,4,1358522,data/encodings/1358522/1358522_S06E04_32640_0.npy
1696,1080,1920,1,1112,1281,284,454,28730,0.014,32640,/home/amos/media/tv/White.Collar.S01-S06.1080p.BluRay.x265-RARBG/White.Collar.S06.1080p.WEBRip.x265-RARBG/White.Collar.S06E04.1080p.WEBRip.x265-RARBG.mp4,6,4,1358522,data/encodings/1358522/1358522_S06E04_32640_1.npy
1697,1080,1920,0,1031,1324,225,519,86142,0.042,32664,/home/amos/media/tv/White.Collar.S01-S06.1080p.BluRay.x265-RARBG/White.Collar.S06.1080p.WEBRip.x265-RARBG/White.Collar.S06E04.1080p.WEBRip.x265-RARBG.mp4,6,4,1358522,data/encodings/1358522/1358522_S06E04_32664_0.npy
1698,1080,1920,1,699,869,370,540,28900,0.014,32664,/home/amos/media/tv/White.Collar.S01-S06.1080p.BluRay.x265-RARBG/White.Collar.S06.1080p.WEBRip.x265-RARBG/White.Collar.S06E04.1080p.WEBRip.x265-RARBG.mp4,6,4,1358522,data/encodings/1358522/1358522_S06E04_32664_1.npy
1699,1080,1920,0,1120,1413,166,459,85849,0.041,32688,/home/amos/media/tv/White.Collar.S01-S06.1080p.BluRay.x265-RARBG/White.Collar.S06.1080p.WEBRip.x265-RARBG/White.Collar.S06E04.1080p.WEBRip.x265-RARBG.mp4,6,4,1358522,data/encodings/1358522/1358522_S06E04_32688_0.npy
1700,1080,1920,0,1120,1413,195,489,86142,0.042,32712,/home/amos/media/tv/White.Collar.S01-S06.1080p.BluRay.x265-RARBG/White.Collar.S06.1080p.WEBRip.x265-RARBG/White.Collar.S06E04.1080p.WEBRip.x265-RARBG.mp4,6,4,1358522,data/encodings/1358522/1358522_S06E04_32712_0.npy
1701,1080,1920,0,1090,1384,195,489,86436,0.042,32736,/home/amos/media/tv/White.Collar.S01-S06.1080p.BluRay.x265-RARBG/White.Collar.S06.1080p.WEBRip.x265-RARBG/White.Collar.S06E04.1080p.WEBRip.x265-RARBG.mp4,6,4,1358522,data/encodings/1358522/1358522_S06E04_32736_0.npy
1702,1080,1920,0,492,662,181,351,28900,0.014,32760,/home/amos/media/tv/White.Collar.S01-S06.1080p.BluRay.x265-RARBG/White.Collar.S06.1080p.WEBRip.x265-RARBG/White.Collar.S06E04.1080p.WEBRip.x265-RARBG.mp4,6,4,1358522,data/encodings/1358522/1358522_S06E04_32760_0.npy
1703,1080,1920,1,1189,1331,226,368,20164,0.01,32760,/home/amos/media/tv/White.Collar.S01-S06.1080p.BluRay.x265-RARBG/White.Collar.S06.1080p.WEBRip.x265-RARBG/White.Collar.S06E04.1080p.WEBRip.x265-RARBG.mp4,6,4,1358522,data/encodings/1358522/1358522_S06E04_32760_1.npy
1704,1080,1920,0,487,629,183,325,20164,0.01,32784,/home/amos/media/tv/White.Collar.S01-S06.1080p.BluRay.x265-RARBG/White.Collar.S06.1080p.WEBRip.x265-RARBG/White.Collar.S06E04.1080p.WEBRip.x265-RARBG.mp4,6,4,1358522,data/encodings/1358522/1358522_S06E04_32784_0.npy
1705,1080,1920,1,1180,1350,216,385,28730,0.014,32784,/home/amos/media/tv/White.Collar.S01-S06.1080p.BluRay.x265-RARBG/White.Collar.S06.1080p.WEBRip.x265-RARBG/White.Collar.S06E04.1080p.WEBRip.x265-RARBG.mp4,6,4,1358522,data/encodings/1358522/1358522_S06E04_32784_1.npy
1706,1080,1920,0,1163,1333,233,403,28900,0.014,32808,/home/amos/media/tv/White.Collar.S01-S06.1080p.BluRay.x265-RARBG/White.Collar.S06.1080p.WEBRip.x265-RARBG/White.Collar.S06E04.1080p.WEBRip.x265-RARBG.mp4,6,4,1358522,data/encodings/1358522/1358522_S06E04_32808_0.npy
1707,1080,1920,1,559,700,212,353,19881,0.01,32808,/home/amos/media/tv/White.Collar.S01-S06.1080p.BluRay.x265-RARBG/White.Collar.S06.1080p.WEBRip.x265-RARBG/White.Collar.S06E04.1080p.WEBRip.x265-RARBG.mp4,6,4,1358522,data/encodings/1358522/1358522_S06E04_32808_1.npy
1708,1080,1920,0,1198,1367,216,385,28561,0.014,32832,/home/amos/media/tv/White.Collar.S01-S06.1080p.BluRay.x265-RARBG/White.Collar.S06.1080p.WEBRip.x265-RARBG/White.Collar.S06E04.1080p.WEBRip.x265-RARBG.mp4,6,4,1358522,data/encodings/1358522/1358522_S06E04_32832_0.npy
1709,1080,1920,1,544,686,212,353,20022,0.01,32832,/home/amos/media/tv/White.Collar.S01-S06.1080p.BluRay.x265-RARBG/White.Collar.S06.1080p.WEBRip.x265-RARBG/White.Collar.S06E04.1080p.WEBRip.x265-RARBG.mp4,6,4,1358522,data/encodings/1358522/1358522_S06E04_32832_1.npy
1710,1080,1920,0,1215,1385,233,403,28900,0.014,32856,/home/amos/media/tv/White.Collar.S01-S06.1080p.BluRay.x265-RARBG/White.Collar.S06.1080p.WEBRip.x265-RARBG/White.Collar.S06E04.1080p.WEBRip.x265-RARBG.mp4,6,4,1358522,data/encodings/1358522/1358522_S06E04_32856_0.npy
1711,1080,1920,1,573,715,212,353,20022,0.01,32856,/home/amos/media/tv/White.Collar.S01-S06.1080p.BluRay.x265-RARBG/White.Collar.S06.1080p.WEBRip.x265-RARBG/White.Collar.S06E04.1080p.WEBRip.x265-RARBG.mp4,6,4,1358522,data/encodings/1358522/1358522_S06E04_32856_1.npy
1712,1080,1920,0,1232,1402,216,385,28730,0.014,32880,/home/amos/media/tv/White.Collar.S01-S06.1080p.BluRay.x265-RARBG/White.Collar.S06.1080p.WEBRip.x265-RARBG/White.Collar.S06E04.1080p.WEBRip.x265-RARBG.mp4,6,4,1358522,data/encodings/1358522/1358522_S06E04_32880_0.npy
1713,1080,1920,1,587,729,197,339,20164,0.01,32880,/home/amos/media/tv/White.Collar.S01-S06.1080p.BluRay.x265-RARBG/White.Collar.S06.1080p.WEBRip.x265-RARBG/White.Collar.S06E04.1080p.WEBRip.x265-RARBG.mp4,6,4,1358522,data/encodings/1358522/1358522_S06E04_32880_1.npy
1714,1080,1920,0,1146,1316,267,437,28900,0.014,32904,/home/amos/media/tv/White.Collar.S01-S06.1080p.BluRay.x265-RARBG/White.Collar.S06.1080p.WEBRip.x265-RARBG/White.Collar.S06E04.1080p.WEBRip.x265-RARBG.mp4,6,4,1358522,data/encodings/1358522/1358522_S06E04_32904_0.npy
1715,1080,1920,1,616,758,197,339,20164,0.01,32904,/home/amos/media/tv/White.Collar.S01-S06.1080p.BluRay.x265-RARBG/White.Collar.S06.1080p.WEBRip.x265-RARBG/White.Collar.S06E04.1080p.WEBRip.x265-RARBG.mp4,6,4,1358522,data/encodings/1358522/1358522_S06E04_32904_1.npy
1716,1080,1920,0,596,766,147,317,28900,0.014,32928,/home/amos/media/tv/White.Collar.S01-S06.1080p.BluRay.x265-RARBG/White.Collar.S06.1080p.WEBRip.x265-RARBG/White.Collar.S06E04.1080p.WEBRip.x265-RARBG.mp4,6,4,1358522,data/encodings/1358522/1358522_S06E04_32928_0.npy
1717,1080,1920,1,1218,1422,182,385,41412,0.02,32928,/home/amos/media/tv/White.Collar.S01-S06.1080p.BluRay.x265-RARBG/White.Collar.S06.1080p.WEBRip.x265-RARBG/White.Collar.S06E04.1080p.WEBRip.x265-RARBG.mp4,6,4,1358522,data/encodings/1358522/1358522_S06E04_32928_1.npy
1718,1080,1920,2,1766,1884,279,397,13924,0.007,32928,/home/amos/media/tv/White.Collar.S01-S06.1080p.BluRay.x265-RARBG/White.Collar.S06.1080p.WEBRip.x265-RARBG/White.Collar.S06E04.1080p.WEBRip.x265-RARBG.mp4,6,4,1358522,data/encodings/1358522/1358522_S06E04_32928_2.npy
1719,1080,1920,0,630,772,183,325,20164,0.01,32952,/home/amos/media/tv/White.Collar.S01-S06.1080p.BluRay.x265-RARBG/White.Collar.S06.1080p.WEBRip.x265-RARBG/White.Collar.S06E04.1080p.WEBRip.x265-RARBG.mp4,6,4,1358522,data/encodings/1358522/1358522_S06E04_32952_0.npy
1720,1080,1920,1,1218,1422,161,365,41616,0.02,32952,/home/amos/media/tv/White.Collar.S01-S06.1080p.BluRay.x265-RARBG/White.Collar.S06.1080p.WEBRip.x265-RARBG/White.Collar.S06E04.1080p.WEBRip.x265-RARBG.mp4,6,4,1358522,data/encodings/1358522/1358522_S06E04_32952_1.npy
1721,1080,1920,0,1084,1182,168,266,9604,0.005,32976,/home/amos/media/tv/White.Collar.S01-S06.1080p.BluRay.x265-RARBG/White.Collar.S06.1080p.WEBRip.x265-RARBG/White.Collar.S06E04.1080p.WEBRip.x265-RARBG.mp4,6,4,1358522,data/encodings/1358522/1358522_S06E04_32976_0.npy
1722,1080,1920,1,696,794,208,306,9604,0.005,32976,/home/amos/media/tv/White.Collar.S01-S06.1080p.BluRay.x265-RARBG/White.Collar.S06.1080p.WEBRip.x265-RARBG/White.Collar.S06E04.1080p.WEBRip.x265-RARBG.mp4,6,4,1358522,data/encodings/1358522/1358522_S06E04_32976_1.npy
1723,1080,1920,0,1204,1302,217,316,9702,0.005,33000,/home/amos/media/tv/White.Collar.S01-S06.1080p.BluRay.x265-RARBG/White.Collar.S06.1080p.WEBRip.x265-RARBG/White.Collar.S06E04.1080p.WEBRip.x265-RARBG.mp4,6,4,1358522,data/encodings/1358522/1358522_S06E04_33000_0.npy
1724,1080,1920,1,786,884,247,346,9702,0.005,33000,/home/amos/media/tv/White.Collar.S01-S06.1080p.BluRay.x265-RARBG/White.Collar.S06.1080p.WEBRip.x265-RARBG/White.Collar.S06E04.1080p.WEBRip.x265-RARBG.mp4,6,4,1358522,data/encodings/1358522/1358522_S06E04_33000_1.npy
1725,1080,1920,0,1174,1272,208,306,9604,0.005,33024,/home/amos/media/tv/White.Collar.S01-S06.1080p.BluRay.x265-RARBG/White.Collar.S06.1080p.WEBRip.x265-RARBG/White.Collar.S06E04.1080p.WEBRip.x265-RARBG.mp4,6,4,1358522,data/encodings/1358522/1358522_S06E04_33024_0.npy
1726,1080,1920,1,1013,1131,184,302,13924,0.007,33024,/home/amos/media/tv/White.Collar.S01-S06.1080p.BluRay.x265-RARBG/White.Collar.S06.1080p.WEBRip.x265-RARBG/White.Collar.S06E04.1080p.WEBRip.x265-RARBG.mp4,6,4,1358522,data/encodings/1358522/1358522_S06E04_33024_1.npy
1727,1080,1920,2,786,904,219,337,13924,0.007,33024,/home/amos/media/tv/White.Collar.S01-S06.1080p.BluRay.x265-RARBG/White.Collar.S06.1080p.WEBRip.x265-RARBG/White.Collar.S06E04.1080p.WEBRip.x265-RARBG.mp4,6,4,1358522,data/encodings/1358522/1358522_S06E04_33024_2.npy
1728,1080,1920,0,70,188,196,314,13924,0.007,33048,/home/amos/media/tv/White.Collar.S01-S06.1080p.BluRay.x265-RARBG/White.Collar.S06.1080p.WEBRip.x265-RARBG/White.Collar.S06E04.1080p.WEBRip.x265-RARBG.mp4,6,4,1358522,data/encodings/1358522/1358522_S06E04_33048_0.npy
1729,1080,1920,0,1121,1239,172,290,13924,0.007,33072,/home/amos/media/tv/White.Collar.S01-S06.1080p.BluRay.x265-RARBG/White.Collar.S06.1080p.WEBRip.x265-RARBG/White.Collar.S06E04.1080p.WEBRip.x265-RARBG.mp4,6,4,1358522,data/encodings/1358522/1358522_S06E04_33072_0.npy
1730,1080,1920,1,82,200,172,290,13924,0.007,33072,/home/amos/media/tv/White.Collar.S01-S06.1080p.BluRay.x265-RARBG/White.Collar.S06.1080p.WEBRip.x265-RARBG/White.Collar.S06E04.1080p.WEBRip.x265-RARBG.mp4,6,4,1358522,data/encodings/1358522/1358522_S06E04_33072_1.npy
1731,1080,1920,2,1013,1131,160,278,13924,0.007,33072,/home/amos/media/tv/White.Collar.S01-S06.1080p.BluRay.x265-RARBG/White.Collar.S06.1080p.WEBRip.x265-RARBG/White.Collar.S06E04.1080p.WEBRip.x265-RARBG.mp4,6,4,1358522,data/encodings/1358522/1358522_S06E04_33072_2.npy
1732,1080,1920,3,762,880,196,314,13924,0.007,33072,/home/amos/media/tv/White.Collar.S01-S06.1080p.BluRay.x265-RARBG/White.Collar.S06.1080p.WEBRip.x265-RARBG/White.Collar.S06E04.1080p.WEBRip.x265-RARBG.mp4,6,4,1358522,data/encodings/1358522/1358522_S06E04_33072_3.npy
1733,1080,1920,0,1090,1384,285,578,86142,0.042,33096,/home/amos/media/tv/White.Collar.S01-S06.1080p.BluRay.x265-RARBG/White.Collar.S06.1080p.WEBRip.x265-RARBG/White.Collar.S06E04.1080p.WEBRip.x265-RARBG.mp4,6,4,1358522,data/encodings/1358522/1358522_S06E04_33096_0.npy
1734,1080,1920,0,1239,1532,314,608,86142,0.042,33120,/home/amos/media/tv/White.Collar.S01-S06.1080p.BluRay.x265-RARBG/White.Collar.S06.1080p.WEBRip.x265-RARBG/White.Collar.S06E04.1080p.WEBRip.x265-RARBG.mp4,6,4,1358522,data/encodings/1358522/1358522_S06E04_33120_0.npy
1735,1080,1920,0,691,1198,210,717,257049,0.124,33144,/home/amos/media/tv/White.Collar.S01-S06.1080p.BluRay.x265-RARBG/White.Collar.S06.1080p.WEBRip.x265-RARBG/White.Collar.S06E04.1080p.WEBRip.x265-RARBG.mp4,6,4,1358522,data/encodings/1358522/1358522_S06E04_33144_0.npy
1736,1080,1920,0,743,1250,210,717,257049,0.124,33168,/home/amos/media/tv/White.Collar.S01-S06.1080p.BluRay.x265-RARBG/White.Collar.S06.1080p.WEBRip.x265-RARBG/White.Collar.S06E04.1080p.WEBRip.x265-RARBG.mp4,6,4,1358522,data/encodings/1358522/1358522_S06E04_33168_0.npy
1737,1080,1920,0,372,576,202,406,41616,0.02,33192,/home/amos/media/tv/White.Collar.S01-S06.1080p.BluRay.x265-RARBG/White.Collar.S06.1080p.WEBRip.x265-RARBG/White.Collar.S06E04.1080p.WEBRip.x265-RARBG.mp4,6,4,1358522,data/encodings/1358522/1358522_S06E04_33192_0.npy
1738,1080,1920,0,207,411,161,365,41616,0.02,33216,/home/amos/media/tv/White.Collar.S01-S06.1080p.BluRay.x265-RARBG/White.Collar.S06.1080p.WEBRip.x265-RARBG/White.Collar.S06E04.1080p.WEBRip.x265-RARBG.mp4,6,4,1358522,data/encodings/1358522/1358522_S06E04_33216_0.npy
1739,1080,1920,1,874,1016,240,382,20164,0.01,33216,/home/amos/media/tv/White.Collar.S01-S06.1080p.BluRay.x265-RARBG/White.Collar.S06.1080p.WEBRip.x265-RARBG/White.Collar.S06E04.1080p.WEBRip.x265-RARBG.mp4,6,4,1358522,data/encodings/1358522/1358522_S06E04_33216_1.npy
1740,1080,1920,0,212,635,261,683,178506,0.086,33360,/home/amos/media/tv/White.Collar.S01-S06.1080p.BluRay.x265-RARBG/White.Collar.S06.1080p.WEBRip.x265-RARBG/White.Collar.S06E04.1080p.WEBRip.x265-RARBG.mp4,6,4,1358522,data/encodings/1358522/1358522_S06E04_33360_0.npy
1741,1080,1920,0,319,671,315,667,123904,0.06,33384,/home/amos/media/tv/White.Collar.S01-S06.1080p.BluRay.x265-RARBG/White.Collar.S06.1080p.WEBRip.x265-RARBG/White.Collar.S06E04.1080p.WEBRip.x265-RARBG.mp4,6,4,1358522,data/encodings/1358522/1358522_S06E04_33384_0.npy
1742,1080,1920,0,1301,1505,161,365,41616,0.02,33408,/home/amos/media/tv/White.Collar.S01-S06.1080p.BluRay.x265-RARBG/White.Collar.S06.1080p.WEBRip.x265-RARBG/White.Collar.S06E04.1080p.WEBRip.x265-RARBG.mp4,6,4,1358522,data/encodings/1358522/1358522_S06E04_33408_0.npy
1743,1080,1920,1,166,370,140,344,41616,0.02,33408,/home/amos/media/tv/White.Collar.S01-S06.1080p.BluRay.x265-RARBG/White.Collar.S06.1080p.WEBRip.x265-RARBG/White.Collar.S06E04.1080p.WEBRip.x265-RARBG.mp4,6,4,1358522,data/encodings/1358522/1358522_S06E04_33408_1.npy
1744,1080,1920,2,716,858,269,411,20164,0.01,33408,/home/amos/media/tv/White.Collar.S01-S06.1080p.BluRay.x265-RARBG/White.Collar.S06.1080p.WEBRip.x265-RARBG/White.Collar.S06E04.1080p.WEBRip.x265-RARBG.mp4,6,4,1358522,data/encodings/1358522/1358522_S06E04_33408_2.npy
1745,1080,1920,3,1013,1131,327,445,13924,0.007,33408,/home/amos/media/tv/White.Collar.S01-S06.1080p.BluRay.x265-RARBG/White.Collar.S06.1080p.WEBRip.x265-RARBG/White.Collar.S06E04.1080p.WEBRip.x265-RARBG.mp4,6,4,1358522,data/encodings/1358522/1358522_S06E04_33408_3.npy
1746,1080,1920,0,1178,1422,206,450,59536,0.029,33432,/home/amos/media/tv/White.Collar.S01-S06.1080p.BluRay.x265-RARBG/White.Collar.S06.1080p.WEBRip.x265-RARBG/White.Collar.S06E04.1080p.WEBRip.x265-RARBG.mp4,6,4,1358522,data/encodings/1358522/1358522_S06E04_33432_0.npy
1747,1080,1920,1,647,817,302,471,28730,0.014,33432,/home/amos/media/tv/White.Collar.S01-S06.1080p.BluRay.x265-RARBG/White.Collar.S06.1080p.WEBRip.x265-RARBG/White.Collar.S06E04.1080p.WEBRip.x265-RARBG.mp4,6,4,1358522,data/encodings/1358522/1358522_S06E04_33432_1.npy
1748,1080,1920,2,954,1071,327,445,13806,0.007,33432,/home/amos/media/tv/White.Collar.S01-S06.1080p.BluRay.x265-RARBG/White.Collar.S06.1080p.WEBRip.x265-RARBG/White.Collar.S06E04.1080p.WEBRip.x265-RARBG.mp4,6,4,1358522,data/encodings/1358522/1358522_S06E04_33432_2.npy
1749,1080,1920,3,145,349,182,385,41412,0.02,33432,/home/amos/media/tv/White.Collar.S01-S06.1080p.BluRay.x265-RARBG/White.Collar.S06.1080p.WEBRip.x265-RARBG/White.Collar.S06E04.1080p.WEBRip.x265-RARBG.mp4,6,4,1358522,data/encodings/1358522/1358522_S06E04_33432_3.npy
1750,1080,1920,0,1198,1401,182,385,41209,0.02,33456,/home/amos/media/tv/White.Collar.S01-S06.1080p.BluRay.x265-RARBG/White.Collar.S06.1080p.WEBRip.x265-RARBG/White.Collar.S06E04.1080p.WEBRip.x265-RARBG.mp4,6,4,1358522,data/encodings/1358522/1358522_S06E04_33456_0.npy
1751,1080,1920,1,104,308,182,385,41412,0.02,33456,/home/amos/media/tv/White.Collar.S01-S06.1080p.BluRay.x265-RARBG/White.Collar.S06.1080p.WEBRip.x265-RARBG/White.Collar.S06E04.1080p.WEBRip.x265-RARBG.mp4,6,4,1358522,data/encodings/1358522/1358522_S06E04_33456_1.npy
1752,1080,1920,2,930,1048,351,469,13924,0.007,33456,/home/amos/media/tv/White.Collar.S01-S06.1080p.BluRay.x265-RARBG/White.Collar.S06.1080p.WEBRip.x265-RARBG/White.Collar.S06E04.1080p.WEBRip.x265-RARBG.mp4,6,4,1358522,data/encodings/1358522/1358522_S06E04_33456_2.npy
1753,1080,1920,0,1090,1384,344,637,86142,0.042,33528,/home/amos/media/tv/White.Collar.S01-S06.1080p.BluRay.x265-RARBG/White.Collar.S06.1080p.WEBRip.x265-RARBG/White.Collar.S06E04.1080p.WEBRip.x265-RARBG.mp4,6,4,1358522,data/encodings/1358522/1358522_S06E04_33528_0.npy
1754,1080,1920,0,854,1277,346,769,178929,0.086,33552,/home/amos/media/tv/White.Collar.S01-S06.1080p.BluRay.x265-RARBG/White.Collar.S06.1080p.WEBRip.x265-RARBG/White.Collar.S06E04.1080p.WEBRip.x265-RARBG.mp4,6,4,1358522,data/encodings/1358522/1358522_S06E04_33552_0.npy
1755,1080,1920,0,1044,1143,198,296,9702,0.005,33576,/home/amos/media/tv/White.Collar.S01-S06.1080p.BluRay.x265-RARBG/White.Collar.S06.1080p.WEBRip.x265-RARBG/White.Collar.S06E04.1080p.WEBRip.x265-RARBG.mp4,6,4,1358522,data/encodings/1358522/1358522_S06E04_33576_0.npy
1756,1080,1920,1,686,784,217,316,9702,0.005,33576,/home/amos/media/tv/White.Collar.S01-S06.1080p.BluRay.x265-RARBG/White.Collar.S06.1080p.WEBRip.x265-RARBG/White.Collar.S06E04.1080p.WEBRip.x265-RARBG.mp4,6,4,1358522,data/encodings/1358522/1358522_S06E04_33576_1.npy
1757,1080,1920,0,1139,1491,30,382,123904,0.06,33600,/home/amos/media/tv/White.Collar.S01-S06.1080p.BluRay.x265-RARBG/White.Collar.S06.1080p.WEBRip.x265-RARBG/White.Collar.S06E04.1080p.WEBRip.x265-RARBG.mp4,6,4,1358522,data/encodings/1358522/1358522_S06E04_33600_0.npy
1758,1080,1920,0,517,720,306,509,41209,0.02,33624,/home/amos/media/tv/White.Collar.S01-S06.1080p.BluRay.x265-RARBG/White.Collar.S06.1080p.WEBRip.x265-RARBG/White.Collar.S06E04.1080p.WEBRip.x265-RARBG.mp4,6,4,1358522,data/encodings/1358522/1358522_S06E04_33624_0.npy
1759,1080,1920,1,1387,1557,336,506,28900,0.014,33624,/home/amos/media/tv/White.Collar.S01-S06.1080p.BluRay.x265-RARBG/White.Collar.S06.1080p.WEBRip.x265-RARBG/White.Collar.S06E04.1080p.WEBRip.x265-RARBG.mp4,6,4,1358522,data/encodings/1358522/1358522_S06E04_33624_1.npy
1760,1080,1920,0,1269,1562,225,519,86142,0.042,33648,/home/amos/media/tv/White.Collar.S01-S06.1080p.BluRay.x265-RARBG/White.Collar.S06.1080p.WEBRip.x265-RARBG/White.Collar.S06E04.1080p.WEBRip.x265-RARBG.mp4,6,4,1358522,data/encodings/1358522/1358522_S06E04_33648_0.npy
1761,1080,1920,1,802,972,336,506,28900,0.014,33648,/home/amos/media/tv/White.Collar.S01-S06.1080p.BluRay.x265-RARBG/White.Collar.S06.1080p.WEBRip.x265-RARBG/White.Collar.S06E04.1080p.WEBRip.x265-RARBG.mp4,6,4,1358522,data/encodings/1358522/1358522_S06E04_33648_1.npy
1762,1080,1920,0,578,782,347,551,41616,0.02,33672,/home/amos/media/tv/White.Collar.S01-S06.1080p.BluRay.x265-RARBG/White.Collar.S06.1080p.WEBRip.x265-RARBG/White.Collar.S06E04.1080p.WEBRip.x265-RARBG.mp4,6,4,1358522,data/encodings/1358522/1358522_S06E04_33672_0.npy
1763,1080,1920,1,1318,1488,336,506,28900,0.014,33672,/home/amos/media/tv/White.Collar.S01-S06.1080p.BluRay.x265-RARBG/White.Collar.S06.1080p.WEBRip.x265-RARBG/White.Collar.S06E04.1080p.WEBRip.x265-RARBG.mp4,6,4,1358522,data/encodings/1358522/1358522_S06E04_33672_1.npy
1764,1080,1920,0,1507,1711,471,674,41412,0.02,33696,/home/amos/media/tv/White.Collar.S01-S06.1080p.BluRay.x265-RARBG/White.Collar.S06.1080p.WEBRip.x265-RARBG/White.Collar.S06E04.1080p.WEBRip.x265-RARBG.mp4,6,4,1358522,data/encodings/1358522/1358522_S06E04_33696_0.npy
1765,1080,1920,0,723,927,326,530,41616,0.02,33720,/home/amos/media/tv/White.Collar.S01-S06.1080p.BluRay.x265-RARBG/White.Collar.S06.1080p.WEBRip.x265-RARBG/White.Collar.S06E04.1080p.WEBRip.x265-RARBG.mp4,6,4,1358522,data/encodings/1358522/1358522_S06E04_33720_0.npy
1766,1080,1920,0,682,927,330,574,59780,0.029,33744,/home/amos/media/tv/White.Collar.S01-S06.1080p.BluRay.x265-RARBG/White.Collar.S06.1080p.WEBRip.x265-RARBG/White.Collar.S06E04.1080p.WEBRip.x265-RARBG.mp4,6,4,1358522,data/encodings/1358522/1358522_S06E04_33744_0.npy
1767,1080,1920,0,906,1024,434,552,13924,0.007,33768,/home/amos/media/tv/White.Collar.S01-S06.1080p.BluRay.x265-RARBG/White.Collar.S06.1080p.WEBRip.x265-RARBG/White.Collar.S06E04.1080p.WEBRip.x265-RARBG.mp4,6,4,1358522,data/encodings/1358522/1358522_S06E04_33768_0.npy
1768,1080,1920,1,1064,1163,536,634,9702,0.005,33768,/home/amos/media/tv/White.Collar.S01-S06.1080p.BluRay.x265-RARBG/White.Collar.S06.1080p.WEBRip.x265-RARBG/White.Collar.S06E04.1080p.WEBRip.x265-RARBG.mp4,6,4,1358522,data/encodings/1358522/1358522_S06E04_33768_1.npy
1769,1080,1920,2,1737,1819,478,559,6642,0.003,33768,/home/amos/media/tv/White.Collar.S01-S06.1080p.BluRay.x265-RARBG/White.Collar.S06.1080p.WEBRip.x265-RARBG/White.Collar.S06E04.1080p.WEBRip.x265-RARBG.mp4,6,4,1358522,data/encodings/1358522/1358522_S06E04_33768_2.npy
1770,1080,1920,0,894,1012,458,576,13924,0.007,33792,/home/amos/media/tv/White.Collar.S01-S06.1080p.BluRay.x265-RARBG/White.Collar.S06.1080p.WEBRip.x265-RARBG/White.Collar.S06E04.1080p.WEBRip.x265-RARBG.mp4,6,4,1358522,data/encodings/1358522/1358522_S06E04_33792_0.npy
1771,1080,1920,1,1074,1172,556,654,9604,0.005,33792,/home/amos/media/tv/White.Collar.S01-S06.1080p.BluRay.x265-RARBG/White.Collar.S06.1080p.WEBRip.x265-RARBG/White.Collar.S06E04.1080p.WEBRip.x265-RARBG.mp4,6,4,1358522,data/encodings/1358522/1358522_S06E04_33792_1.npy
1772,1080,1920,2,1701,1800,486,584,9702,0.005,33792,/home/amos/media/tv/White.Collar.S01-S06.1080p.BluRay.x265-RARBG/White.Collar.S06.1080p.WEBRip.x265-RARBG/White.Collar.S06E04.1080p.WEBRip.x265-RARBG.mp4,6,4,1358522,data/encodings/1358522/1358522_S06E04_33792_2.npy
1773,1080,1920,0,985,1083,526,624,9604,0.005,33816,/home/amos/media/tv/White.Collar.S01-S06.1080p.BluRay.x265-RARBG/White.Collar.S06.1080p.WEBRip.x265-RARBG/White.Collar.S06E04.1080p.WEBRip.x265-RARBG.mp4,6,4,1358522,data/encodings/1358522/1358522_S06E04_33816_0.npy
1774,1080,1920,1,805,904,446,545,9801,0.005,33816,/home/amos/media/tv/White.Collar.S01-S06.1080p.BluRay.x265-RARBG/White.Collar.S06.1080p.WEBRip.x265-RARBG/White.Collar.S06E04.1080p.WEBRip.x265-RARBG.mp4,6,4,1358522,data/encodings/1358522/1358522_S06E04_33816_1.npy
1775,1080,1920,2,798,916,172,290,13924,0.007,33816,/home/amos/media/tv/White.Collar.S01-S06.1080p.BluRay.x265-RARBG/White.Collar.S06.1080p.WEBRip.x265-RARBG/White.Collar.S06E04.1080p.WEBRip.x265-RARBG.mp4,6,4,1358522,data/encodings/1358522/1358522_S06E04_33816_2.npy
1776,1080,1920,0,596,695,456,555,9801,0.005,33840,/home/amos/media/tv/White.Collar.S01-S06.1080p.BluRay.x265-RARBG/White.Collar.S06.1080p.WEBRip.x265-RARBG/White.Collar.S06E04.1080p.WEBRip.x265-RARBG.mp4,6,4,1358522,data/encodings/1358522/1358522_S06E04_33840_0.npy
1777,1080,1920,1,348,446,486,584,9604,0.005,33840,/home/amos/media/tv/White.Collar.S01-S06.1080p.BluRay.x265-RARBG/White.Collar.S06.1080p.WEBRip.x265-RARBG/White.Collar.S06E04.1080p.WEBRip.x265-RARBG.mp4,6,4,1358522,data/encodings/1358522/1358522_S06E04_33840_1.npy
1778,1080,1920,2,1820,1902,469,551,6724,0.003,33840,/home/amos/media/tv/White.Collar.S01-S06.1080p.BluRay.x265-RARBG/White.Collar.S06.1080p.WEBRip.x265-RARBG/White.Collar.S06E04.1080p.WEBRip.x265-RARBG.mp4,6,4,1358522,data/encodings/1358522/1358522_S06E04_33840_2.npy
1779,1080,1920,0,557,655,526,624,9604,0.005,33864,/home/amos/media/tv/White.Collar.S01-S06.1080p.BluRay.x265-RARBG/White.Collar.S06.1080p.WEBRip.x265-RARBG/White.Collar.S06E04.1080p.WEBRip.x265-RARBG.mp4,6,4,1358522,data/encodings/1358522/1358522_S06E04_33864_0.npy
1780,1080,1920,1,356,474,446,564,13924,0.007,33864,/home/amos/media/tv/White.Collar.S01-S06.1080p.BluRay.x265-RARBG/White.Collar.S06.1080p.WEBRip.x265-RARBG/White.Collar.S06E04.1080p.WEBRip.x265-RARBG.mp4,6,4,1358522,data/encodings/1358522/1358522_S06E04_33864_1.npy
1781,1080,1920,2,119,217,476,575,9702,0.005,33864,/home/amos/media/tv/White.Collar.S01-S06.1080p.BluRay.x265-RARBG/White.Collar.S06.1080p.WEBRip.x265-RARBG/White.Collar.S06E04.1080p.WEBRip.x265-RARBG.mp4,6,4,1358522,data/encodings/1358522/1358522_S06E04_33864_2.npy
1782,1080,1920,0,1040,1122,469,551,6724,0.003,33888,/home/amos/media/tv/White.Collar.S01-S06.1080p.BluRay.x265-RARBG/White.Collar.S06.1080p.WEBRip.x265-RARBG/White.Collar.S06E04.1080p.WEBRip.x265-RARBG.mp4,6,4,1358522,data/encodings/1358522/1358522_S06E04_33888_0.npy
1783,1080,1920,1,573,715,427,568,20022,0.01,33888,/home/amos/media/tv/White.Collar.S01-S06.1080p.BluRay.x265-RARBG/White.Collar.S06.1080p.WEBRip.x265-RARBG/White.Collar.S06E04.1080p.WEBRip.x265-RARBG.mp4,6,4,1358522,data/encodings/1358522/1358522_S06E04_33888_1.npy
1784,1080,1920,2,237,355,423,540,13806,0.007,33888,/home/amos/media/tv/White.Collar.S01-S06.1080p.BluRay.x265-RARBG/White.Collar.S06.1080p.WEBRip.x265-RARBG/White.Collar.S06E04.1080p.WEBRip.x265-RARBG.mp4,6,4,1358522,data/encodings/1358522/1358522_S06E04_33888_2.npy
1785,1080,1920,0,1057,1138,403,485,6642,0.003,33912,/home/amos/media/tv/White.Collar.S01-S06.1080p.BluRay.x265-RARBG/White.Collar.S06.1080p.WEBRip.x265-RARBG/White.Collar.S06E04.1080p.WEBRip.x265-RARBG.mp4,6,4,1358522,data/encodings/1358522/1358522_S06E04_33912_0.npy
1786,1080,1920,1,457,555,446,545,9702,0.005,33912,/home/amos/media/tv/White.Collar.S01-S06.1080p.BluRay.x265-RARBG/White.Collar.S06.1080p.WEBRip.x265-RARBG/White.Collar.S06E04.1080p.WEBRip.x265-RARBG.mp4,6,4,1358522,data/encodings/1358522/1358522_S06E04_33912_1.npy
1787,1080,1920,2,688,829,341,482,19881,0.01,33912,/home/amos/media/tv/White.Collar.S01-S06.1080p.BluRay.x265-RARBG/White.Collar.S06.1080p.WEBRip.x265-RARBG/White.Collar.S06E04.1080p.WEBRip.x265-RARBG.mp4,6,4,1358522,data/encodings/1358522/1358522_S06E04_33912_2.npy
1788,1080,1920,0,691,809,279,397,13924,0.007,33936,/home/amos/media/tv/White.Collar.S01-S06.1080p.BluRay.x265-RARBG/White.Collar.S06.1080p.WEBRip.x265-RARBG/White.Collar.S06E04.1080p.WEBRip.x265-RARBG.mp4,6,4,1358522,data/encodings/1358522/1358522_S06E04_33936_0.npy
1789,1080,1920,1,477,575,367,465,9604,0.005,33936,/home/amos/media/tv/White.Collar.S01-S06.1080p.BluRay.x265-RARBG/White.Collar.S06.1080p.WEBRip.x265-RARBG/White.Collar.S06E04.1080p.WEBRip.x265-RARBG.mp4,6,4,1358522,data/encodings/1358522/1358522_S06E04_33936_1.npy
1790,1080,1920,2,1115,1197,320,402,6724,0.003,33936,/home/amos/media/tv/White.Collar.S01-S06.1080p.BluRay.x265-RARBG/White.Collar.S06.1080p.WEBRip.x265-RARBG/White.Collar.S06E04.1080p.WEBRip.x265-RARBG.mp4,6,4,1358522,data/encodings/1358522/1358522_S06E04_33936_2.npy
1791,1080,1920,0,1090,1384,314,608,86436,0.042,33960,/home/amos/media/tv/White.Collar.S01-S06.1080p.BluRay.x265-RARBG/White.Collar.S06.1080p.WEBRip.x265-RARBG/White.Collar.S06E04.1080p.WEBRip.x265-RARBG.mp4,6,4,1358522,data/encodings/1358522/1358522_S06E04_33960_0.npy
1792,1080,1920,0,1211,1563,315,667,123904,0.06,33984,/home/amos/media/tv/White.Collar.S01-S06.1080p.BluRay.x265-RARBG/White.Collar.S06.1080p.WEBRip.x265-RARBG/White.Collar.S06E04.1080p.WEBRip.x265-RARBG.mp4,6,4,1358522,data/encodings/1358522/1358522_S06E04_33984_0.npy
1793,1080,1920,0,1175,1527,279,632,124256,0.06,34032,/home/amos/media/tv/White.Collar.S01-S06.1080p.BluRay.x265-RARBG/White.Collar.S06.1080p.WEBRip.x265-RARBG/White.Collar.S06E04.1080p.WEBRip.x265-RARBG.mp4,6,4,1358522,data/encodings/1358522/1358522_S06E04_34032_0.npy
1794,1080,1920,0,997,1349,208,560,123904,0.06,34056,/home/amos/media/tv/White.Collar.S01-S06.1080p.BluRay.x265-RARBG/White.Collar.S06.1080p.WEBRip.x265-RARBG/White.Collar.S06E04.1080p.WEBRip.x265-RARBG.mp4,6,4,1358522,data/encodings/1358522/1358522_S06E04_34056_0.npy
1795,1080,1920,0,961,1313,208,560,123904,0.06,34080,/home/amos/media/tv/White.Collar.S01-S06.1080p.BluRay.x265-RARBG/White.Collar.S06.1080p.WEBRip.x265-RARBG/White.Collar.S06E04.1080p.WEBRip.x265-RARBG.mp4,6,4,1358522,data/encodings/1358522/1358522_S06E04_34080_0.npy
1796,1080,1920,0,738,1468,91,821,532900,0.257,34104,/home/amos/media/tv/White.Collar.S01-S06.1080p.BluRay.x265-RARBG/White.Collar.S06.1080p.WEBRip.x265-RARBG/White.Collar.S06E04.1080p.WEBRip.x265-RARBG.mp4,6,4,1358522,data/encodings/1358522/1358522_S06E04_34104_0.npy
1797,1080,1920,0,815,1423,160,769,370272,0.179,34128,/home/amos/media/tv/White.Collar.S01-S06.1080p.BluRay.x265-RARBG/White.Collar.S06.1080p.WEBRip.x265-RARBG/White.Collar.S06E04.1080p.WEBRip.x265-RARBG.mp4,6,4,1358522,data/encodings/1358522/1358522_S06E04_34128_0.npy
1798,1080,1920,0,815,1423,222,830,369664,0.178,34152,/home/amos/media/tv/White.Collar.S01-S06.1080p.BluRay.x265-RARBG/White.Collar.S06.1080p.WEBRip.x265-RARBG/White.Collar.S06E04.1080p.WEBRip.x265-RARBG.mp4,6,4,1358522,data/encodings/1358522/1358522_S06E04_34152_0.npy
1799,1080,1920,0,815,1423,222,830,369664,0.178,34176,/home/amos/media/tv/White.Collar.S01-S06.1080p.BluRay.x265-RARBG/White.Collar.S06.1080p.WEBRip.x265-RARBG/White.Collar.S06E04.1080p.WEBRip.x265-RARBG.mp4,6,4,1358522,data/encodings/1358522/1358522_S06E04_34176_0.npy
1800,1080,1920,0,999,1507,159,666,257556,0.124,34200,/home/amos/media/tv/White.Collar.S01-S06.1080p.BluRay.x265-RARBG/White.Collar.S06.1080p.WEBRip.x265-RARBG/White.Collar.S06E04.1080p.WEBRip.x265-RARBG.mp4,6,4,1358522,data/encodings/1358522/1358522_S06E04_34200_0.npy
1801,1080,1920,0,897,1404,159,666,257049,0.124,34224,/home/amos/media/tv/White.Collar.S01-S06.1080p.BluRay.x265-RARBG/White.Collar.S06.1080p.WEBRip.x265-RARBG/White.Collar.S06E04.1080p.WEBRip.x265-RARBG.mp4,6,4,1358522,data/encodings/1358522/1358522_S06E04_34224_0.npy
1802,1080,1920,0,815,1423,160,769,370272,0.179,34248,/home/amos/media/tv/White.Collar.S01-S06.1080p.BluRay.x265-RARBG/White.Collar.S06.1080p.WEBRip.x265-RARBG/White.Collar.S06E04.1080p.WEBRip.x265-RARBG.mp4,6,4,1358522,data/encodings/1358522/1358522_S06E04_34248_0.npy
1803,1080,1920,0,661,700,573,613,1560,0.001,34392,/home/amos/media/tv/White.Collar.S01-S06.1080p.BluRay.x265-RARBG/White.Collar.S06.1080p.WEBRip.x265-RARBG/White.Collar.S06E04.1080p.WEBRip.x265-RARBG.mp4,6,4,1358522,data/encodings/1358522/1358522_S06E04_34392_0.npy
1804,1080,1920,1,727,784,557,614,3249,0.002,34392,/home/amos/media/tv/White.Collar.S01-S06.1080p.BluRay.x265-RARBG/White.Collar.S06.1080p.WEBRip.x265-RARBG/White.Collar.S06E04.1080p.WEBRip.x265-RARBG.mp4,6,4,1358522,data/encodings/1358522/1358522_S06E04_34392_1.npy
1805,1080,1920,0,652,709,471,528,3249,0.002,34416,/home/amos/media/tv/White.Collar.S01-S06.1080p.BluRay.x265-RARBG/White.Collar.S06.1080p.WEBRip.x265-RARBG/White.Collar.S06E04.1080p.WEBRip.x265-RARBG.mp4,6,4,1358522,data/encodings/1358522/1358522_S06E04_34416_0.npy
1806,1080,1920,1,541,580,509,549,1560,0.001,34416,/home/amos/media/tv/White.Collar.S01-S06.1080p.BluRay.x265-RARBG/White.Collar.S06.1080p.WEBRip.x265-RARBG/White.Collar.S06E04.1080p.WEBRip.x265-RARBG.mp4,6,4,1358522,data/encodings/1358522/1358522_S06E04_34416_1.npy
1807,1080,1920,0,583,640,396,453,3249,0.002,34440,/home/amos/media/tv/White.Collar.S01-S06.1080p.BluRay.x265-RARBG/White.Collar.S06.1080p.WEBRip.x265-RARBG/White.Collar.S06E04.1080p.WEBRip.x265-RARBG.mp4,6,4,1358522,data/encodings/1358522/1358522_S06E04_34440_0.npy
1808,1080,1920,1,467,514,427,474,2209,0.001,34440,/home/amos/media/tv/White.Collar.S01-S06.1080p.BluRay.x265-RARBG/White.Collar.S06.1080p.WEBRip.x265-RARBG/White.Collar.S06E04.1080p.WEBRip.x265-RARBG.mp4,6,4,1358522,data/encodings/1358522/1358522_S06E04_34440_1.npy
1809,1080,1920,0,597,665,422,490,4624,0.002,34464,/home/amos/media/tv/White.Collar.S01-S06.1080p.BluRay.x265-RARBG/White.Collar.S06.1080p.WEBRip.x265-RARBG/White.Collar.S06E04.1080p.WEBRip.x265-RARBG.mp4,6,4,1358522,data/encodings/1358522/1358522_S06E04_34464_0.npy
1810,1080,1920,0,551,633,386,468,6724,0.003,34488,/home/amos/media/tv/White.Collar.S01-S06.1080p.BluRay.x265-RARBG/White.Collar.S06.1080p.WEBRip.x265-RARBG/White.Collar.S06E04.1080p.WEBRip.x265-RARBG.mp4,6,4,1358522,data/encodings/1358522/1358522_S06E04_34488_0.npy
1811,1080,1920,1,445,502,430,487,3249,0.002,34488,/home/amos/media/tv/White.Collar.S01-S06.1080p.BluRay.x265-RARBG/White.Collar.S06.1080p.WEBRip.x265-RARBG/White.Collar.S06E04.1080p.WEBRip.x265-RARBG.mp4,6,4,1358522,data/encodings/1358522/1358522_S06E04_34488_1.npy
1812,1080,1920,0,583,701,339,457,13924,0.007,34512,/home/amos/media/tv/White.Collar.S01-S06.1080p.BluRay.x265-RARBG/White.Collar.S06.1080p.WEBRip.x265-RARBG/White.Collar.S06E04.1080p.WEBRip.x265-RARBG.mp4,6,4,1358522,data/encodings/1358522/1358522_S06E04_34512_0.npy
1813,1080,1920,0,664,834,233,403,28900,0.014,34536,/home/amos/media/tv/White.Collar.S01-S06.1080p.BluRay.x265-RARBG/White.Collar.S06.1080p.WEBRip.x265-RARBG/White.Collar.S06E04.1080p.WEBRip.x265-RARBG.mp4,6,4,1358522,data/encodings/1358522/1358522_S06E04_34536_0.npy
1814,1080,1920,0,673,815,269,411,20164,0.01,34560,/home/amos/media/tv/White.Collar.S01-S06.1080p.BluRay.x265-RARBG/White.Collar.S06.1080p.WEBRip.x265-RARBG/White.Collar.S06E04.1080p.WEBRip.x265-RARBG.mp4,6,4,1358522,data/encodings/1358522/1358522_S06E04_34560_0.npy
1815,1080,1920,1,457,555,407,505,9604,0.005,34560,/home/amos/media/tv/White.Collar.S01-S06.1080p.BluRay.x265-RARBG/White.Collar.S06.1080p.WEBRip.x265-RARBG/White.Collar.S06E04.1080p.WEBRip.x265-RARBG.mp4,6,4,1358522,data/encodings/1358522/1358522_S06E04_34560_1.npy
1816,1080,1920,0,788,930,240,382,20164,0.01,34584,/home/amos/media/tv/White.Collar.S01-S06.1080p.BluRay.x265-RARBG/White.Collar.S06.1080p.WEBRip.x265-RARBG/White.Collar.S06E04.1080p.WEBRip.x265-RARBG.mp4,6,4,1358522,data/encodings/1358522/1358522_S06E04_34584_0.npy
1817,1080,1920,1,1447,1589,283,425,20164,0.01,34584,/home/amos/media/tv/White.Collar.S01-S06.1080p.BluRay.x265-RARBG/White.Collar.S06.1080p.WEBRip.x265-RARBG/White.Collar.S06E04.1080p.WEBRip.x265-RARBG.mp4,6,4,1358522,data/encodings/1358522/1358522_S06E04_34584_1.npy
1818,1080,1920,2,626,725,397,495,9702,0.005,34584,/home/amos/media/tv/White.Collar.S01-S06.1080p.BluRay.x265-RARBG/White.Collar.S06.1080p.WEBRip.x265-RARBG/White.Collar.S06E04.1080p.WEBRip.x265-RARBG.mp4,6,4,1358522,data/encodings/1358522/1358522_S06E04_34584_2.npy
1819,1080,1920,0,417,516,337,435,9702,0.005,34608,/home/amos/media/tv/White.Collar.S01-S06.1080p.BluRay.x265-RARBG/White.Collar.S06.1080p.WEBRip.x265-RARBG/White.Collar.S06E04.1080p.WEBRip.x265-RARBG.mp4,6,4,1358522,data/encodings/1358522/1358522_S06E04_34608_0.npy
1820,1080,1920,1,1447,1589,255,396,20022,0.01,34608,/home/amos/media/tv/White.Collar.S01-S06.1080p.BluRay.x265-RARBG/White.Collar.S06.1080p.WEBRip.x265-RARBG/White.Collar.S06E04.1080p.WEBRip.x265-RARBG.mp4,6,4,1358522,data/encodings/1358522/1358522_S06E04_34608_1.npy
1821,1080,1920,2,854,1024,181,351,28900,0.014,34608,/home/amos/media/tv/White.Collar.S01-S06.1080p.BluRay.x265-RARBG/White.Collar.S06.1080p.WEBRip.x265-RARBG/White.Collar.S06E04.1080p.WEBRip.x265-RARBG.mp4,6,4,1358522,data/encodings/1358522/1358522_S06E04_34608_2.npy
1822,1080,1920,0,871,1041,181,351,28900,0.014,34680,/home/amos/media/tv/White.Collar.S01-S06.1080p.BluRay.x265-RARBG/White.Collar.S06.1080p.WEBRip.x265-RARBG/White.Collar.S06E04.1080p.WEBRip.x265-RARBG.mp4,6,4,1358522,data/encodings/1358522/1358522_S06E04_34680_0.npy
1823,1080,1920,1,1433,1575,298,439,20022,0.01,34680,/home/amos/media/tv/White.Collar.S01-S06.1080p.BluRay.x265-RARBG/White.Collar.S06.1080p.WEBRip.x265-RARBG/White.Collar.S06E04.1080p.WEBRip.x265-RARBG.mp4,6,4,1358522,data/encodings/1358522/1358522_S06E04_34680_1.npy
1824,1080,1920,2,512,630,351,469,13924,0.007,34680,/home/amos/media/tv/White.Collar.S01-S06.1080p.BluRay.x265-RARBG/White.Collar.S06.1080p.WEBRip.x265-RARBG/White.Collar.S06E04.1080p.WEBRip.x265-RARBG.mp4,6,4,1358522,data/encodings/1358522/1358522_S06E04_34680_2.npy
1825,1080,1920,0,604,956,315,667,123904,0.06,34704,/home/amos/media/tv/White.Collar.S01-S06.1080p.BluRay.x265-RARBG/White.Collar.S06.1080p.WEBRip.x265-RARBG/White.Collar.S06E04.1080p.WEBRip.x265-RARBG.mp4,6,4,1358522,data/encodings/1358522/1358522_S06E04_34704_0.npy
1826,1080,1920,0,683,1105,261,683,178084,0.086,34728,/home/amos/media/tv/White.Collar.S01-S06.1080p.BluRay.x265-RARBG/White.Collar.S06.1080p.WEBRip.x265-RARBG/White.Collar.S06E04.1080p.WEBRip.x265-RARBG.mp4,6,4,1358522,data/encodings/1358522/1358522_S06E04_34728_0.npy
1827,1080,1920,0,768,1191,175,598,178929,0.086,34752,/home/amos/media/tv/White.Collar.S01-S06.1080p.BluRay.x265-RARBG/White.Collar.S06.1080p.WEBRip.x265-RARBG/White.Collar.S06E04.1080p.WEBRip.x265-RARBG.mp4,6,4,1358522,data/encodings/1358522/1358522_S06E04_34752_0.npy
1828,1080,1920,0,497,849,315,667,123904,0.06,34824,/home/amos/media/tv/White.Collar.S01-S06.1080p.BluRay.x265-RARBG/White.Collar.S06.1080p.WEBRip.x265-RARBG/White.Collar.S06E04.1080p.WEBRip.x265-RARBG.mp4,6,4,1358522,data/encodings/1358522/1358522_S06E04_34824_0.npy
1829,1080,1920,0,533,885,279,632,124256,0.06,34848,/home/amos/media/tv/White.Collar.S01-S06.1080p.BluRay.x265-RARBG/White.Collar.S06.1080p.WEBRip.x265-RARBG/White.Collar.S06E04.1080p.WEBRip.x265-RARBG.mp4,6,4,1358522,data/encodings/1358522/1358522_S06E04_34848_0.npy
1830,1080,1920,0,497,849,315,667,123904,0.06,34872,/home/amos/media/tv/White.Collar.S01-S06.1080p.BluRay.x265-RARBG/White.Collar.S06.1080p.WEBRip.x265-RARBG/White.Collar.S06E04.1080p.WEBRip.x265-RARBG.mp4,6,4,1358522,data/encodings/1358522/1358522_S06E04_34872_0.npy
1831,1080,1920,0,768,1191,346,769,178929,0.086,34896,/home/amos/media/tv/White.Collar.S01-S06.1080p.BluRay.x265-RARBG/White.Collar.S06.1080p.WEBRip.x265-RARBG/White.Collar.S06E04.1080p.WEBRip.x265-RARBG.mp4,6,4,1358522,data/encodings/1358522/1358522_S06E04_34896_0.npy
1832,1080,1920,0,811,1234,303,726,178929,0.086,34920,/home/amos/media/tv/White.Collar.S01-S06.1080p.BluRay.x265-RARBG/White.Collar.S06.1080p.WEBRip.x265-RARBG/White.Collar.S06E04.1080p.WEBRip.x265-RARBG.mp4,6,4,1358522,data/encodings/1358522/1358522_S06E04_34920_0.npy
1833,1080,1920,0,1404,1546,298,439,20022,0.01,34944,/home/amos/media/tv/White.Collar.S01-S06.1080p.BluRay.x265-RARBG/White.Collar.S06.1080p.WEBRip.x265-RARBG/White.Collar.S06E04.1080p.WEBRip.x265-RARBG.mp4,6,4,1358522,data/encodings/1358522/1358522_S06E04_34944_0.npy
1834,1080,1920,1,512,630,351,469,13924,0.007,34944,/home/amos/media/tv/White.Collar.S01-S06.1080p.BluRay.x265-RARBG/White.Collar.S06.1080p.WEBRip.x265-RARBG/White.Collar.S06E04.1080p.WEBRip.x265-RARBG.mp4,6,4,1358522,data/encodings/1358522/1358522_S06E04_34944_1.npy
1835,1080,1920,2,819,989,198,368,28900,0.014,34944,/home/amos/media/tv/White.Collar.S01-S06.1080p.BluRay.x265-RARBG/White.Collar.S06.1080p.WEBRip.x265-RARBG/White.Collar.S06E04.1080p.WEBRip.x265-RARBG.mp4,6,4,1358522,data/encodings/1358522/1358522_S06E04_34944_2.npy
1836,1080,1920,0,1404,1546,298,439,20022,0.01,34968,/home/amos/media/tv/White.Collar.S01-S06.1080p.BluRay.x265-RARBG/White.Collar.S06.1080p.WEBRip.x265-RARBG/White.Collar.S06E04.1080p.WEBRip.x265-RARBG.mp4,6,4,1358522,data/encodings/1358522/1358522_S06E04_34968_0.npy
1837,1080,1920,1,501,643,341,482,20022,0.01,34968,/home/amos/media/tv/White.Collar.S01-S06.1080p.BluRay.x265-RARBG/White.Collar.S06.1080p.WEBRip.x265-RARBG/White.Collar.S06E04.1080p.WEBRip.x265-RARBG.mp4,6,4,1358522,data/encodings/1358522/1358522_S06E04_34968_1.npy
1838,1080,1920,2,874,1016,183,325,20164,0.01,34968,/home/amos/media/tv/White.Collar.S01-S06.1080p.BluRay.x265-RARBG/White.Collar.S06.1080p.WEBRip.x265-RARBG/White.Collar.S06E04.1080p.WEBRip.x265-RARBG.mp4,6,4,1358522,data/encodings/1358522/1358522_S06E04_34968_2.npy
1839,1080,1920,0,589,1096,262,769,257049,0.124,35040,/home/amos/media/tv/White.Collar.S01-S06.1080p.BluRay.x265-RARBG/White.Collar.S06.1080p.WEBRip.x265-RARBG/White.Collar.S06E04.1080p.WEBRip.x265-RARBG.mp4,6,4,1358522,data/encodings/1358522/1358522_S06E04_35040_0.npy
1840,1080,1920,0,497,849,315,667,123904,0.06,35064,/home/amos/media/tv/White.Collar.S01-S06.1080p.BluRay.x265-RARBG/White.Collar.S06.1080p.WEBRip.x265-RARBG/White.Collar.S06E04.1080p.WEBRip.x265-RARBG.mp4,6,4,1358522,data/encodings/1358522/1358522_S06E04_35064_0.npy
1841,1080,1920,0,462,814,351,703,123904,0.06,35088,/home/amos/media/tv/White.Collar.S01-S06.1080p.BluRay.x265-RARBG/White.Collar.S06.1080p.WEBRip.x265-RARBG/White.Collar.S06E04.1080p.WEBRip.x265-RARBG.mp4,6,4,1358522,data/encodings/1358522/1358522_S06E04_35088_0.npy
1842,1080,1920,0,726,1148,175,598,178506,0.086,35112,/home/amos/media/tv/White.Collar.S01-S06.1080p.BluRay.x265-RARBG/White.Collar.S06.1080p.WEBRip.x265-RARBG/White.Collar.S06E04.1080p.WEBRip.x265-RARBG.mp4,6,4,1358522,data/encodings/1358522/1358522_S06E04_35112_0.npy
1843,1080,1920,0,1361,1503,298,439,20022,0.01,35136,/home/amos/media/tv/White.Collar.S01-S06.1080p.BluRay.x265-RARBG/White.Collar.S06.1080p.WEBRip.x265-RARBG/White.Collar.S06E04.1080p.WEBRip.x265-RARBG.mp4,6,4,1358522,data/encodings/1358522/1358522_S06E04_35136_0.npy
1844,1080,1920,1,524,641,351,469,13806,0.007,35136,/home/amos/media/tv/White.Collar.S01-S06.1080p.BluRay.x265-RARBG/White.Collar.S06.1080p.WEBRip.x265-RARBG/White.Collar.S06E04.1080p.WEBRip.x265-RARBG.mp4,6,4,1358522,data/encodings/1358522/1358522_S06E04_35136_1.npy
1845,1080,1920,2,819,989,164,334,28900,0.014,35136,/home/amos/media/tv/White.Collar.S01-S06.1080p.BluRay.x265-RARBG/White.Collar.S06.1080p.WEBRip.x265-RARBG/White.Collar.S06E04.1080p.WEBRip.x265-RARBG.mp4,6,4,1358522,data/encodings/1358522/1358522_S06E04_35136_2.npy
1846,1080,1920,0,699,869,181,351,28900,0.014,35160,/home/amos/media/tv/White.Collar.S01-S06.1080p.BluRay.x265-RARBG/White.Collar.S06.1080p.WEBRip.x265-RARBG/White.Collar.S06E04.1080p.WEBRip.x265-RARBG.mp4,6,4,1358522,data/encodings/1358522/1358522_S06E04_35160_0.npy
1847,1080,1920,1,1304,1446,298,439,20022,0.01,35160,/home/amos/media/tv/White.Collar.S01-S06.1080p.BluRay.x265-RARBG/White.Collar.S06.1080p.WEBRip.x265-RARBG/White.Collar.S06E04.1080p.WEBRip.x265-RARBG.mp4,6,4,1358522,data/encodings/1358522/1358522_S06E04_35160_1.npy
1848,1080,1920,2,473,614,341,482,19881,0.01,35160,/home/amos/media/tv/White.Collar.S01-S06.1080p.BluRay.x265-RARBG/White.Collar.S06.1080p.WEBRip.x265-RARBG/White.Collar.S06E04.1080p.WEBRip.x265-RARBG.mp4,6,4,1358522,data/encodings/1358522/1358522_S06E04_35160_2.npy
1849,1080,1920,0,1139,1491,137,489,123904,0.06,35184,/home/amos/media/tv/White.Collar.S01-S06.1080p.BluRay.x265-RARBG/White.Collar.S06.1080p.WEBRip.x265-RARBG/White.Collar.S06E04.1080p.WEBRip.x265-RARBG.mp4,6,4,1358522,data/encodings/1358522/1358522_S06E04_35184_0.npy
1850,1080,1920,0,971,1265,195,489,86436,0.042,35208,/home/amos/media/tv/White.Collar.S01-S06.1080p.BluRay.x265-RARBG/White.Collar.S06.1080p.WEBRip.x265-RARBG/White.Collar.S06E04.1080p.WEBRip.x265-RARBG.mp4,6,4,1358522,data/encodings/1358522/1358522_S06E04_35208_0.npy
1851,1080,1920,0,1032,1384,279,632,124256,0.06,35232,/home/amos/media/tv/White.Collar.S01-S06.1080p.BluRay.x265-RARBG/White.Collar.S06.1080p.WEBRip.x265-RARBG/White.Collar.S06E04.1080p.WEBRip.x265-RARBG.mp4,6,4,1358522,data/encodings/1358522/1358522_S06E04_35232_0.npy
1852,1080,1920,0,1068,1420,279,632,124256,0.06,35256,/home/amos/media/tv/White.Collar.S01-S06.1080p.BluRay.x265-RARBG/White.Collar.S06.1080p.WEBRip.x265-RARBG/White.Collar.S06E04.1080p.WEBRip.x265-RARBG.mp4,6,4,1358522,data/encodings/1358522/1358522_S06E04_35256_0.npy
1853,1080,1920,0,1032,1384,279,632,124256,0.06,35280,/home/amos/media/tv/White.Collar.S01-S06.1080p.BluRay.x265-RARBG/White.Collar.S06.1080p.WEBRip.x265-RARBG/White.Collar.S06E04.1080p.WEBRip.x265-RARBG.mp4,6,4,1358522,data/encodings/1358522/1358522_S06E04_35280_0.npy
1854,1080,1920,0,407,700,195,489,86142,0.042,35304,/home/amos/media/tv/White.Collar.S01-S06.1080p.BluRay.x265-RARBG/White.Collar.S06.1080p.WEBRip.x265-RARBG/White.Collar.S06E04.1080p.WEBRip.x265-RARBG.mp4,6,4,1358522,data/encodings/1358522/1358522_S06E04_35304_0.npy
1855,1080,1920,0,1120,1413,314,608,86142,0.042,35328,/home/amos/media/tv/White.Collar.S01-S06.1080p.BluRay.x265-RARBG/White.Collar.S06.1080p.WEBRip.x265-RARBG/White.Collar.S06E04.1080p.WEBRip.x265-RARBG.mp4,6,4,1358522,data/encodings/1358522/1358522_S06E04_35328_0.npy
1856,1080,1920,0,1068,1420,279,632,124256,0.06,35352,/home/amos/media/tv/White.Collar.S01-S06.1080p.BluRay.x265-RARBG/White.Collar.S06.1080p.WEBRip.x265-RARBG/White.Collar.S06E04.1080p.WEBRip.x265-RARBG.mp4,6,4,1358522,data/encodings/1358522/1358522_S06E04_35352_0.npy
1857,1080,1920,0,1032,1384,172,525,124256,0.06,35376,/home/amos/media/tv/White.Collar.S01-S06.1080p.BluRay.x265-RARBG/White.Collar.S06.1080p.WEBRip.x265-RARBG/White.Collar.S06E04.1080p.WEBRip.x265-RARBG.mp4,6,4,1358522,data/encodings/1358522/1358522_S06E04_35376_0.npy
1858,1080,1920,0,1032,1384,172,525,124256,0.06,35400,/home/amos/media/tv/White.Collar.S01-S06.1080p.BluRay.x265-RARBG/White.Collar.S06.1080p.WEBRip.x265-RARBG/White.Collar.S06E04.1080p.WEBRip.x265-RARBG.mp4,6,4,1358522,data/encodings/1358522/1358522_S06E04_35400_0.npy
1859,1080,1920,0,1032,1384,172,525,124256,0.06,35424,/home/amos/media/tv/White.Collar.S01-S06.1080p.BluRay.x265-RARBG/White.Collar.S06.1080p.WEBRip.x265-RARBG/White.Collar.S06E04.1080p.WEBRip.x265-RARBG.mp4,6,4,1358522,data/encodings/1358522/1358522_S06E04_35424_0.npy
1860,1080,1920,0,436,730,255,548,86142,0.042,35448,/home/amos/media/tv/White.Collar.S01-S06.1080p.BluRay.x265-RARBG/White.Collar.S06.1080p.WEBRip.x265-RARBG/White.Collar.S06E04.1080p.WEBRip.x265-RARBG.mp4,6,4,1358522,data/encodings/1358522/1358522_S06E04_35448_0.npy
1861,1080,1920,0,407,700,255,548,85849,0.041,35472,/home/amos/media/tv/White.Collar.S01-S06.1080p.BluRay.x265-RARBG/White.Collar.S06.1080p.WEBRip.x265-RARBG/White.Collar.S06E04.1080p.WEBRip.x265-RARBG.mp4,6,4,1358522,data/encodings/1358522/1358522_S06E04_35472_0.npy
1862,1080,1920,0,407,700,255,548,85849,0.041,35496,/home/amos/media/tv/White.Collar.S01-S06.1080p.BluRay.x265-RARBG/White.Collar.S06.1080p.WEBRip.x265-RARBG/White.Collar.S06E04.1080p.WEBRip.x265-RARBG.mp4,6,4,1358522,data/encodings/1358522/1358522_S06E04_35496_0.npy
1863,1080,1920,0,1104,1456,244,596,123904,0.06,35520,/home/amos/media/tv/White.Collar.S01-S06.1080p.BluRay.x265-RARBG/White.Collar.S06.1080p.WEBRip.x265-RARBG/White.Collar.S06E04.1080p.WEBRip.x265-RARBG.mp4,6,4,1358522,data/encodings/1358522/1358522_S06E04_35520_0.npy
1864,1080,1920,0,1104,1456,315,667,123904,0.06,35544,/home/amos/media/tv/White.Collar.S01-S06.1080p.BluRay.x265-RARBG/White.Collar.S06.1080p.WEBRip.x265-RARBG/White.Collar.S06E04.1080p.WEBRip.x265-RARBG.mp4,6,4,1358522,data/encodings/1358522/1358522_S06E04_35544_0.npy
1865,1080,1920,0,1175,1527,208,560,123904,0.06,35568,/home/amos/media/tv/White.Collar.S01-S06.1080p.BluRay.x265-RARBG/White.Collar.S06.1080p.WEBRip.x265-RARBG/White.Collar.S06E04.1080p.WEBRip.x265-RARBG.mp4,6,4,1358522,data/encodings/1358522/1358522_S06E04_35568_0.npy
1866,1080,1920,0,831,973,355,497,20164,0.01,35592,/home/amos/media/tv/White.Collar.S01-S06.1080p.BluRay.x265-RARBG/White.Collar.S06.1080p.WEBRip.x265-RARBG/White.Collar.S06E04.1080p.WEBRip.x265-RARBG.mp4,6,4,1358522,data/encodings/1358522/1358522_S06E04_35592_0.npy
1867,1080,1920,0,320,438,315,433,13924,0.007,35616,/home/amos/media/tv/White.Collar.S01-S06.1080p.BluRay.x265-RARBG/White.Collar.S06.1080p.WEBRip.x265-RARBG/White.Collar.S06E04.1080p.WEBRip.x265-RARBG.mp4,6,4,1358522,data/encodings/1358522/1358522_S06E04_35616_0.npy
1868,1080,1920,0,404,522,279,397,13924,0.007,35640,/home/amos/media/tv/White.Collar.S01-S06.1080p.BluRay.x265-RARBG/White.Collar.S06.1080p.WEBRip.x265-RARBG/White.Collar.S06E04.1080p.WEBRip.x265-RARBG.mp4,6,4,1358522,data/encodings/1358522/1358522_S06E04_35640_0.npy
1869,1080,1920,0,1175,1527,244,596,123904,0.06,35664,/home/amos/media/tv/White.Collar.S01-S06.1080p.BluRay.x265-RARBG/White.Collar.S06.1080p.WEBRip.x265-RARBG/White.Collar.S06E04.1080p.WEBRip.x265-RARBG.mp4,6,4,1358522,data/encodings/1358522/1358522_S06E04_35664_0.npy
1870,1080,1920,0,466,760,255,548,86142,0.042,35688,/home/amos/media/tv/White.Collar.S01-S06.1080p.BluRay.x265-RARBG/White.Collar.S06.1080p.WEBRip.x265-RARBG/White.Collar.S06E04.1080p.WEBRip.x265-RARBG.mp4,6,4,1358522,data/encodings/1358522/1358522_S06E04_35688_0.npy
1871,1080,1920,0,466,760,255,548,86142,0.042,35712,/home/amos/media/tv/White.Collar.S01-S06.1080p.BluRay.x265-RARBG/White.Collar.S06.1080p.WEBRip.x265-RARBG/White.Collar.S06E04.1080p.WEBRip.x265-RARBG.mp4,6,4,1358522,data/encodings/1358522/1358522_S06E04_35712_0.npy
1872,1080,1920,0,526,819,225,519,86142,0.042,35736,/home/amos/media/tv/White.Collar.S01-S06.1080p.BluRay.x265-RARBG/White.Collar.S06.1080p.WEBRip.x265-RARBG/White.Collar.S06E04.1080p.WEBRip.x265-RARBG.mp4,6,4,1358522,data/encodings/1358522/1358522_S06E04_35736_0.npy
1873,1080,1920,0,526,819,255,548,85849,0.041,35760,/home/amos/media/tv/White.Collar.S01-S06.1080p.BluRay.x265-RARBG/White.Collar.S06.1080p.WEBRip.x265-RARBG/White.Collar.S06E04.1080p.WEBRip.x265-RARBG.mp4,6,4,1358522,data/encodings/1358522/1358522_S06E04_35760_0.npy
1874,1080,1920,0,501,643,183,325,20164,0.01,35784,/home/amos/media/tv/White.Collar.S01-S06.1080p.BluRay.x265-RARBG/White.Collar.S06.1080p.WEBRip.x265-RARBG/White.Collar.S06E04.1080p.WEBRip.x265-RARBG.mp4,6,4,1358522,data/encodings/1358522/1358522_S06E04_35784_0.npy
1875,1080,1920,1,1228,1346,219,337,13924,0.007,35784,/home/amos/media/tv/White.Collar.S01-S06.1080p.BluRay.x265-RARBG/White.Collar.S06.1080p.WEBRip.x265-RARBG/White.Collar.S06E04.1080p.WEBRip.x265-RARBG.mp4,6,4,1358522,data/encodings/1358522/1358522_S06E04_35784_1.npy
1876,1080,1920,0,1121,1239,219,337,13924,0.007,35808,/home/amos/media/tv/White.Collar.S01-S06.1080p.BluRay.x265-RARBG/White.Collar.S06.1080p.WEBRip.x265-RARBG/White.Collar.S06E04.1080p.WEBRip.x265-RARBG.mp4,6,4,1358522,data/encodings/1358522/1358522_S06E04_35808_0.npy
1877,1080,1920,0,436,730,195,489,86436,0.042,35832,/home/amos/media/tv/White.Collar.S01-S06.1080p.BluRay.x265-RARBG/White.Collar.S06.1080p.WEBRip.x265-RARBG/White.Collar.S06E04.1080p.WEBRip.x265-RARBG.mp4,6,4,1358522,data/encodings/1358522/1358522_S06E04_35832_0.npy
1878,1080,1920,0,436,730,255,548,86142,0.042,35856,/home/amos/media/tv/White.Collar.S01-S06.1080p.BluRay.x265-RARBG/White.Collar.S06.1080p.WEBRip.x265-RARBG/White.Collar.S06E04.1080p.WEBRip.x265-RARBG.mp4,6,4,1358522,data/encodings/1358522/1358522_S06E04_35856_0.npy
1879,1080,1920,0,810,928,327,445,13924,0.007,35880,/home/amos/media/tv/White.Collar.S01-S06.1080p.BluRay.x265-RARBG/White.Collar.S06.1080p.WEBRip.x265-RARBG/White.Collar.S06E04.1080p.WEBRip.x265-RARBG.mp4,6,4,1358522,data/encodings/1358522/1358522_S06E04_35880_0.npy
1880,1080,1920,1,310,514,78,282,41616,0.02,35880,/home/amos/media/tv/White.Collar.S01-S06.1080p.BluRay.x265-RARBG/White.Collar.S06.1080p.WEBRip.x265-RARBG/White.Collar.S06E04.1080p.WEBRip.x265-RARBG.mp4,6,4,1358522,data/encodings/1358522/1358522_S06E04_35880_1.npy
1881,1080,1920,2,1404,1608,120,324,41616,0.02,35880,/home/amos/media/tv/White.Collar.S01-S06.1080p.BluRay.x265-RARBG/White.Collar.S06.1080p.WEBRip.x265-RARBG/White.Collar.S06E04.1080p.WEBRip.x265-RARBG.mp4,6,4,1358522,data/encodings/1358522/1358522_S06E04_35880_2.npy
1882,1080,1920,0,1049,1167,411,529,13924,0.007,35904,/home/amos/media/tv/White.Collar.S01-S06.1080p.BluRay.x265-RARBG/White.Collar.S06.1080p.WEBRip.x265-RARBG/White.Collar.S06E04.1080p.WEBRip.x265-RARBG.mp4,6,4,1358522,data/encodings/1358522/1358522_S06E04_35904_0.npy
1883,1080,1920,1,1301,1546,82,327,60025,0.029,35904,/home/amos/media/tv/White.Collar.S01-S06.1080p.BluRay.x265-RARBG/White.Collar.S06.1080p.WEBRip.x265-RARBG/White.Collar.S06E04.1080p.WEBRip.x265-RARBG.mp4,6,4,1358522,data/encodings/1358522/1358522_S06E04_35904_1.npy
1884,1080,1920,2,458,628,181,351,28900,0.014,35904,/home/amos/media/tv/White.Collar.S01-S06.1080p.BluRay.x265-RARBG/White.Collar.S06.1080p.WEBRip.x265-RARBG/White.Collar.S06E04.1080p.WEBRip.x265-RARBG.mp4,6,4,1358522,data/encodings/1358522/1358522_S06E04_35904_2.npy
1885,1080,1920,0,997,1349,172,525,124256,0.06,35928,/home/amos/media/tv/White.Collar.S01-S06.1080p.BluRay.x265-RARBG/White.Collar.S06.1080p.WEBRip.x265-RARBG/White.Collar.S06E04.1080p.WEBRip.x265-RARBG.mp4,6,4,1358522,data/encodings/1358522/1358522_S06E04_35928_0.npy
1886,1080,1920,0,783,1135,137,489,123904,0.06,35952,/home/amos/media/tv/White.Collar.S01-S06.1080p.BluRay.x265-RARBG/White.Collar.S06.1080p.WEBRip.x265-RARBG/White.Collar.S06E04.1080p.WEBRip.x265-RARBG.mp4,6,4,1358522,data/encodings/1358522/1358522_S06E04_35952_0.npy
1887,1080,1920,0,783,1135,172,525,124256,0.06,35976,/home/amos/media/tv/White.Collar.S01-S06.1080p.BluRay.x265-RARBG/White.Collar.S06.1080p.WEBRip.x265-RARBG/White.Collar.S06E04.1080p.WEBRip.x265-RARBG.mp4,6,4,1358522,data/encodings/1358522/1358522_S06E04_35976_0.npy
1888,1080,1920,0,954,1071,446,564,13806,0.007,36000,/home/amos/media/tv/White.Collar.S01-S06.1080p.BluRay.x265-RARBG/White.Collar.S06.1080p.WEBRip.x265-RARBG/White.Collar.S06E04.1080p.WEBRip.x265-RARBG.mp4,6,4,1358522,data/encodings/1358522/1358522_S06E04_36000_0.npy
1889,1080,1920,1,1198,1401,120,324,41412,0.02,36000,/home/amos/media/tv/White.Collar.S01-S06.1080p.BluRay.x265-RARBG/White.Collar.S06.1080p.WEBRip.x265-RARBG/White.Collar.S06E04.1080p.WEBRip.x265-RARBG.mp4,6,4,1358522,data/encodings/1358522/1358522_S06E04_36000_1.npy
1890,1080,1920,2,401,543,197,339,20164,0.01,36000,/home/amos/media/tv/White.Collar.S01-S06.1080p.BluRay.x265-RARBG/White.Collar.S06.1080p.WEBRip.x265-RARBG/White.Collar.S06E04.1080p.WEBRip.x265-RARBG.mp4,6,4,1358522,data/encodings/1358522/1358522_S06E04_36000_2.npy
1891,1080,1920,0,569,921,422,774,123904,0.06,36024,/home/amos/media/tv/White.Collar.S01-S06.1080p.BluRay.x265-RARBG/White.Collar.S06.1080p.WEBRip.x265-RARBG/White.Collar.S06E04.1080p.WEBRip.x265-RARBG.mp4,6,4,1358522,data/encodings/1358522/1358522_S06E04_36024_0.npy
1892,1080,1920,0,533,885,386,739,124256,0.06,36048,/home/amos/media/tv/White.Collar.S01-S06.1080p.BluRay.x265-RARBG/White.Collar.S06.1080p.WEBRip.x265-RARBG/White.Collar.S06E04.1080p.WEBRip.x265-RARBG.mp4,6,4,1358522,data/encodings/1358522/1358522_S06E04_36048_0.npy
1893,1080,1920,0,469,891,218,640,178084,0.086,36072,/home/amos/media/tv/White.Collar.S01-S06.1080p.BluRay.x265-RARBG/White.Collar.S06.1080p.WEBRip.x265-RARBG/White.Collar.S06E04.1080p.WEBRip.x265-RARBG.mp4,6,4,1358522,data/encodings/1358522/1358522_S06E04_36072_0.npy
1894,1080,1920,0,533,885,279,632,124256,0.06,36096,/home/amos/media/tv/White.Collar.S01-S06.1080p.BluRay.x265-RARBG/White.Collar.S06.1080p.WEBRip.x265-RARBG/White.Collar.S06E04.1080p.WEBRip.x265-RARBG.mp4,6,4,1358522,data/encodings/1358522/1358522_S06E04_36096_0.npy
1895,1080,1920,0,462,814,279,632,124256,0.06,36120,/home/amos/media/tv/White.Collar.S01-S06.1080p.BluRay.x265-RARBG/White.Collar.S06.1080p.WEBRip.x265-RARBG/White.Collar.S06E04.1080p.WEBRip.x265-RARBG.mp4,6,4,1358522,data/encodings/1358522/1358522_S06E04_36120_0.npy
1896,1080,1920,0,484,729,181,426,60025,0.029,36144,/home/amos/media/tv/White.Collar.S01-S06.1080p.BluRay.x265-RARBG/White.Collar.S06.1080p.WEBRip.x265-RARBG/White.Collar.S06E04.1080p.WEBRip.x265-RARBG.mp4,6,4,1358522,data/encodings/1358522/1358522_S06E04_36144_0.npy
1897,1080,1920,0,1025,1448,261,683,178506,0.086,36168,/home/amos/media/tv/White.Collar.S01-S06.1080p.BluRay.x265-RARBG/White.Collar.S06.1080p.WEBRip.x265-RARBG/White.Collar.S06E04.1080p.WEBRip.x265-RARBG.mp4,6,4,1358522,data/encodings/1358522/1358522_S06E04_36168_0.npy
1898,1080,1920,0,1111,1533,218,640,178084,0.086,36192,/home/amos/media/tv/White.Collar.S01-S06.1080p.BluRay.x265-RARBG/White.Collar.S06.1080p.WEBRip.x265-RARBG/White.Collar.S06E04.1080p.WEBRip.x265-RARBG.mp4,6,4,1358522,data/encodings/1358522/1358522_S06E04_36192_0.npy
1899,1080,1920,0,1068,1420,244,596,123904,0.06,36216,/home/amos/media/tv/White.Collar.S01-S06.1080p.BluRay.x265-RARBG/White.Collar.S06.1080p.WEBRip.x265-RARBG/White.Collar.S06E04.1080p.WEBRip.x265-RARBG.mp4,6,4,1358522,data/encodings/1358522/1358522_S06E04_36216_0.npy
1900,1080,1920,0,558,803,206,450,59780,0.029,36240,/home/amos/media/tv/White.Collar.S01-S06.1080p.BluRay.x265-RARBG/White.Collar.S06.1080p.WEBRip.x265-RARBG/White.Collar.S06E04.1080p.WEBRip.x265-RARBG.mp4,6,4,1358522,data/encodings/1358522/1358522_S06E04_36240_0.npy
1901,1080,1920,0,526,819,195,489,86142,0.042,36264,/home/amos/media/tv/White.Collar.S01-S06.1080p.BluRay.x265-RARBG/White.Collar.S06.1080p.WEBRip.x265-RARBG/White.Collar.S06E04.1080p.WEBRip.x265-RARBG.mp4,6,4,1358522,data/encodings/1358522/1358522_S06E04_36264_0.npy
1902,1080,1920,0,982,1405,218,640,178506,0.086,36288,/home/amos/media/tv/White.Collar.S01-S06.1080p.BluRay.x265-RARBG/White.Collar.S06.1080p.WEBRip.x265-RARBG/White.Collar.S06E04.1080p.WEBRip.x265-RARBG.mp4,6,4,1358522,data/encodings/1358522/1358522_S06E04_36288_0.npy
1903,1080,1920,0,1025,1448,218,640,178506,0.086,36312,/home/amos/media/tv/White.Collar.S01-S06.1080p.BluRay.x265-RARBG/White.Collar.S06.1080p.WEBRip.x265-RARBG/White.Collar.S06E04.1080p.WEBRip.x265-RARBG.mp4,6,4,1358522,data/encodings/1358522/1358522_S06E04_36312_0.npy
1904,1080,1920,0,1246,1598,30,382,123904,0.06,36336,/home/amos/media/tv/White.Collar.S01-S06.1080p.BluRay.x265-RARBG/White.Collar.S06.1080p.WEBRip.x265-RARBG/White.Collar.S06E04.1080p.WEBRip.x265-RARBG.mp4,6,4,1358522,data/encodings/1358522/1358522_S06E04_36336_0.npy
1905,1080,1920,0,390,742,172,525,124256,0.06,36408,/home/amos/media/tv/White.Collar.S01-S06.1080p.BluRay.x265-RARBG/White.Collar.S06.1080p.WEBRip.x265-RARBG/White.Collar.S06E04.1080p.WEBRip.x265-RARBG.mp4,6,4,1358522,data/encodings/1358522/1358522_S06E04_36408_0.npy
1906,1080,1920,0,390,742,137,489,123904,0.06,36432,/home/amos/media/tv/White.Collar.S01-S06.1080p.BluRay.x265-RARBG/White.Collar.S06.1080p.WEBRip.x265-RARBG/White.Collar.S06E04.1080p.WEBRip.x265-RARBG.mp4,6,4,1358522,data/encodings/1358522/1358522_S06E04_36432_0.npy
1907,1080,1920,0,997,1349,208,560,123904,0.06,36456,/home/amos/media/tv/White.Collar.S01-S06.1080p.BluRay.x265-RARBG/White.Collar.S06.1080p.WEBRip.x265-RARBG/White.Collar.S06E04.1080p.WEBRip.x265-RARBG.mp4,6,4,1358522,data/encodings/1358522/1358522_S06E04_36456_0.npy
1908,1080,1920,0,1068,1420,208,560,123904,0.06,36480,/home/amos/media/tv/White.Collar.S01-S06.1080p.BluRay.x265-RARBG/White.Collar.S06.1080p.WEBRip.x265-RARBG/White.Collar.S06E04.1080p.WEBRip.x265-RARBG.mp4,6,4,1358522,data/encodings/1358522/1358522_S06E04_36480_0.npy
1909,1080,1920,0,1068,1420,208,560,123904,0.06,36504,/home/amos/media/tv/White.Collar.S01-S06.1080p.BluRay.x265-RARBG/White.Collar.S06.1080p.WEBRip.x265-RARBG/White.Collar.S06E04.1080p.WEBRip.x265-RARBG.mp4,6,4,1358522,data/encodings/1358522/1358522_S06E04_36504_0.npy
1910,1080,1920,0,1068,1420,172,525,124256,0.06,36528,/home/amos/media/tv/White.Collar.S01-S06.1080p.BluRay.x265-RARBG/White.Collar.S06.1080p.WEBRip.x265-RARBG/White.Collar.S06E04.1080p.WEBRip.x265-RARBG.mp4,6,4,1358522,data/encodings/1358522/1358522_S06E04_36528_0.npy
1911,1080,1920,0,1175,1527,279,632,124256,0.06,36552,/home/amos/media/tv/White.Collar.S01-S06.1080p.BluRay.x265-RARBG/White.Collar.S06.1080p.WEBRip.x265-RARBG/White.Collar.S06E04.1080p.WEBRip.x265-RARBG.mp4,6,4,1358522,data/encodings/1358522/1358522_S06E04_36552_0.npy
1912,1080,1920,0,1068,1491,261,683,178506,0.086,36576,/home/amos/media/tv/White.Collar.S01-S06.1080p.BluRay.x265-RARBG/White.Collar.S06.1080p.WEBRip.x265-RARBG/White.Collar.S06E04.1080p.WEBRip.x265-RARBG.mp4,6,4,1358522,data/encodings/1358522/1358522_S06E04_36576_0.npy
1913,1080,1920,0,925,1277,279,632,124256,0.06,36600,/home/amos/media/tv/White.Collar.S01-S06.1080p.BluRay.x265-RARBG/White.Collar.S06.1080p.WEBRip.x265-RARBG/White.Collar.S06E04.1080p.WEBRip.x265-RARBG.mp4,6,4,1358522,data/encodings/1358522/1358522_S06E04_36600_0.npy
1914,1080,1920,0,890,1242,315,667,123904,0.06,36624,/home/amos/media/tv/White.Collar.S01-S06.1080p.BluRay.x265-RARBG/White.Collar.S06.1080p.WEBRip.x265-RARBG/White.Collar.S06E04.1080p.WEBRip.x265-RARBG.mp4,6,4,1358522,data/encodings/1358522/1358522_S06E04_36624_0.npy
1915,1080,1920,0,997,1349,279,632,124256,0.06,36648,/home/amos/media/tv/White.Collar.S01-S06.1080p.BluRay.x265-RARBG/White.Collar.S06.1080p.WEBRip.x265-RARBG/White.Collar.S06E04.1080p.WEBRip.x265-RARBG.mp4,6,4,1358522,data/encodings/1358522/1358522_S06E04_36648_0.npy
1916,1080,1920,0,1139,1491,208,560,123904,0.06,36672,/home/amos/media/tv/White.Collar.S01-S06.1080p.BluRay.x265-RARBG/White.Collar.S06.1080p.WEBRip.x265-RARBG/White.Collar.S06E04.1080p.WEBRip.x265-RARBG.mp4,6,4,1358522,data/encodings/1358522/1358522_S06E04_36672_0.npy
1917,1080,1920,0,1196,1619,303,726,178929,0.086,36696,/home/amos/media/tv/White.Collar.S01-S06.1080p.BluRay.x265-RARBG/White.Collar.S06.1080p.WEBRip.x265-RARBG/White.Collar.S06E04.1080p.WEBRip.x265-RARBG.mp4,6,4,1358522,data/encodings/1358522/1358522_S06E04_36696_0.npy
1918,1080,1920,0,811,1234,303,726,178929,0.086,36720,/home/amos/media/tv/White.Collar.S01-S06.1080p.BluRay.x265-RARBG/White.Collar.S06.1080p.WEBRip.x265-RARBG/White.Collar.S06E04.1080p.WEBRip.x265-RARBG.mp4,6,4,1358522,data/encodings/1358522/1358522_S06E04_36720_0.npy
1919,1080,1920,0,1061,1179,446,564,13924,0.007,36744,/home/amos/media/tv/White.Collar.S01-S06.1080p.BluRay.x265-RARBG/White.Collar.S06.1080p.WEBRip.x265-RARBG/White.Collar.S06E04.1080p.WEBRip.x265-RARBG.mp4,6,4,1358522,data/encodings/1358522/1358522_S06E04_36744_0.npy
1920,1080,1920,1,578,782,140,344,41616,0.02,36744,/home/amos/media/tv/White.Collar.S01-S06.1080p.BluRay.x265-RARBG/White.Collar.S06.1080p.WEBRip.x265-RARBG/White.Collar.S06E04.1080p.WEBRip.x265-RARBG.mp4,6,4,1358522,data/encodings/1358522/1358522_S06E04_36744_1.npy
1921,1080,1920,0,897,1319,303,726,178506,0.086,36768,/home/amos/media/tv/White.Collar.S01-S06.1080p.BluRay.x265-RARBG/White.Collar.S06.1080p.WEBRip.x265-RARBG/White.Collar.S06E04.1080p.WEBRip.x265-RARBG.mp4,6,4,1358522,data/encodings/1358522/1358522_S06E04_36768_0.npy
1922,1080,1920,0,733,903,250,420,28900,0.014,36816,/home/amos/media/tv/White.Collar.S01-S06.1080p.BluRay.x265-RARBG/White.Collar.S06.1080p.WEBRip.x265-RARBG/White.Collar.S06E04.1080p.WEBRip.x265-RARBG.mp4,6,4,1358522,data/encodings/1358522/1358522_S06E04_36816_0.npy
1923,1080,1920,0,781,1026,231,475,59780,0.029,36840,/home/amos/media/tv/White.Collar.S01-S06.1080p.BluRay.x265-RARBG/White.Collar.S06.1080p.WEBRip.x265-RARBG/White.Collar.S06E04.1080p.WEBRip.x265-RARBG.mp4,6,4,1358522,data/encodings/1358522/1358522_S06E04_36840_0.npy
1924,1080,1920,0,764,968,202,406,41616,0.02,36864,/home/amos/media/tv/White.Collar.S01-S06.1080p.BluRay.x265-RARBG/White.Collar.S06.1080p.WEBRip.x265-RARBG/White.Collar.S06E04.1080p.WEBRip.x265-RARBG.mp4,6,4,1358522,data/encodings/1358522/1358522_S06E04_36864_0.npy
1925,1080,1920,0,764,968,244,447,41412,0.02,36888,/home/amos/media/tv/White.Collar.S01-S06.1080p.BluRay.x265-RARBG/White.Collar.S06.1080p.WEBRip.x265-RARBG/White.Collar.S06E04.1080p.WEBRip.x265-RARBG.mp4,6,4,1358522,data/encodings/1358522/1358522_S06E04_36888_0.npy
1926,1080,1920,0,1074,1278,202,406,41616,0.02,36912,/home/amos/media/tv/White.Collar.S01-S06.1080p.BluRay.x265-RARBG/White.Collar.S06.1080p.WEBRip.x265-RARBG/White.Collar.S06E04.1080p.WEBRip.x265-RARBG.mp4,6,4,1358522,data/encodings/1358522/1358522_S06E04_36912_0.npy
1927,1080,1920,0,1043,1213,250,420,28900,0.014,36936,/home/amos/media/tv/White.Collar.S01-S06.1080p.BluRay.x265-RARBG/White.Collar.S06.1080p.WEBRip.x265-RARBG/White.Collar.S06E04.1080p.WEBRip.x265-RARBG.mp4,6,4,1358522,data/encodings/1358522/1358522_S06E04_36936_0.npy
1928,1080,1920,0,1146,1316,250,420,28900,0.014,36960,/home/amos/media/tv/White.Collar.S01-S06.1080p.BluRay.x265-RARBG/White.Collar.S06.1080p.WEBRip.x265-RARBG/White.Collar.S06E04.1080p.WEBRip.x265-RARBG.mp4,6,4,1358522,data/encodings/1358522/1358522_S06E04_36960_0.npy
1929,1080,1920,0,1043,1213,336,506,28900,0.014,36984,/home/amos/media/tv/White.Collar.S01-S06.1080p.BluRay.x265-RARBG/White.Collar.S06.1080p.WEBRip.x265-RARBG/White.Collar.S06E04.1080p.WEBRip.x265-RARBG.mp4,6,4,1358522,data/encodings/1358522/1358522_S06E04_36984_0.npy
1930,1080,1920,0,1043,1213,284,454,28900,0.014,37008,/home/amos/media/tv/White.Collar.S01-S06.1080p.BluRay.x265-RARBG/White.Collar.S06.1080p.WEBRip.x265-RARBG/White.Collar.S06E04.1080p.WEBRip.x265-RARBG.mp4,6,4,1358522,data/encodings/1358522/1358522_S06E04_37008_0.npy
1931,1080,1920,0,785,989,244,447,41412,0.02,37032,/home/amos/media/tv/White.Collar.S01-S06.1080p.BluRay.x265-RARBG/White.Collar.S06.1080p.WEBRip.x265-RARBG/White.Collar.S06E04.1080p.WEBRip.x265-RARBG.mp4,6,4,1358522,data/encodings/1358522/1358522_S06E04_37032_0.npy
1932,1080,1920,0,802,972,267,437,28900,0.014,37080,/home/amos/media/tv/White.Collar.S01-S06.1080p.BluRay.x265-RARBG/White.Collar.S06.1080p.WEBRip.x265-RARBG/White.Collar.S06E04.1080p.WEBRip.x265-RARBG.mp4,6,4,1358522,data/encodings/1358522/1358522_S06E04_37080_0.npy
1933,1080,1920,0,847,1051,223,427,41616,0.02,37104,/home/amos/media/tv/White.Collar.S01-S06.1080p.BluRay.x265-RARBG/White.Collar.S06.1080p.WEBRip.x265-RARBG/White.Collar.S06E04.1080p.WEBRip.x265-RARBG.mp4,6,4,1358522,data/encodings/1358522/1358522_S06E04_37104_0.npy
1934,1080,1920,0,781,1026,280,525,60025,0.029,37128,/home/amos/media/tv/White.Collar.S01-S06.1080p.BluRay.x265-RARBG/White.Collar.S06.1080p.WEBRip.x265-RARBG/White.Collar.S06E04.1080p.WEBRip.x265-RARBG.mp4,6,4,1358522,data/encodings/1358522/1358522_S06E04_37128_0.npy
1935,1080,1920,0,781,1026,255,500,60025,0.029,37152,/home/amos/media/tv/White.Collar.S01-S06.1080p.BluRay.x265-RARBG/White.Collar.S06.1080p.WEBRip.x265-RARBG/White.Collar.S06E04.1080p.WEBRip.x265-RARBG.mp4,6,4,1358522,data/encodings/1358522/1358522_S06E04_37152_0.npy
1936,1080,1920,0,854,1024,284,454,28900,0.014,37176,/home/amos/media/tv/White.Collar.S01-S06.1080p.BluRay.x265-RARBG/White.Collar.S06.1080p.WEBRip.x265-RARBG/White.Collar.S06E04.1080p.WEBRip.x265-RARBG.mp4,6,4,1358522,data/encodings/1358522/1358522_S06E04_37176_0.npy
1937,1080,1920,0,1012,1216,264,468,41616,0.02,37200,/home/amos/media/tv/White.Collar.S01-S06.1080p.BluRay.x265-RARBG/White.Collar.S06.1080p.WEBRip.x265-RARBG/White.Collar.S06E04.1080p.WEBRip.x265-RARBG.mp4,6,4,1358522,data/encodings/1358522/1358522_S06E04_37200_0.npy
1938,1080,1920,0,1012,1216,264,468,41616,0.02,37224,/home/amos/media/tv/White.Collar.S01-S06.1080p.BluRay.x265-RARBG/White.Collar.S06.1080p.WEBRip.x265-RARBG/White.Collar.S06E04.1080p.WEBRip.x265-RARBG.mp4,6,4,1358522,data/encodings/1358522/1358522_S06E04_37224_0.npy
1939,1080,1920,0,1012,1216,244,447,41412,0.02,37248,/home/amos/media/tv/White.Collar.S01-S06.1080p.BluRay.x265-RARBG/White.Collar.S06.1080p.WEBRip.x265-RARBG/White.Collar.S06E04.1080p.WEBRip.x265-RARBG.mp4,6,4,1358522,data/encodings/1358522/1358522_S06E04_37248_0.npy
1940,1080,1920,0,723,927,264,468,41616,0.02,37272,/home/amos/media/tv/White.Collar.S01-S06.1080p.BluRay.x265-RARBG/White.Collar.S06.1080p.WEBRip.x265-RARBG/White.Collar.S06E04.1080p.WEBRip.x265-RARBG.mp4,6,4,1358522,data/encodings/1358522/1358522_S06E04_37272_0.npy
1941,1080,1920,0,723,927,264,468,41616,0.02,37296,/home/amos/media/tv/White.Collar.S01-S06.1080p.BluRay.x265-RARBG/White.Collar.S06.1080p.WEBRip.x265-RARBG/White.Collar.S06E04.1080p.WEBRip.x265-RARBG.mp4,6,4,1358522,data/encodings/1358522/1358522_S06E04_37296_0.npy
1942,1080,1920,0,1012,1216,244,447,41412,0.02,37320,/home/amos/media/tv/White.Collar.S01-S06.1080p.BluRay.x265-RARBG/White.Collar.S06.1080p.WEBRip.x265-RARBG/White.Collar.S06E04.1080p.WEBRip.x265-RARBG.mp4,6,4,1358522,data/encodings/1358522/1358522_S06E04_37320_0.npy
1943,1080,1920,0,1053,1257,244,447,41412,0.02,37344,/home/amos/media/tv/White.Collar.S01-S06.1080p.BluRay.x265-RARBG/White.Collar.S06.1080p.WEBRip.x265-RARBG/White.Collar.S06E04.1080p.WEBRip.x265-RARBG.mp4,6,4,1358522,data/encodings/1358522/1358522_S06E04_37344_0.npy
1944,1080,1920,0,1053,1257,202,406,41616,0.02,37368,/home/amos/media/tv/White.Collar.S01-S06.1080p.BluRay.x265-RARBG/White.Collar.S06.1080p.WEBRip.x265-RARBG/White.Collar.S06E04.1080p.WEBRip.x265-RARBG.mp4,6,4,1358522,data/encodings/1358522/1358522_S06E04_37368_0.npy
1945,1080,1920,0,723,927,264,468,41616,0.02,37392,/home/amos/media/tv/White.Collar.S01-S06.1080p.BluRay.x265-RARBG/White.Collar.S06.1080p.WEBRip.x265-RARBG/White.Collar.S06E04.1080p.WEBRip.x265-RARBG.mp4,6,4,1358522,data/encodings/1358522/1358522_S06E04_37392_0.npy
1946,1080,1920,0,682,927,280,525,60025,0.029,37416,/home/amos/media/tv/White.Collar.S01-S06.1080p.BluRay.x265-RARBG/White.Collar.S06.1080p.WEBRip.x265-RARBG/White.Collar.S06E04.1080p.WEBRip.x265-RARBG.mp4,6,4,1358522,data/encodings/1358522/1358522_S06E04_37416_0.npy
1947,1080,1920,0,702,906,264,468,41616,0.02,37440,/home/amos/media/tv/White.Collar.S01-S06.1080p.BluRay.x265-RARBG/White.Collar.S06.1080p.WEBRip.x265-RARBG/White.Collar.S06E04.1080p.WEBRip.x265-RARBG.mp4,6,4,1358522,data/encodings/1358522/1358522_S06E04_37440_0.npy
1948,1080,1920,0,1053,1257,202,406,41616,0.02,37464,/home/amos/media/tv/White.Collar.S01-S06.1080p.BluRay.x265-RARBG/White.Collar.S06.1080p.WEBRip.x265-RARBG/White.Collar.S06E04.1080p.WEBRip.x265-RARBG.mp4,6,4,1358522,data/encodings/1358522/1358522_S06E04_37464_0.npy
1949,1080,1920,0,1033,1236,202,406,41412,0.02,37488,/home/amos/media/tv/White.Collar.S01-S06.1080p.BluRay.x265-RARBG/White.Collar.S06.1080p.WEBRip.x265-RARBG/White.Collar.S06E04.1080p.WEBRip.x265-RARBG.mp4,6,4,1358522,data/encodings/1358522/1358522_S06E04_37488_0.npy
1950,1080,1920,0,699,869,233,403,28900,0.014,37512,/home/amos/media/tv/White.Collar.S01-S06.1080p.BluRay.x265-RARBG/White.Collar.S06.1080p.WEBRip.x265-RARBG/White.Collar.S06E04.1080p.WEBRip.x265-RARBG.mp4,6,4,1358522,data/encodings/1358522/1358522_S06E04_37512_0.npy
1951,1080,1920,0,750,920,267,437,28900,0.014,37536,/home/amos/media/tv/White.Collar.S01-S06.1080p.BluRay.x265-RARBG/White.Collar.S06.1080p.WEBRip.x265-RARBG/White.Collar.S06E04.1080p.WEBRip.x265-RARBG.mp4,6,4,1358522,data/encodings/1358522/1358522_S06E04_37536_0.npy
1952,1080,1920,0,723,927,347,551,41616,0.02,37560,/home/amos/media/tv/White.Collar.S01-S06.1080p.BluRay.x265-RARBG/White.Collar.S06.1080p.WEBRip.x265-RARBG/White.Collar.S06E04.1080p.WEBRip.x265-RARBG.mp4,6,4,1358522,data/encodings/1358522/1358522_S06E04_37560_0.npy
1953,1080,1920,0,702,906,202,406,41616,0.02,37584,/home/amos/media/tv/White.Collar.S01-S06.1080p.BluRay.x265-RARBG/White.Collar.S06.1080p.WEBRip.x265-RARBG/White.Collar.S06E04.1080p.WEBRip.x265-RARBG.mp4,6,4,1358522,data/encodings/1358522/1358522_S06E04_37584_0.npy
1954,1080,1920,0,971,1174,285,489,41412,0.02,37608,/home/amos/media/tv/White.Collar.S01-S06.1080p.BluRay.x265-RARBG/White.Collar.S06.1080p.WEBRip.x265-RARBG/White.Collar.S06E04.1080p.WEBRip.x265-RARBG.mp4,6,4,1358522,data/encodings/1358522/1358522_S06E04_37608_0.npy
1955,1080,1920,0,979,1224,181,426,60025,0.029,37632,/home/amos/media/tv/White.Collar.S01-S06.1080p.BluRay.x265-RARBG/White.Collar.S06.1080p.WEBRip.x265-RARBG/White.Collar.S06E04.1080p.WEBRip.x265-RARBG.mp4,6,4,1358522,data/encodings/1358522/1358522_S06E04_37632_0.npy
1956,1080,1920,0,512,934,175,598,178506,0.086,37656,/home/amos/media/tv/White.Collar.S01-S06.1080p.BluRay.x265-RARBG/White.Collar.S06.1080p.WEBRip.x265-RARBG/White.Collar.S06E04.1080p.WEBRip.x265-RARBG.mp4,6,4,1358522,data/encodings/1358522/1358522_S06E04_37656_0.npy
1957,1080,1920,0,512,934,175,598,178506,0.086,37680,/home/amos/media/tv/White.Collar.S01-S06.1080p.BluRay.x265-RARBG/White.Collar.S06.1080p.WEBRip.x265-RARBG/White.Collar.S06E04.1080p.WEBRip.x265-RARBG.mp4,6,4,1358522,data/encodings/1358522/1358522_S06E04_37680_0.npy
1958,1080,1920,0,469,891,89,512,178506,0.086,37704,/home/amos/media/tv/White.Collar.S01-S06.1080p.BluRay.x265-RARBG/White.Collar.S06.1080p.WEBRip.x265-RARBG/White.Collar.S06E04.1080p.WEBRip.x265-RARBG.mp4,6,4,1358522,data/encodings/1358522/1358522_S06E04_37704_0.npy
1959,1080,1920,0,569,921,208,560,123904,0.06,37728,/home/amos/media/tv/White.Collar.S01-S06.1080p.BluRay.x265-RARBG/White.Collar.S06.1080p.WEBRip.x265-RARBG/White.Collar.S06E04.1080p.WEBRip.x265-RARBG.mp4,6,4,1358522,data/encodings/1358522/1358522_S06E04_37728_0.npy
1960,1080,1920,0,894,962,373,442,4692,0.002,37752,/home/amos/media/tv/White.Collar.S01-S06.1080p.BluRay.x265-RARBG/White.Collar.S06.1080p.WEBRip.x265-RARBG/White.Collar.S06E04.1080p.WEBRip.x265-RARBG.mp4,6,4,1358522,data/encodings/1358522/1358522_S06E04_37752_0.npy
1961,1080,1920,0,874,956,386,468,6724,0.003,37776,/home/amos/media/tv/White.Collar.S01-S06.1080p.BluRay.x265-RARBG/White.Collar.S06.1080p.WEBRip.x265-RARBG/White.Collar.S06E04.1080p.WEBRip.x265-RARBG.mp4,6,4,1358522,data/encodings/1358522/1358522_S06E04_37776_0.npy
1962,1080,1920,0,880,948,380,449,4692,0.002,37800,/home/amos/media/tv/White.Collar.S01-S06.1080p.BluRay.x265-RARBG/White.Collar.S06.1080p.WEBRip.x265-RARBG/White.Collar.S06E04.1080p.WEBRip.x265-RARBG.mp4,6,4,1358522,data/encodings/1358522/1358522_S06E04_37800_0.npy
1963,1080,1920,0,533,885,208,560,123904,0.06,37824,/home/amos/media/tv/White.Collar.S01-S06.1080p.BluRay.x265-RARBG/White.Collar.S06.1080p.WEBRip.x265-RARBG/White.Collar.S06E04.1080p.WEBRip.x265-RARBG.mp4,6,4,1358522,data/encodings/1358522/1358522_S06E04_37824_0.npy
1964,1080,1920,0,497,849,244,596,123904,0.06,37848,/home/amos/media/tv/White.Collar.S01-S06.1080p.BluRay.x265-RARBG/White.Collar.S06.1080p.WEBRip.x265-RARBG/White.Collar.S06E04.1080p.WEBRip.x265-RARBG.mp4,6,4,1358522,data/encodings/1358522/1358522_S06E04_37848_0.npy
1965,1080,1920,0,526,819,136,429,85849,0.041,37872,/home/amos/media/tv/White.Collar.S01-S06.1080p.BluRay.x265-RARBG/White.Collar.S06.1080p.WEBRip.x265-RARBG/White.Collar.S06E04.1080p.WEBRip.x265-RARBG.mp4,6,4,1358522,data/encodings/1358522/1358522_S06E04_37872_0.npy
1966,1080,1920,0,497,849,137,489,123904,0.06,37896,/home/amos/media/tv/White.Collar.S01-S06.1080p.BluRay.x265-RARBG/White.Collar.S06.1080p.WEBRip.x265-RARBG/White.Collar.S06E04.1080p.WEBRip.x265-RARBG.mp4,6,4,1358522,data/encodings/1358522/1358522_S06E04_37896_0.npy
1967,1080,1920,0,955,1199,330,574,59536,0.029,37920,/home/amos/media/tv/White.Collar.S01-S06.1080p.BluRay.x265-RARBG/White.Collar.S06.1080p.WEBRip.x265-RARBG/White.Collar.S06E04.1080p.WEBRip.x265-RARBG.mp4,6,4,1358522,data/encodings/1358522/1358522_S06E04_37920_0.npy
1968,1080,1920,0,888,1092,223,427,41616,0.02,37944,/home/amos/media/tv/White.Collar.S01-S06.1080p.BluRay.x265-RARBG/White.Collar.S06.1080p.WEBRip.x265-RARBG/White.Collar.S06E04.1080p.WEBRip.x265-RARBG.mp4,6,4,1358522,data/encodings/1358522/1358522_S06E04_37944_0.npy
1969,1080,1920,0,854,1024,267,437,28900,0.014,37968,/home/amos/media/tv/White.Collar.S01-S06.1080p.BluRay.x265-RARBG/White.Collar.S06.1080p.WEBRip.x265-RARBG/White.Collar.S06E04.1080p.WEBRip.x265-RARBG.mp4,6,4,1358522,data/encodings/1358522/1358522_S06E04_37968_0.npy
1970,1080,1920,0,871,1041,233,403,28900,0.014,37992,/home/amos/media/tv/White.Collar.S01-S06.1080p.BluRay.x265-RARBG/White.Collar.S06.1080p.WEBRip.x265-RARBG/White.Collar.S06E04.1080p.WEBRip.x265-RARBG.mp4,6,4,1358522,data/encodings/1358522/1358522_S06E04_37992_0.npy
1971,1080,1920,0,856,1100,231,475,59536,0.029,38016,/home/amos/media/tv/White.Collar.S01-S06.1080p.BluRay.x265-RARBG/White.Collar.S06.1080p.WEBRip.x265-RARBG/White.Collar.S06E04.1080p.WEBRip.x265-RARBG.mp4,6,4,1358522,data/encodings/1358522/1358522_S06E04_38016_0.npy
1972,1080,1920,0,997,1349,244,596,123904,0.06,38040,/home/amos/media/tv/White.Collar.S01-S06.1080p.BluRay.x265-RARBG/White.Collar.S06.1080p.WEBRip.x265-RARBG/White.Collar.S06E04.1080p.WEBRip.x265-RARBG.mp4,6,4,1358522,data/encodings/1358522/1358522_S06E04_38040_0.npy
1973,1080,1920,0,997,1349,244,596,123904,0.06,38064,/home/amos/media/tv/White.Collar.S01-S06.1080p.BluRay.x265-RARBG/White.Collar.S06.1080p.WEBRip.x265-RARBG/White.Collar.S06E04.1080p.WEBRip.x265-RARBG.mp4,6,4,1358522,data/encodings/1358522/1358522_S06E04_38064_0.npy
1974,1080,1920,0,569,921,172,525,124256,0.06,38088,/home/amos/media/tv/White.Collar.S01-S06.1080p.BluRay.x265-RARBG/White.Collar.S06.1080p.WEBRip.x265-RARBG/White.Collar.S06E04.1080p.WEBRip.x265-RARBG.mp4,6,4,1358522,data/encodings/1358522/1358522_S06E04_38088_0.npy
1975,1080,1920,0,569,921,208,560,123904,0.06,38112,/home/amos/media/tv/White.Collar.S01-S06.1080p.BluRay.x265-RARBG/White.Collar.S06.1080p.WEBRip.x265-RARBG/White.Collar.S06E04.1080p.WEBRip.x265-RARBG.mp4,6,4,1358522,data/encodings/1358522/1358522_S06E04_38112_0.npy
1976,1080,1920,0,569,921,244,596,123904,0.06,38136,/home/amos/media/tv/White.Collar.S01-S06.1080p.BluRay.x265-RARBG/White.Collar.S06.1080p.WEBRip.x265-RARBG/White.Collar.S06E04.1080p.WEBRip.x265-RARBG.mp4,6,4,1358522,data/encodings/1358522/1358522_S06E04_38136_0.npy
1977,1080,1920,0,979,1224,305,550,60025,0.029,38160,/home/amos/media/tv/White.Collar.S01-S06.1080p.BluRay.x265-RARBG/White.Collar.S06.1080p.WEBRip.x265-RARBG/White.Collar.S06E04.1080p.WEBRip.x265-RARBG.mp4,6,4,1358522,data/encodings/1358522/1358522_S06E04_38160_0.npy
1978,1080,1920,0,942,1235,285,578,85849,0.041,38184,/home/amos/media/tv/White.Collar.S01-S06.1080p.BluRay.x265-RARBG/White.Collar.S06.1080p.WEBRip.x265-RARBG/White.Collar.S06E04.1080p.WEBRip.x265-RARBG.mp4,6,4,1358522,data/encodings/1358522/1358522_S06E04_38184_0.npy
1979,1080,1920,0,585,878,195,489,86142,0.042,38208,/home/amos/media/tv/White.Collar.S01-S06.1080p.BluRay.x265-RARBG/White.Collar.S06.1080p.WEBRip.x265-RARBG/White.Collar.S06E04.1080p.WEBRip.x265-RARBG.mp4,6,4,1358522,data/encodings/1358522/1358522_S06E04_38208_0.npy
1980,1080,1920,0,533,885,172,525,124256,0.06,38232,/home/amos/media/tv/White.Collar.S01-S06.1080p.BluRay.x265-RARBG/White.Collar.S06.1080p.WEBRip.x265-RARBG/White.Collar.S06E04.1080p.WEBRip.x265-RARBG.mp4,6,4,1358522,data/encodings/1358522/1358522_S06E04_38232_0.npy
1981,1080,1920,0,526,819,166,459,85849,0.041,38256,/home/amos/media/tv/White.Collar.S01-S06.1080p.BluRay.x265-RARBG/White.Collar.S06.1080p.WEBRip.x265-RARBG/White.Collar.S06E04.1080p.WEBRip.x265-RARBG.mp4,6,4,1358522,data/encodings/1358522/1358522_S06E04_38256_0.npy
1982,1080,1920,0,533,885,137,489,123904,0.06,38280,/home/amos/media/tv/White.Collar.S01-S06.1080p.BluRay.x265-RARBG/White.Collar.S06.1080p.WEBRip.x265-RARBG/White.Collar.S06E04.1080p.WEBRip.x265-RARBG.mp4,6,4,1358522,data/encodings/1358522/1358522_S06E04_38280_0.npy
1983,1080,1920,0,929,1133,264,468,41616,0.02,38304,/home/amos/media/tv/White.Collar.S01-S06.1080p.BluRay.x265-RARBG/White.Collar.S06.1080p.WEBRip.x265-RARBG/White.Collar.S06E04.1080p.WEBRip.x265-RARBG.mp4,6,4,1358522,data/encodings/1358522/1358522_S06E04_38304_0.npy
1984,1080,1920,0,929,1133,326,530,41616,0.02,38328,/home/amos/media/tv/White.Collar.S01-S06.1080p.BluRay.x265-RARBG/White.Collar.S06.1080p.WEBRip.x265-RARBG/White.Collar.S06E04.1080p.WEBRip.x265-RARBG.mp4,6,4,1358522,data/encodings/1358522/1358522_S06E04_38328_0.npy
1985,1080,1920,0,909,1113,347,551,41616,0.02,38352,/home/amos/media/tv/White.Collar.S01-S06.1080p.BluRay.x265-RARBG/White.Collar.S06.1080p.WEBRip.x265-RARBG/White.Collar.S06E04.1080p.WEBRip.x265-RARBG.mp4,6,4,1358522,data/encodings/1358522/1358522_S06E04_38352_0.npy
1986,1080,1920,0,512,934,175,598,178506,0.086,38376,/home/amos/media/tv/White.Collar.S01-S06.1080p.BluRay.x265-RARBG/White.Collar.S06.1080p.WEBRip.x265-RARBG/White.Collar.S06E04.1080p.WEBRip.x265-RARBG.mp4,6,4,1358522,data/encodings/1358522/1358522_S06E04_38376_0.npy
1987,1080,1920,0,909,1113,347,551,41616,0.02,38400,/home/amos/media/tv/White.Collar.S01-S06.1080p.BluRay.x265-RARBG/White.Collar.S06.1080p.WEBRip.x265-RARBG/White.Collar.S06E04.1080p.WEBRip.x265-RARBG.mp4,6,4,1358522,data/encodings/1358522/1358522_S06E04_38400_0.npy
1988,1080,1920,0,888,1092,347,551,41616,0.02,38424,/home/amos/media/tv/White.Collar.S01-S06.1080p.BluRay.x265-RARBG/White.Collar.S06.1080p.WEBRip.x265-RARBG/White.Collar.S06E04.1080p.WEBRip.x265-RARBG.mp4,6,4,1358522,data/encodings/1358522/1358522_S06E04_38424_0.npy
1989,1080,1920,0,950,1154,182,385,41412,0.02,38448,/home/amos/media/tv/White.Collar.S01-S06.1080p.BluRay.x265-RARBG/White.Collar.S06.1080p.WEBRip.x265-RARBG/White.Collar.S06E04.1080p.WEBRip.x265-RARBG.mp4,6,4,1358522,data/encodings/1358522/1358522_S06E04_38448_0.npy
1990,1080,1920,0,555,849,195,489,86436,0.042,38472,/home/amos/media/tv/White.Collar.S01-S06.1080p.BluRay.x265-RARBG/White.Collar.S06.1080p.WEBRip.x265-RARBG/White.Collar.S06E04.1080p.WEBRip.x265-RARBG.mp4,6,4,1358522,data/encodings/1358522/1358522_S06E04_38472_0.npy
1991,1080,1920,0,569,921,172,525,124256,0.06,38496,/home/amos/media/tv/White.Collar.S01-S06.1080p.BluRay.x265-RARBG/White.Collar.S06.1080p.WEBRip.x265-RARBG/White.Collar.S06E04.1080p.WEBRip.x265-RARBG.mp4,6,4,1358522,data/encodings/1358522/1358522_S06E04_38496_0.npy
1992,1080,1920,0,533,885,208,560,123904,0.06,38520,/home/amos/media/tv/White.Collar.S01-S06.1080p.BluRay.x265-RARBG/White.Collar.S06.1080p.WEBRip.x265-RARBG/White.Collar.S06E04.1080p.WEBRip.x265-RARBG.mp4,6,4,1358522,data/encodings/1358522/1358522_S06E04_38520_0.npy
1993,1080,1920,0,961,1313,208,560,123904,0.06,38544,/home/amos/media/tv/White.Collar.S01-S06.1080p.BluRay.x265-RARBG/White.Collar.S06.1080p.WEBRip.x265-RARBG/White.Collar.S06E04.1080p.WEBRip.x265-RARBG.mp4,6,4,1358522,data/encodings/1358522/1358522_S06E04_38544_0.npy
1994,1080,1920,0,497,849,65,418,124256,0.06,38568,/home/amos/media/tv/White.Collar.S01-S06.1080p.BluRay.x265-RARBG/White.Collar.S06.1080p.WEBRip.x265-RARBG/White.Collar.S06E04.1080p.WEBRip.x265-RARBG.mp4,6,4,1358522,data/encodings/1358522/1358522_S06E04_38568_0.npy
1995,1080,1920,0,462,814,65,418,124256,0.06,38592,/home/amos/media/tv/White.Collar.S01-S06.1080p.BluRay.x265-RARBG/White.Collar.S06.1080p.WEBRip.x265-RARBG/White.Collar.S06E04.1080p.WEBRip.x265-RARBG.mp4,6,4,1358522,data/encodings/1358522/1358522_S06E04_38592_0.npy
1996,1080,1920,0,533,885,172,525,124256,0.06,38616,/home/amos/media/tv/White.Collar.S01-S06.1080p.BluRay.x265-RARBG/White.Collar.S06.1080p.WEBRip.x265-RARBG/White.Collar.S06E04.1080p.WEBRip.x265-RARBG.mp4,6,4,1358522,data/encodings/1358522/1358522_S06E04_38616_0.npy
1997,1080,1920,0,533,885,172,525,124256,0.06,38640,/home/amos/media/tv/White.Collar.S01-S06.1080p.BluRay.x265-RARBG/White.Collar.S06.1080p.WEBRip.x265-RARBG/White.Collar.S06E04.1080p.WEBRip.x265-RARBG.mp4,6,4,1358522,data/encodings/1358522/1358522_S06E04_38640_0.npy
1998,1080,1920,0,854,1277,175,598,178929,0.086,38664,/home/amos/media/tv/White.Collar.S01-S06.1080p.BluRay.x265-RARBG/White.Collar.S06.1080p.WEBRip.x265-RARBG/White.Collar.S06E04.1080p.WEBRip.x265-RARBG.mp4,6,4,1358522,data/encodings/1358522/1358522_S06E04_38664_0.npy
1999,1080,1920,0,890,1242,244,596,123904,0.06,38688,/home/amos/media/tv/White.Collar.S01-S06.1080p.BluRay.x265-RARBG/White.Collar.S06.1080p.WEBRip.x265-RARBG/White.Collar.S06E04.1080p.WEBRip.x265-RARBG.mp4,6,4,1358522,data/encodings/1358522/1358522_S06E04_38688_0.npy
2000,1080,1920,0,711,1063,315,667,123904,0.06,38712,/home/amos/media/tv/White.Collar.S01-S06.1080p.BluRay.x265-RARBG/White.Collar.S06.1080p.WEBRip.x265-RARBG/White.Collar.S06E04.1080p.WEBRip.x265-RARBG.mp4,6,4,1358522,data/encodings/1358522/1358522_S06E04_38712_0.npy
2001,1080,1920,0,497,849,172,525,124256,0.06,38760,/home/amos/media/tv/White.Collar.S01-S06.1080p.BluRay.x265-RARBG/White.Collar.S06.1080p.WEBRip.x265-RARBG/White.Collar.S06E04.1080p.WEBRip.x265-RARBG.mp4,6,4,1358522,data/encodings/1358522/1358522_S06E04_38760_0.npy
2002,1080,1920,0,604,956,208,560,123904,0.06,38784,/home/amos/media/tv/White.Collar.S01-S06.1080p.BluRay.x265-RARBG/White.Collar.S06.1080p.WEBRip.x265-RARBG/White.Collar.S06E04.1080p.WEBRip.x265-RARBG.mp4,6,4,1358522,data/encodings/1358522/1358522_S06E04_38784_0.npy
2003,1080,1920,0,585,878,195,489,86142,0.042,38808,/home/amos/media/tv/White.Collar.S01-S06.1080p.BluRay.x265-RARBG/White.Collar.S06.1080p.WEBRip.x265-RARBG/White.Collar.S06E04.1080p.WEBRip.x265-RARBG.mp4,6,4,1358522,data/encodings/1358522/1358522_S06E04_38808_0.npy
2004,1080,1920,0,971,1265,314,608,86436,0.042,38832,/home/amos/media/tv/White.Collar.S01-S06.1080p.BluRay.x265-RARBG/White.Collar.S06.1080p.WEBRip.x265-RARBG/White.Collar.S06E04.1080p.WEBRip.x265-RARBG.mp4,6,4,1358522,data/encodings/1358522/1358522_S06E04_38832_0.npy
2005,1080,1920,0,526,819,136,429,85849,0.041,38856,/home/amos/media/tv/White.Collar.S01-S06.1080p.BluRay.x265-RARBG/White.Collar.S06.1080p.WEBRip.x265-RARBG/White.Collar.S06E04.1080p.WEBRip.x265-RARBG.mp4,6,4,1358522,data/encodings/1358522/1358522_S06E04_38856_0.npy
2006,1080,1920,0,426,778,208,560,123904,0.06,38880,/home/amos/media/tv/White.Collar.S01-S06.1080p.BluRay.x265-RARBG/White.Collar.S06.1080p.WEBRip.x265-RARBG/White.Collar.S06E04.1080p.WEBRip.x265-RARBG.mp4,6,4,1358522,data/encodings/1358522/1358522_S06E04_38880_0.npy
2007,1080,1920,0,1139,1491,0,346,121792,0.059,38928,/home/amos/media/tv/White.Collar.S01-S06.1080p.BluRay.x265-RARBG/White.Collar.S06.1080p.WEBRip.x265-RARBG/White.Collar.S06E04.1080p.WEBRip.x265-RARBG.mp4,6,4,1358522,data/encodings/1358522/1358522_S06E04_38928_0.npy
2008,1080,1920,0,783,1135,244,596,123904,0.06,38952,/home/amos/media/tv/White.Collar.S01-S06.1080p.BluRay.x265-RARBG/White.Collar.S06.1080p.WEBRip.x265-RARBG/White.Collar.S06E04.1080p.WEBRip.x265-RARBG.mp4,6,4,1358522,data/encodings/1358522/1358522_S06E04_38952_0.npy
2009,1080,1920,0,854,1206,279,632,124256,0.06,39072,/home/amos/media/tv/White.Collar.S01-S06.1080p.BluRay.x265-RARBG/White.Collar.S06.1080p.WEBRip.x265-RARBG/White.Collar.S06E04.1080p.WEBRip.x265-RARBG.mp4,6,4,1358522,data/encodings/1358522/1358522_S06E04_39072_0.npy
2010,1080,1920,0,747,1099,208,560,123904,0.06,39096,/home/amos/media/tv/White.Collar.S01-S06.1080p.BluRay.x265-RARBG/White.Collar.S06.1080p.WEBRip.x265-RARBG/White.Collar.S06E04.1080p.WEBRip.x265-RARBG.mp4,6,4,1358522,data/encodings/1358522/1358522_S06E04_39096_0.npy
2011,1080,1920,0,893,932,545,585,1560,0.001,39120,/home/amos/media/tv/White.Collar.S01-S06.1080p.BluRay.x265-RARBG/White.Collar.S06.1080p.WEBRip.x265-RARBG/White.Collar.S06E04.1080p.WEBRip.x265-RARBG.mp4,6,4,1358522,data/encodings/1358522/1358522_S06E04_39120_0.npy
2012,1080,1920,0,893,932,545,585,1560,0.001,39144,/home/amos/media/tv/White.Collar.S01-S06.1080p.BluRay.x265-RARBG/White.Collar.S06.1080p.WEBRip.x265-RARBG/White.Collar.S06E04.1080p.WEBRip.x265-RARBG.mp4,6,4,1358522,data/encodings/1358522/1358522_S06E04_39144_0.npy
2013,1080,1920,0,922,1092,112,282,28900,0.014,39192,/home/amos/media/tv/White.Collar.S01-S06.1080p.BluRay.x265-RARBG/White.Collar.S06.1080p.WEBRip.x265-RARBG/White.Collar.S06E04.1080p.WEBRip.x265-RARBG.mp4,6,4,1358522,data/encodings/1358522/1358522_S06E04_39192_0.npy
2014,1080,1920,0,750,920,181,351,28900,0.014,39240,/home/amos/media/tv/White.Collar.S01-S06.1080p.BluRay.x265-RARBG/White.Collar.S06.1080p.WEBRip.x265-RARBG/White.Collar.S06E04.1080p.WEBRip.x265-RARBG.mp4,6,4,1358522,data/encodings/1358522/1358522_S06E04_39240_0.npy
2015,1080,1920,0,1090,1384,195,489,86436,0.042,39312,/home/amos/media/tv/White.Collar.S01-S06.1080p.BluRay.x265-RARBG/White.Collar.S06.1080p.WEBRip.x265-RARBG/White.Collar.S06E04.1080p.WEBRip.x265-RARBG.mp4,6,4,1358522,data/encodings/1358522/1358522_S06E04_39312_0.npy
2016,1080,1920,0,1120,1413,195,489,86142,0.042,39336,/home/amos/media/tv/White.Collar.S01-S06.1080p.BluRay.x265-RARBG/White.Collar.S06.1080p.WEBRip.x265-RARBG/White.Collar.S06E04.1080p.WEBRip.x265-RARBG.mp4,6,4,1358522,data/encodings/1358522/1358522_S06E04_39336_0.npy
2017,1080,1920,0,1090,1384,195,489,86436,0.042,39360,/home/amos/media/tv/White.Collar.S01-S06.1080p.BluRay.x265-RARBG/White.Collar.S06.1080p.WEBRip.x265-RARBG/White.Collar.S06E04.1080p.WEBRip.x265-RARBG.mp4,6,4,1358522,data/encodings/1358522/1358522_S06E04_39360_0.npy
2018,1080,1920,0,1120,1413,225,519,86142,0.042,39384,/home/amos/media/tv/White.Collar.S01-S06.1080p.BluRay.x265-RARBG/White.Collar.S06.1080p.WEBRip.x265-RARBG/White.Collar.S06E04.1080p.WEBRip.x265-RARBG.mp4,6,4,1358522,data/encodings/1358522/1358522_S06E04_39384_0.npy
2019,1080,1920,0,1120,1413,195,489,86142,0.042,39408,/home/amos/media/tv/White.Collar.S01-S06.1080p.BluRay.x265-RARBG/White.Collar.S06.1080p.WEBRip.x265-RARBG/White.Collar.S06E04.1080p.WEBRip.x265-RARBG.mp4,6,4,1358522,data/encodings/1358522/1358522_S06E04_39408_0.npy
2020,1080,1920,0,1090,1384,225,519,86436,0.042,39432,/home/amos/media/tv/White.Collar.S01-S06.1080p.BluRay.x265-RARBG/White.Collar.S06.1080p.WEBRip.x265-RARBG/White.Collar.S06E04.1080p.WEBRip.x265-RARBG.mp4,6,4,1358522,data/encodings/1358522/1358522_S06E04_39432_0.npy
2021,1080,1920,0,1068,1420,208,560,123904,0.06,39456,/home/amos/media/tv/White.Collar.S01-S06.1080p.BluRay.x265-RARBG/White.Collar.S06.1080p.WEBRip.x265-RARBG/White.Collar.S06E04.1080p.WEBRip.x265-RARBG.mp4,6,4,1358522,data/encodings/1358522/1358522_S06E04_39456_0.npy
2022,1080,1920,0,1068,1420,208,560,123904,0.06,39480,/home/amos/media/tv/White.Collar.S01-S06.1080p.BluRay.x265-RARBG/White.Collar.S06.1080p.WEBRip.x265-RARBG/White.Collar.S06E04.1080p.WEBRip.x265-RARBG.mp4,6,4,1358522,data/encodings/1358522/1358522_S06E04_39480_0.npy
2023,1080,1920,0,793,1087,136,429,86142,0.042,39504,/home/amos/media/tv/White.Collar.S01-S06.1080p.BluRay.x265-RARBG/White.Collar.S06.1080p.WEBRip.x265-RARBG/White.Collar.S06E04.1080p.WEBRip.x265-RARBG.mp4,6,4,1358522,data/encodings/1358522/1358522_S06E04_39504_0.npy
2024,1080,1920,0,783,1135,137,489,123904,0.06,39528,/home/amos/media/tv/White.Collar.S01-S06.1080p.BluRay.x265-RARBG/White.Collar.S06.1080p.WEBRip.x265-RARBG/White.Collar.S06E04.1080p.WEBRip.x265-RARBG.mp4,6,4,1358522,data/encodings/1358522/1358522_S06E04_39528_0.npy
2025,1080,1920,0,823,1116,166,459,85849,0.041,39552,/home/amos/media/tv/White.Collar.S01-S06.1080p.BluRay.x265-RARBG/White.Collar.S06.1080p.WEBRip.x265-RARBG/White.Collar.S06E04.1080p.WEBRip.x265-RARBG.mp4,6,4,1358522,data/encodings/1358522/1358522_S06E04_39552_0.npy
2026,1080,1920,0,674,968,166,459,86142,0.042,39576,/home/amos/media/tv/White.Collar.S01-S06.1080p.BluRay.x265-RARBG/White.Collar.S06.1080p.WEBRip.x265-RARBG/White.Collar.S06E04.1080p.WEBRip.x265-RARBG.mp4,6,4,1358522,data/encodings/1358522/1358522_S06E04_39576_0.npy
2027,1080,1920,0,676,1028,172,525,124256,0.06,39600,/home/amos/media/tv/White.Collar.S01-S06.1080p.BluRay.x265-RARBG/White.Collar.S06.1080p.WEBRip.x265-RARBG/White.Collar.S06E04.1080p.WEBRip.x265-RARBG.mp4,6,4,1358522,data/encodings/1358522/1358522_S06E04_39600_0.npy
2028,1080,1920,0,763,1057,166,459,86142,0.042,39648,/home/amos/media/tv/White.Collar.S01-S06.1080p.BluRay.x265-RARBG/White.Collar.S06.1080p.WEBRip.x265-RARBG/White.Collar.S06E04.1080p.WEBRip.x265-RARBG.mp4,6,4,1358522,data/encodings/1358522/1358522_S06E04_39648_0.npy
2029,1080,1920,0,763,1057,195,489,86436,0.042,39672,/home/amos/media/tv/White.Collar.S01-S06.1080p.BluRay.x265-RARBG/White.Collar.S06.1080p.WEBRip.x265-RARBG/White.Collar.S06E04.1080p.WEBRip.x265-RARBG.mp4,6,4,1358522,data/encodings/1358522/1358522_S06E04_39672_0.npy
2030,1080,1920,0,1032,1384,208,560,123904,0.06,39696,/home/amos/media/tv/White.Collar.S01-S06.1080p.BluRay.x265-RARBG/White.Collar.S06.1080p.WEBRip.x265-RARBG/White.Collar.S06E04.1080p.WEBRip.x265-RARBG.mp4,6,4,1358522,data/encodings/1358522/1358522_S06E04_39696_0.npy
2031,1080,1920,0,1090,1384,195,489,86436,0.042,39720,/home/amos/media/tv/White.Collar.S01-S06.1080p.BluRay.x265-RARBG/White.Collar.S06.1080p.WEBRip.x265-RARBG/White.Collar.S06E04.1080p.WEBRip.x265-RARBG.mp4,6,4,1358522,data/encodings/1358522/1358522_S06E04_39720_0.npy
2032,1080,1920,0,1179,1473,225,519,86436,0.042,39744,/home/amos/media/tv/White.Collar.S01-S06.1080p.BluRay.x265-RARBG/White.Collar.S06.1080p.WEBRip.x265-RARBG/White.Collar.S06E04.1080p.WEBRip.x265-RARBG.mp4,6,4,1358522,data/encodings/1358522/1358522_S06E04_39744_0.npy
2033,1080,1920,0,1068,1420,208,560,123904,0.06,39768,/home/amos/media/tv/White.Collar.S01-S06.1080p.BluRay.x265-RARBG/White.Collar.S06.1080p.WEBRip.x265-RARBG/White.Collar.S06E04.1080p.WEBRip.x265-RARBG.mp4,6,4,1358522,data/encodings/1358522/1358522_S06E04_39768_0.npy
2034,1080,1920,0,1150,1443,255,548,85849,0.041,39792,/home/amos/media/tv/White.Collar.S01-S06.1080p.BluRay.x265-RARBG/White.Collar.S06.1080p.WEBRip.x265-RARBG/White.Collar.S06E04.1080p.WEBRip.x265-RARBG.mp4,6,4,1358522,data/encodings/1358522/1358522_S06E04_39792_0.npy
2035,1080,1920,0,794,1301,313,820,257049,0.124,39816,/home/amos/media/tv/White.Collar.S01-S06.1080p.BluRay.x265-RARBG/White.Collar.S06.1080p.WEBRip.x265-RARBG/White.Collar.S06E04.1080p.WEBRip.x265-RARBG.mp4,6,4,1358522,data/encodings/1358522/1358522_S06E04_39816_0.npy
2036,1080,1920,0,794,1301,262,769,257049,0.124,39840,/home/amos/media/tv/White.Collar.S01-S06.1080p.BluRay.x265-RARBG/White.Collar.S06.1080p.WEBRip.x265-RARBG/White.Collar.S06E04.1080p.WEBRip.x265-RARBG.mp4,6,4,1358522,data/encodings/1358522/1358522_S06E04_39840_0.npy
2037,1080,1920,0,854,1277,261,683,178506,0.086,39864,/home/amos/media/tv/White.Collar.S01-S06.1080p.BluRay.x265-RARBG/White.Collar.S06.1080p.WEBRip.x265-RARBG/White.Collar.S06E04.1080p.WEBRip.x265-RARBG.mp4,6,4,1358522,data/encodings/1358522/1358522_S06E04_39864_0.npy
2038,1080,1920,0,854,1277,261,683,178506,0.086,39888,/home/amos/media/tv/White.Collar.S01-S06.1080p.BluRay.x265-RARBG/White.Collar.S06.1080p.WEBRip.x265-RARBG/White.Collar.S06E04.1080p.WEBRip.x265-RARBG.mp4,6,4,1358522,data/encodings/1358522/1358522_S06E04_39888_0.npy
2039,1080,1920,0,845,1353,364,872,258064,0.124,39912,/home/amos/media/tv/White.Collar.S01-S06.1080p.BluRay.x265-RARBG/White.Collar.S06.1080p.WEBRip.x265-RARBG/White.Collar.S06E04.1080p.WEBRip.x265-RARBG.mp4,6,4,1358522,data/encodings/1358522/1358522_S06E04_39912_0.npy
2040,1080,1920,0,845,1353,364,872,258064,0.124,39936,/home/amos/media/tv/White.Collar.S01-S06.1080p.BluRay.x265-RARBG/White.Collar.S06.1080p.WEBRip.x265-RARBG/White.Collar.S06E04.1080p.WEBRip.x265-RARBG.mp4,6,4,1358522,data/encodings/1358522/1358522_S06E04_39936_0.npy
2041,1080,1920,0,743,1250,262,769,257049,0.124,39960,/home/amos/media/tv/White.Collar.S01-S06.1080p.BluRay.x265-RARBG/White.Collar.S06.1080p.WEBRip.x265-RARBG/White.Collar.S06E04.1080p.WEBRip.x265-RARBG.mp4,6,4,1358522,data/encodings/1358522/1358522_S06E04_39960_0.npy
2042,1080,1920,0,734,1027,255,548,85849,0.041,39984,/home/amos/media/tv/White.Collar.S01-S06.1080p.BluRay.x265-RARBG/White.Collar.S06.1080p.WEBRip.x265-RARBG/White.Collar.S06E04.1080p.WEBRip.x265-RARBG.mp4,6,4,1358522,data/encodings/1358522/1358522_S06E04_39984_0.npy
2043,1080,1920,0,793,1087,255,548,86142,0.042,40008,/home/amos/media/tv/White.Collar.S01-S06.1080p.BluRay.x265-RARBG/White.Collar.S06.1080p.WEBRip.x265-RARBG/White.Collar.S06E04.1080p.WEBRip.x265-RARBG.mp4,6,4,1358522,data/encodings/1358522/1358522_S06E04_40008_0.npy
2044,1080,1920,0,785,989,161,365,41616,0.02,40056,/home/amos/media/tv/White.Collar.S01-S06.1080p.BluRay.x265-RARBG/White.Collar.S06.1080p.WEBRip.x265-RARBG/White.Collar.S06E04.1080p.WEBRip.x265-RARBG.mp4,6,4,1358522,data/encodings/1358522/1358522_S06E04_40056_0.npy
2045,1080,1920,0,1112,1281,250,420,28730,0.014,40080,/home/amos/media/tv/White.Collar.S01-S06.1080p.BluRay.x265-RARBG/White.Collar.S06.1080p.WEBRip.x265-RARBG/White.Collar.S06E04.1080p.WEBRip.x265-RARBG.mp4,6,4,1358522,data/encodings/1358522/1358522_S06E04_40080_0.npy
2046,1080,1920,1,534,778,107,351,59536,0.029,40080,/home/amos/media/tv/White.Collar.S01-S06.1080p.BluRay.x265-RARBG/White.Collar.S06.1080p.WEBRip.x265-RARBG/White.Collar.S06E04.1080p.WEBRip.x265-RARBG.mp4,6,4,1358522,data/encodings/1358522/1358522_S06E04_40080_1.npy
2047,1080,1920,0,1090,1384,285,578,86142,0.042,40104,/home/amos/media/tv/White.Collar.S01-S06.1080p.BluRay.x265-RARBG/White.Collar.S06.1080p.WEBRip.x265-RARBG/White.Collar.S06E04.1080p.WEBRip.x265-RARBG.mp4,6,4,1358522,data/encodings/1358522/1358522_S06E04_40104_0.npy
2048,1080,1920,0,1061,1354,285,578,85849,0.041,40128,/home/amos/media/tv/White.Collar.S01-S06.1080p.BluRay.x265-RARBG/White.Collar.S06.1080p.WEBRip.x265-RARBG/White.Collar.S06E04.1080p.WEBRip.x265-RARBG.mp4,6,4,1358522,data/encodings/1358522/1358522_S06E04_40128_0.npy
2049,1080,1920,0,1104,1456,279,632,124256,0.06,40152,/home/amos/media/tv/White.Collar.S01-S06.1080p.BluRay.x265-RARBG/White.Collar.S06.1080p.WEBRip.x265-RARBG/White.Collar.S06E04.1080p.WEBRip.x265-RARBG.mp4,6,4,1358522,data/encodings/1358522/1358522_S06E04_40152_0.npy
2050,1080,1920,0,974,1144,233,403,28900,0.014,40176,/home/amos/media/tv/White.Collar.S01-S06.1080p.BluRay.x265-RARBG/White.Collar.S06.1080p.WEBRip.x265-RARBG/White.Collar.S06E04.1080p.WEBRip.x265-RARBG.mp4,6,4,1358522,data/encodings/1358522/1358522_S06E04_40176_0.npy
2051,1080,1920,1,435,679,132,376,59536,0.029,40176,/home/amos/media/tv/White.Collar.S01-S06.1080p.BluRay.x265-RARBG/White.Collar.S06.1080p.WEBRip.x265-RARBG/White.Collar.S06E04.1080p.WEBRip.x265-RARBG.mp4,6,4,1358522,data/encodings/1358522/1358522_S06E04_40176_1.npy
2052,1080,1920,0,1008,1178,233,403,28900,0.014,40200,/home/amos/media/tv/White.Collar.S01-S06.1080p.BluRay.x265-RARBG/White.Collar.S06.1080p.WEBRip.x265-RARBG/White.Collar.S06E04.1080p.WEBRip.x265-RARBG.mp4,6,4,1358522,data/encodings/1358522/1358522_S06E04_40200_0.npy
2053,1080,1920,1,435,679,156,401,59780,0.029,40200,/home/amos/media/tv/White.Collar.S01-S06.1080p.BluRay.x265-RARBG/White.Collar.S06.1080p.WEBRip.x265-RARBG/White.Collar.S06E04.1080p.WEBRip.x265-RARBG.mp4,6,4,1358522,data/encodings/1358522/1358522_S06E04_40200_1.npy
2054,1080,1920,0,806,1009,285,489,41412,0.02,40224,/home/amos/media/tv/White.Collar.S01-S06.1080p.BluRay.x265-RARBG/White.Collar.S06.1080p.WEBRip.x265-RARBG/White.Collar.S06E04.1080p.WEBRip.x265-RARBG.mp4,6,4,1358522,data/encodings/1358522/1358522_S06E04_40224_0.npy
2055,1080,1920,0,1156,1360,244,447,41412,0.02,40272,/home/amos/media/tv/White.Collar.S01-S06.1080p.BluRay.x265-RARBG/White.Collar.S06.1080p.WEBRip.x265-RARBG/White.Collar.S06E04.1080p.WEBRip.x265-RARBG.mp4,6,4,1358522,data/encodings/1358522/1358522_S06E04_40272_0.npy
2056,1080,1920,0,1549,1752,409,613,41412,0.02,40296,/home/amos/media/tv/White.Collar.S01-S06.1080p.BluRay.x265-RARBG/White.Collar.S06.1080p.WEBRip.x265-RARBG/White.Collar.S06E04.1080p.WEBRip.x265-RARBG.mp4,6,4,1358522,data/encodings/1358522/1358522_S06E04_40296_0.npy
2057,1080,1920,1,261,506,305,550,60025,0.029,40296,/home/amos/media/tv/White.Collar.S01-S06.1080p.BluRay.x265-RARBG/White.Collar.S06.1080p.WEBRip.x265-RARBG/White.Collar.S06E04.1080p.WEBRip.x265-RARBG.mp4,6,4,1358522,data/encodings/1358522/1358522_S06E04_40296_1.npy
2058,1080,1920,0,942,1235,285,578,85849,0.041,40320,/home/amos/media/tv/White.Collar.S01-S06.1080p.BluRay.x265-RARBG/White.Collar.S06.1080p.WEBRip.x265-RARBG/White.Collar.S06E04.1080p.WEBRip.x265-RARBG.mp4,6,4,1358522,data/encodings/1358522/1358522_S06E04_40320_0.npy
2059,1080,1920,0,743,1250,159,666,257049,0.124,40344,/home/amos/media/tv/White.Collar.S01-S06.1080p.BluRay.x265-RARBG/White.Collar.S06.1080p.WEBRip.x265-RARBG/White.Collar.S06E04.1080p.WEBRip.x265-RARBG.mp4,6,4,1358522,data/encodings/1358522/1358522_S06E04_40344_0.npy
2060,1080,1920,0,707,952,503,748,60025,0.029,40368,/home/amos/media/tv/White.Collar.S01-S06.1080p.BluRay.x265-RARBG/White.Collar.S06.1080p.WEBRip.x265-RARBG/White.Collar.S06E04.1080p.WEBRip.x265-RARBG.mp4,6,4,1358522,data/encodings/1358522/1358522_S06E04_40368_0.npy
2061,1080,1920,0,756,1001,330,574,59780,0.029,40392,/home/amos/media/tv/White.Collar.S01-S06.1080p.BluRay.x265-RARBG/White.Collar.S06.1080p.WEBRip.x265-RARBG/White.Collar.S06E04.1080p.WEBRip.x265-RARBG.mp4,6,4,1358522,data/encodings/1358522/1358522_S06E04_40392_0.npy
2062,1080,1920,0,979,1224,231,475,59780,0.029,40416,/home/amos/media/tv/White.Collar.S01-S06.1080p.BluRay.x265-RARBG/White.Collar.S06.1080p.WEBRip.x265-RARBG/White.Collar.S06E04.1080p.WEBRip.x265-RARBG.mp4,6,4,1358522,data/encodings/1358522/1358522_S06E04_40416_0.npy
2063,1080,1920,0,1026,1195,284,454,28730,0.014,40440,/home/amos/media/tv/White.Collar.S01-S06.1080p.BluRay.x265-RARBG/White.Collar.S06.1080p.WEBRip.x265-RARBG/White.Collar.S06E04.1080p.WEBRip.x265-RARBG.mp4,6,4,1358522,data/encodings/1358522/1358522_S06E04_40440_0.npy
2064,1080,1920,0,1033,1236,264,468,41412,0.02,40464,/home/amos/media/tv/White.Collar.S01-S06.1080p.BluRay.x265-RARBG/White.Collar.S06.1080p.WEBRip.x265-RARBG/White.Collar.S06E04.1080p.WEBRip.x265-RARBG.mp4,6,4,1358522,data/encodings/1358522/1358522_S06E04_40464_0.npy
2065,1080,1920,0,974,1144,267,437,28900,0.014,40488,/home/amos/media/tv/White.Collar.S01-S06.1080p.BluRay.x265-RARBG/White.Collar.S06.1080p.WEBRip.x265-RARBG/White.Collar.S06E04.1080p.WEBRip.x265-RARBG.mp4,6,4,1358522,data/encodings/1358522/1358522_S06E04_40488_0.npy
2066,1080,1920,0,558,803,206,450,59780,0.029,40512,/home/amos/media/tv/White.Collar.S01-S06.1080p.BluRay.x265-RARBG/White.Collar.S06.1080p.WEBRip.x265-RARBG/White.Collar.S06E04.1080p.WEBRip.x265-RARBG.mp4,6,4,1358522,data/encodings/1358522/1358522_S06E04_40512_0.npy
2067,1080,1920,0,930,1174,330,574,59536,0.029,40536,/home/amos/media/tv/White.Collar.S01-S06.1080p.BluRay.x265-RARBG/White.Collar.S06.1080p.WEBRip.x265-RARBG/White.Collar.S06E04.1080p.WEBRip.x265-RARBG.mp4,6,4,1358522,data/encodings/1358522/1358522_S06E04_40536_0.npy
2068,1080,1920,0,707,952,355,599,59780,0.029,40560,/home/amos/media/tv/White.Collar.S01-S06.1080p.BluRay.x265-RARBG/White.Collar.S06.1080p.WEBRip.x265-RARBG/White.Collar.S06E04.1080p.WEBRip.x265-RARBG.mp4,6,4,1358522,data/encodings/1358522/1358522_S06E04_40560_0.npy
2069,1080,1920,0,459,704,330,574,59780,0.029,40584,/home/amos/media/tv/White.Collar.S01-S06.1080p.BluRay.x265-RARBG/White.Collar.S06.1080p.WEBRip.x265-RARBG/White.Collar.S06E04.1080p.WEBRip.x265-RARBG.mp4,6,4,1358522,data/encodings/1358522/1358522_S06E04_40584_0.npy
2070,1080,1920,0,674,968,166,459,86142,0.042,40608,/home/amos/media/tv/White.Collar.S01-S06.1080p.BluRay.x265-RARBG/White.Collar.S06.1080p.WEBRip.x265-RARBG/White.Collar.S06E04.1080p.WEBRip.x265-RARBG.mp4,6,4,1358522,data/encodings/1358522/1358522_S06E04_40608_0.npy
2071,1080,1920,0,763,1057,166,459,86142,0.042,40632,/home/amos/media/tv/White.Collar.S01-S06.1080p.BluRay.x265-RARBG/White.Collar.S06.1080p.WEBRip.x265-RARBG/White.Collar.S06E04.1080p.WEBRip.x265-RARBG.mp4,6,4,1358522,data/encodings/1358522/1358522_S06E04_40632_0.npy
2072,1080,1920,0,831,1075,206,450,59536,0.029,40656,/home/amos/media/tv/White.Collar.S01-S06.1080p.BluRay.x265-RARBG/White.Collar.S06.1080p.WEBRip.x265-RARBG/White.Collar.S06E04.1080p.WEBRip.x265-RARBG.mp4,6,4,1358522,data/encodings/1358522/1358522_S06E04_40656_0.npy
2073,1080,1920,0,823,1116,166,459,85849,0.041,40680,/home/amos/media/tv/White.Collar.S01-S06.1080p.BluRay.x265-RARBG/White.Collar.S06.1080p.WEBRip.x265-RARBG/White.Collar.S06E04.1080p.WEBRip.x265-RARBG.mp4,6,4,1358522,data/encodings/1358522/1358522_S06E04_40680_0.npy
2074,1080,1920,0,823,1116,166,459,85849,0.041,40704,/home/amos/media/tv/White.Collar.S01-S06.1080p.BluRay.x265-RARBG/White.Collar.S06.1080p.WEBRip.x265-RARBG/White.Collar.S06E04.1080p.WEBRip.x265-RARBG.mp4,6,4,1358522,data/encodings/1358522/1358522_S06E04_40704_0.npy
2075,1080,1920,0,882,1176,166,459,86142,0.042,40728,/home/amos/media/tv/White.Collar.S01-S06.1080p.BluRay.x265-RARBG/White.Collar.S06.1080p.WEBRip.x265-RARBG/White.Collar.S06E04.1080p.WEBRip.x265-RARBG.mp4,6,4,1358522,data/encodings/1358522/1358522_S06E04_40728_0.npy
2076,1080,1920,0,283,636,244,596,124256,0.06,40752,/home/amos/media/tv/White.Collar.S01-S06.1080p.BluRay.x265-RARBG/White.Collar.S06.1080p.WEBRip.x265-RARBG/White.Collar.S06E04.1080p.WEBRip.x265-RARBG.mp4,6,4,1358522,data/encodings/1358522/1358522_S06E04_40752_0.npy
2077,1080,1920,0,347,641,314,608,86436,0.042,40776,/home/amos/media/tv/White.Collar.S01-S06.1080p.BluRay.x265-RARBG/White.Collar.S06.1080p.WEBRip.x265-RARBG/White.Collar.S06E04.1080p.WEBRip.x265-RARBG.mp4,6,4,1358522,data/encodings/1358522/1358522_S06E04_40776_0.npy
2078,1080,1920,0,355,707,279,632,124256,0.06,40800,/home/amos/media/tv/White.Collar.S01-S06.1080p.BluRay.x265-RARBG/White.Collar.S06.1080p.WEBRip.x265-RARBG/White.Collar.S06E04.1080p.WEBRip.x265-RARBG.mp4,6,4,1358522,data/encodings/1358522/1358522_S06E04_40800_0.npy
2079,1080,1920,0,436,730,314,608,86436,0.042,40824,/home/amos/media/tv/White.Collar.S01-S06.1080p.BluRay.x265-RARBG/White.Collar.S06.1080p.WEBRip.x265-RARBG/White.Collar.S06E04.1080p.WEBRip.x265-RARBG.mp4,6,4,1358522,data/encodings/1358522/1358522_S06E04_40824_0.npy
2080,1080,1920,0,407,700,314,608,86142,0.042,40848,/home/amos/media/tv/White.Collar.S01-S06.1080p.BluRay.x265-RARBG/White.Collar.S06.1080p.WEBRip.x265-RARBG/White.Collar.S06E04.1080p.WEBRip.x265-RARBG.mp4,6,4,1358522,data/encodings/1358522/1358522_S06E04_40848_0.npy
2081,1080,1920,0,925,1277,244,596,123904,0.06,40872,/home/amos/media/tv/White.Collar.S01-S06.1080p.BluRay.x265-RARBG/White.Collar.S06.1080p.WEBRip.x265-RARBG/White.Collar.S06E04.1080p.WEBRip.x265-RARBG.mp4,6,4,1358522,data/encodings/1358522/1358522_S06E04_40872_0.npy
2082,1080,1920,0,925,1277,244,596,123904,0.06,40896,/home/amos/media/tv/White.Collar.S01-S06.1080p.BluRay.x265-RARBG/White.Collar.S06.1080p.WEBRip.x265-RARBG/White.Collar.S06E04.1080p.WEBRip.x265-RARBG.mp4,6,4,1358522,data/encodings/1358522/1358522_S06E04_40896_0.npy
2083,1080,1920,0,925,1277,244,596,123904,0.06,40920,/home/amos/media/tv/White.Collar.S01-S06.1080p.BluRay.x265-RARBG/White.Collar.S06.1080p.WEBRip.x265-RARBG/White.Collar.S06E04.1080p.WEBRip.x265-RARBG.mp4,6,4,1358522,data/encodings/1358522/1358522_S06E04_40920_0.npy
2084,1080,1920,0,597,1020,218,640,178506,0.086,40944,/home/amos/media/tv/White.Collar.S01-S06.1080p.BluRay.x265-RARBG/White.Collar.S06.1080p.WEBRip.x265-RARBG/White.Collar.S06E04.1080p.WEBRip.x265-RARBG.mp4,6,4,1358522,data/encodings/1358522/1358522_S06E04_40944_0.npy
2085,1080,1920,0,897,1319,261,683,178084,0.086,40968,/home/amos/media/tv/White.Collar.S01-S06.1080p.BluRay.x265-RARBG/White.Collar.S06.1080p.WEBRip.x265-RARBG/White.Collar.S06E04.1080p.WEBRip.x265-RARBG.mp4,6,4,1358522,data/encodings/1358522/1358522_S06E04_40968_0.npy
2086,1080,1920,0,897,1319,261,683,178084,0.086,40992,/home/amos/media/tv/White.Collar.S01-S06.1080p.BluRay.x265-RARBG/White.Collar.S06.1080p.WEBRip.x265-RARBG/White.Collar.S06E04.1080p.WEBRip.x265-RARBG.mp4,6,4,1358522,data/encodings/1358522/1358522_S06E04_40992_0.npy
2087,1080,1920,0,426,778,279,632,124256,0.06,41016,/home/amos/media/tv/White.Collar.S01-S06.1080p.BluRay.x265-RARBG/White.Collar.S06.1080p.WEBRip.x265-RARBG/White.Collar.S06E04.1080p.WEBRip.x265-RARBG.mp4,6,4,1358522,data/encodings/1358522/1358522_S06E04_41016_0.npy
2088,1080,1920,0,426,778,315,667,123904,0.06,41040,/home/amos/media/tv/White.Collar.S01-S06.1080p.BluRay.x265-RARBG/White.Collar.S06.1080p.WEBRip.x265-RARBG/White.Collar.S06E04.1080p.WEBRip.x265-RARBG.mp4,6,4,1358522,data/encodings/1358522/1358522_S06E04_41040_0.npy
2089,1080,1920,0,854,1277,218,640,178506,0.086,41064,/home/amos/media/tv/White.Collar.S01-S06.1080p.BluRay.x265-RARBG/White.Collar.S06.1080p.WEBRip.x265-RARBG/White.Collar.S06E04.1080p.WEBRip.x265-RARBG.mp4,6,4,1358522,data/encodings/1358522/1358522_S06E04_41064_0.npy
2090,1080,1920,0,237,306,367,435,4692,0.002,41280,/home/amos/media/tv/White.Collar.S01-S06.1080p.BluRay.x265-RARBG/White.Collar.S06.1080p.WEBRip.x265-RARBG/White.Collar.S06E04.1080p.WEBRip.x265-RARBG.mp4,6,4,1358522,data/encodings/1358522/1358522_S06E04_41280_0.npy
2091,1080,1920,0,547,665,40,158,13924,0.007,41304,/home/amos/media/tv/White.Collar.S01-S06.1080p.BluRay.x265-RARBG/White.Collar.S06.1080p.WEBRip.x265-RARBG/White.Collar.S06E04.1080p.WEBRip.x265-RARBG.mp4,6,4,1358522,data/encodings/1358522/1358522_S06E04_41304_0.npy
2092,1080,1920,0,688,829,68,210,20022,0.01,41328,/home/amos/media/tv/White.Collar.S01-S06.1080p.BluRay.x265-RARBG/White.Collar.S06.1080p.WEBRip.x265-RARBG/White.Collar.S06E04.1080p.WEBRip.x265-RARBG.mp4,6,4,1358522,data/encodings/1358522/1358522_S06E04_41328_0.npy
2093,1080,1920,0,808,890,287,369,6724,0.003,41448,/home/amos/media/tv/White.Collar.S01-S06.1080p.BluRay.x265-RARBG/White.Collar.S06.1080p.WEBRip.x265-RARBG/White.Collar.S06E04.1080p.WEBRip.x265-RARBG.mp4,6,4,1358522,data/encodings/1358522/1358522_S06E04_41448_0.npy
2094,1080,1920,0,1115,1183,505,573,4624,0.002,41496,/home/amos/media/tv/White.Collar.S01-S06.1080p.BluRay.x265-RARBG/White.Collar.S06.1080p.WEBRip.x265-RARBG/White.Collar.S06E04.1080p.WEBRip.x265-RARBG.mp4,6,4,1358522,data/encodings/1358522/1358522_S06E04_41496_0.npy
2095,1080,1920,0,703,821,387,505,13924,0.007,41520,/home/amos/media/tv/White.Collar.S01-S06.1080p.BluRay.x265-RARBG/White.Collar.S06.1080p.WEBRip.x265-RARBG/White.Collar.S06E04.1080p.WEBRip.x265-RARBG.mp4,6,4,1358522,data/encodings/1358522/1358522_S06E04_41520_0.npy
2096,1080,1920,1,1124,1222,526,624,9604,0.005,41520,/home/amos/media/tv/White.Collar.S01-S06.1080p.BluRay.x265-RARBG/White.Collar.S06.1080p.WEBRip.x265-RARBG/White.Collar.S06E04.1080p.WEBRip.x265-RARBG.mp4,6,4,1358522,data/encodings/1358522/1358522_S06E04_41520_1.npy
2097,1080,1920,2,162,407,33,277,59780,0.029,41520,/home/amos/media/tv/White.Collar.S01-S06.1080p.BluRay.x265-RARBG/White.Collar.S06.1080p.WEBRip.x265-RARBG/White.Collar.S06E04.1080p.WEBRip.x265-RARBG.mp4,6,4,1358522,data/encodings/1358522/1358522_S06E04_41520_2.npy
2098,1080,1920,0,957,1127,130,299,28730,0.014,41544,/home/amos/media/tv/White.Collar.S01-S06.1080p.BluRay.x265-RARBG/White.Collar.S06.1080p.WEBRip.x265-RARBG/White.Collar.S06E04.1080p.WEBRip.x265-RARBG.mp4,6,4,1358522,data/encodings/1358522/1358522_S06E04_41544_0.npy
2099,1080,1920,0,991,1161,130,299,28730,0.014,41568,/home/amos/media/tv/White.Collar.S01-S06.1080p.BluRay.x265-RARBG/White.Collar.S06.1080p.WEBRip.x265-RARBG/White.Collar.S06E04.1080p.WEBRip.x265-RARBG.mp4,6,4,1358522,data/encodings/1358522/1358522_S06E04_41568_0.npy
2100,1080,1920,0,553,600,388,436,2256,0.001,41592,/home/amos/media/tv/White.Collar.S01-S06.1080p.BluRay.x265-RARBG/White.Collar.S06.1080p.WEBRip.x265-RARBG/White.Collar.S06E04.1080p.WEBRip.x265-RARBG.mp4,6,4,1358522,data/encodings/1358522/1358522_S06E04_41592_0.npy
2101,1080,1920,1,969,1026,373,430,3249,0.002,41592,/home/amos/media/tv/White.Collar.S01-S06.1080p.BluRay.x265-RARBG/White.Collar.S06.1080p.WEBRip.x265-RARBG/White.Collar.S06E04.1080p.WEBRip.x265-RARBG.mp4,6,4,1358522,data/encodings/1358522/1358522_S06E04_41592_1.npy
2102,1080,1920,2,1877,1916,369,409,1560,0.001,41592,/home/amos/media/tv/White.Collar.S01-S06.1080p.BluRay.x265-RARBG/White.Collar.S06.1080p.WEBRip.x265-RARBG/White.Collar.S06E04.1080p.WEBRip.x265-RARBG.mp4,6,4,1358522,data/encodings/1358522/1358522_S06E04_41592_2.npy
2103,1080,1920,3,1177,1381,99,303,41616,0.02,41592,/home/amos/media/tv/White.Collar.S01-S06.1080p.BluRay.x265-RARBG/White.Collar.S06.1080p.WEBRip.x265-RARBG/White.Collar.S06E04.1080p.WEBRip.x265-RARBG.mp4,6,4,1358522,data/encodings/1358522/1358522_S06E04_41592_3.npy
2104,1080,1920,4,1137,1176,397,437,1560,0.001,41592,/home/amos/media/tv/White.Collar.S01-S06.1080p.BluRay.x265-RARBG/White.Collar.S06.1080p.WEBRip.x265-RARBG/White.Collar.S06E04.1080p.WEBRip.x265-RARBG.mp4,6,4,1358522,data/encodings/1358522/1358522_S06E04_41592_4.npy
2105,1080,1920,0,1508,1556,350,397,2256,0.001,41616,/home/amos/media/tv/White.Collar.S01-S06.1080p.BluRay.x265-RARBG/White.Collar.S06.1080p.WEBRip.x265-RARBG/White.Collar.S06E04.1080p.WEBRip.x265-RARBG.mp4,6,4,1358522,data/encodings/1358522/1358522_S06E04_41616_0.npy
2106,1080,1920,1,1115,1319,99,303,41616,0.02,41616,/home/amos/media/tv/White.Collar.S01-S06.1080p.BluRay.x265-RARBG/White.Collar.S06.1080p.WEBRip.x265-RARBG/White.Collar.S06E04.1080p.WEBRip.x265-RARBG.mp4,6,4,1358522,data/encodings/1358522/1358522_S06E04_41616_1.npy
2107,1080,1920,2,1032,1114,336,418,6724,0.003,41616,/home/amos/media/tv/White.Collar.S01-S06.1080p.BluRay.x265-RARBG/White.Collar.S06.1080p.WEBRip.x265-RARBG/White.Collar.S06E04.1080p.WEBRip.x265-RARBG.mp4,6,4,1358522,data/encodings/1358522/1358522_S06E04_41616_2.npy
2108,1080,1920,3,389,428,373,413,1560,0.001,41616,/home/amos/media/tv/White.Collar.S01-S06.1080p.BluRay.x265-RARBG/White.Collar.S06.1080p.WEBRip.x265-RARBG/White.Collar.S06E04.1080p.WEBRip.x265-RARBG.mp4,6,4,1358522,data/encodings/1358522/1358522_S06E04_41616_3.npy
2109,1080,1920,4,773,812,393,433,1560,0.001,41616,/home/amos/media/tv/White.Collar.S01-S06.1080p.BluRay.x265-RARBG/White.Collar.S06.1080p.WEBRip.x265-RARBG/White.Collar.S06E04.1080p.WEBRip.x265-RARBG.mp4,6,4,1358522,data/encodings/1358522/1358522_S06E04_41616_4.npy
2110,1080,1920,0,847,1051,99,303,41616,0.02,41640,/home/amos/media/tv/White.Collar.S01-S06.1080p.BluRay.x265-RARBG/White.Collar.S06.1080p.WEBRip.x265-RARBG/White.Collar.S06E04.1080p.WEBRip.x265-RARBG.mp4,6,4,1358522,data/encodings/1358522/1358522_S06E04_41640_0.npy
2111,1080,1920,1,1108,1176,291,359,4624,0.002,41640,/home/amos/media/tv/White.Collar.S01-S06.1080p.BluRay.x265-RARBG/White.Collar.S06.1080p.WEBRip.x265-RARBG/White.Collar.S06E04.1080p.WEBRip.x265-RARBG.mp4,6,4,1358522,data/encodings/1358522/1358522_S06E04_41640_1.npy
2112,1080,1920,2,439,496,402,459,3249,0.002,41640,/home/amos/media/tv/White.Collar.S01-S06.1080p.BluRay.x265-RARBG/White.Collar.S06.1080p.WEBRip.x265-RARBG/White.Collar.S06E04.1080p.WEBRip.x265-RARBG.mp4,6,4,1358522,data/encodings/1358522/1358522_S06E04_41640_2.npy
2113,1080,1920,3,1465,1522,356,412,3192,0.002,41640,/home/amos/media/tv/White.Collar.S01-S06.1080p.BluRay.x265-RARBG/White.Collar.S06.1080p.WEBRip.x265-RARBG/White.Collar.S06E04.1080p.WEBRip.x265-RARBG.mp4,6,4,1358522,data/encodings/1358522/1358522_S06E04_41640_3.npy
2114,1080,1920,0,1140,1221,278,360,6642,0.003,41664,/home/amos/media/tv/White.Collar.S01-S06.1080p.BluRay.x265-RARBG/White.Collar.S06.1080p.WEBRip.x265-RARBG/White.Collar.S06E04.1080p.WEBRip.x265-RARBG.mp4,6,4,1358522,data/encodings/1358522/1358522_S06E04_41664_0.npy
2115,1080,1920,1,212,456,82,327,59780,0.029,41664,/home/amos/media/tv/White.Collar.S01-S06.1080p.BluRay.x265-RARBG/White.Collar.S06.1080p.WEBRip.x265-RARBG/White.Collar.S06E04.1080p.WEBRip.x265-RARBG.mp4,6,4,1358522,data/encodings/1358522/1358522_S06E04_41664_1.npy
2116,1080,1920,2,954,1071,315,433,13806,0.007,41664,/home/amos/media/tv/White.Collar.S01-S06.1080p.BluRay.x265-RARBG/White.Collar.S06.1080p.WEBRip.x265-RARBG/White.Collar.S06E04.1080p.WEBRip.x265-RARBG.mp4,6,4,1358522,data/encodings/1358522/1358522_S06E04_41664_2.npy
2117,1080,1920,3,100,156,425,482,3192,0.002,41664,/home/amos/media/tv/White.Collar.S01-S06.1080p.BluRay.x265-RARBG/White.Collar.S06.1080p.WEBRip.x265-RARBG/White.Collar.S06E04.1080p.WEBRip.x265-RARBG.mp4,6,4,1358522,data/encodings/1358522/1358522_S06E04_41664_3.npy
2118,1080,1920,4,1518,1565,403,450,2209,0.001,41664,/home/amos/media/tv/White.Collar.S01-S06.1080p.BluRay.x265-RARBG/White.Collar.S06.1080p.WEBRip.x265-RARBG/White.Collar.S06E04.1080p.WEBRip.x265-RARBG.mp4,6,4,1358522,data/encodings/1358522/1358522_S06E04_41664_4.npy
2119,1080,1920,0,1134,1232,247,346,9702,0.005,41688,/home/amos/media/tv/White.Collar.S01-S06.1080p.BluRay.x265-RARBG/White.Collar.S06.1080p.WEBRip.x265-RARBG/White.Collar.S06E04.1080p.WEBRip.x265-RARBG.mp4,6,4,1358522,data/encodings/1358522/1358522_S06E04_41688_0.npy
2120,1080,1920,1,871,1041,302,471,28730,0.014,41688,/home/amos/media/tv/White.Collar.S01-S06.1080p.BluRay.x265-RARBG/White.Collar.S06.1080p.WEBRip.x265-RARBG/White.Collar.S06E04.1080p.WEBRip.x265-RARBG.mp4,6,4,1358522,data/encodings/1358522/1358522_S06E04_41688_1.npy
2121,1080,1920,2,1496,1578,361,443,6724,0.003,41688,/home/amos/media/tv/White.Collar.S01-S06.1080p.BluRay.x265-RARBG/White.Collar.S06.1080p.WEBRip.x265-RARBG/White.Collar.S06E04.1080p.WEBRip.x265-RARBG.mp4,6,4,1358522,data/encodings/1358522/1358522_S06E04_41688_2.npy
2122,1080,1920,3,1333,1431,337,435,9604,0.005,41688,/home/amos/media/tv/White.Collar.S01-S06.1080p.BluRay.x265-RARBG/White.Collar.S06.1080p.WEBRip.x265-RARBG/White.Collar.S06E04.1080p.WEBRip.x265-RARBG.mp4,6,4,1358522,data/encodings/1358522/1358522_S06E04_41688_3.npy
2123,1080,1920,4,587,729,212,353,20022,0.01,41688,/home/amos/media/tv/White.Collar.S01-S06.1080p.BluRay.x265-RARBG/White.Collar.S06.1080p.WEBRip.x265-RARBG/White.Collar.S06E04.1080p.WEBRip.x265-RARBG.mp4,6,4,1358522,data/encodings/1358522/1358522_S06E04_41688_4.npy
2124,1080,1920,0,0,254,285,578,74422,0.036,41712,/home/amos/media/tv/White.Collar.S01-S06.1080p.BluRay.x265-RARBG/White.Collar.S06.1080p.WEBRip.x265-RARBG/White.Collar.S06E04.1080p.WEBRip.x265-RARBG.mp4,6,4,1358522,data/encodings/1358522/1358522_S06E04_41712_0.npy
2125,1080,1920,1,533,885,244,596,123904,0.06,41712,/home/amos/media/tv/White.Collar.S01-S06.1080p.BluRay.x265-RARBG/White.Collar.S06.1080p.WEBRip.x265-RARBG/White.Collar.S06E04.1080p.WEBRip.x265-RARBG.mp4,6,4,1358522,data/encodings/1358522/1358522_S06E04_41712_1.npy
2126,1080,1920,2,1460,1812,0,346,121792,0.059,41712,/home/amos/media/tv/White.Collar.S01-S06.1080p.BluRay.x265-RARBG/White.Collar.S06.1080p.WEBRip.x265-RARBG/White.Collar.S06E04.1080p.WEBRip.x265-RARBG.mp4,6,4,1358522,data/encodings/1358522/1358522_S06E04_41712_2.npy
2127,1080,1920,0,733,815,245,327,6724,0.003,41760,/home/amos/media/tv/White.Collar.S01-S06.1080p.BluRay.x265-RARBG/White.Collar.S06.1080p.WEBRip.x265-RARBG/White.Collar.S06E04.1080p.WEBRip.x265-RARBG.mp4,6,4,1358522,data/encodings/1358522/1358522_S06E04_41760_0.npy
2128,1080,1920,0,766,848,262,344,6724,0.003,41784,/home/amos/media/tv/White.Collar.S01-S06.1080p.BluRay.x265-RARBG/White.Collar.S06.1080p.WEBRip.x265-RARBG/White.Collar.S06E04.1080p.WEBRip.x265-RARBG.mp4,6,4,1358522,data/encodings/1358522/1358522_S06E04_41784_0.npy
2129,1080,1920,0,897,1404,159,666,257049,0.124,41808,/home/amos/media/tv/White.Collar.S01-S06.1080p.BluRay.x265-RARBG/White.Collar.S06.1080p.WEBRip.x265-RARBG/White.Collar.S06E04.1080p.WEBRip.x265-RARBG.mp4,6,4,1358522,data/encodings/1358522/1358522_S06E04_41808_0.npy
2130,1080,1920,0,1051,1558,210,717,257049,0.124,41832,/home/amos/media/tv/White.Collar.S01-S06.1080p.BluRay.x265-RARBG/White.Collar.S06.1080p.WEBRip.x265-RARBG/White.Collar.S06E04.1080p.WEBRip.x265-RARBG.mp4,6,4,1358522,data/encodings/1358522/1358522_S06E04_41832_0.npy
2131,1080,1920,0,1102,1609,159,666,257049,0.124,41880,/home/amos/media/tv/White.Collar.S01-S06.1080p.BluRay.x265-RARBG/White.Collar.S06.1080p.WEBRip.x265-RARBG/White.Collar.S06E04.1080p.WEBRip.x265-RARBG.mp4,6,4,1358522,data/encodings/1358522/1358522_S06E04_41880_0.npy
2132,1080,1920,0,849,931,245,327,6724,0.003,41904,/home/amos/media/tv/White.Collar.S01-S06.1080p.BluRay.x265-RARBG/White.Collar.S06.1080p.WEBRip.x265-RARBG/White.Collar.S06E04.1080p.WEBRip.x265-RARBG.mp4,6,4,1358522,data/encodings/1358522/1358522_S06E04_41904_0.npy
2133,1080,1920,1,1313,1411,287,385,9604,0.005,41904,/home/amos/media/tv/White.Collar.S01-S06.1080p.BluRay.x265-RARBG/White.Collar.S06.1080p.WEBRip.x265-RARBG/White.Collar.S06E04.1080p.WEBRip.x265-RARBG.mp4,6,4,1358522,data/encodings/1358522/1358522_S06E04_41904_1.npy
2134,1080,1920,0,855,954,247,346,9801,0.005,41928,/home/amos/media/tv/White.Collar.S01-S06.1080p.BluRay.x265-RARBG/White.Collar.S06.1080p.WEBRip.x265-RARBG/White.Collar.S06E04.1080p.WEBRip.x265-RARBG.mp4,6,4,1358522,data/encodings/1358522/1358522_S06E04_41928_0.npy
2135,1080,1920,1,1303,1401,287,385,9604,0.005,41928,/home/amos/media/tv/White.Collar.S01-S06.1080p.BluRay.x265-RARBG/White.Collar.S06.1080p.WEBRip.x265-RARBG/White.Collar.S06E04.1080p.WEBRip.x265-RARBG.mp4,6,4,1358522,data/encodings/1358522/1358522_S06E04_41928_1.npy
2136,1080,1920,0,845,944,247,346,9801,0.005,41952,/home/amos/media/tv/White.Collar.S01-S06.1080p.BluRay.x265-RARBG/White.Collar.S06.1080p.WEBRip.x265-RARBG/White.Collar.S06E04.1080p.WEBRip.x265-RARBG.mp4,6,4,1358522,data/encodings/1358522/1358522_S06E04_41952_0.npy
2137,1080,1920,0,815,914,247,346,9801,0.005,41976,/home/amos/media/tv/White.Collar.S01-S06.1080p.BluRay.x265-RARBG/White.Collar.S06.1080p.WEBRip.x265-RARBG/White.Collar.S06E04.1080p.WEBRip.x265-RARBG.mp4,6,4,1358522,data/encodings/1358522/1358522_S06E04_41976_0.npy
2138,1080,1920,0,1269,1562,195,489,86142,0.042,42000,/home/amos/media/tv/White.Collar.S01-S06.1080p.BluRay.x265-RARBG/White.Collar.S06.1080p.WEBRip.x265-RARBG/White.Collar.S06E04.1080p.WEBRip.x265-RARBG.mp4,6,4,1358522,data/encodings/1358522/1358522_S06E04_42000_0.npy
2139,1080,1920,1,258,552,195,489,86436,0.042,42000,/home/amos/media/tv/White.Collar.S01-S06.1080p.BluRay.x265-RARBG/White.Collar.S06.1080p.WEBRip.x265-RARBG/White.Collar.S06E04.1080p.WEBRip.x265-RARBG.mp4,6,4,1358522,data/encodings/1358522/1358522_S06E04_42000_1.npy
2140,1080,1920,0,1031,1324,195,489,86142,0.042,42024,/home/amos/media/tv/White.Collar.S01-S06.1080p.BluRay.x265-RARBG/White.Collar.S06.1080p.WEBRip.x265-RARBG/White.Collar.S06E04.1080p.WEBRip.x265-RARBG.mp4,6,4,1358522,data/encodings/1358522/1358522_S06E04_42024_0.npy
2141,1080,1920,1,228,522,195,489,86436,0.042,42024,/home/amos/media/tv/White.Collar.S01-S06.1080p.BluRay.x265-RARBG/White.Collar.S06.1080p.WEBRip.x265-RARBG/White.Collar.S06E04.1080p.WEBRip.x265-RARBG.mp4,6,4,1358522,data/encodings/1358522/1358522_S06E04_42024_1.npy
2142,1080,1920,0,199,492,225,519,86142,0.042,42048,/home/amos/media/tv/White.Collar.S01-S06.1080p.BluRay.x265-RARBG/White.Collar.S06.1080p.WEBRip.x265-RARBG/White.Collar.S06E04.1080p.WEBRip.x265-RARBG.mp4,6,4,1358522,data/encodings/1358522/1358522_S06E04_42048_0.npy
2143,1080,1920,1,1239,1532,195,489,86142,0.042,42048,/home/amos/media/tv/White.Collar.S01-S06.1080p.BluRay.x265-RARBG/White.Collar.S06.1080p.WEBRip.x265-RARBG/White.Collar.S06E04.1080p.WEBRip.x265-RARBG.mp4,6,4,1358522,data/encodings/1358522/1358522_S06E04_42048_1.npy
2144,1080,1920,0,1246,1598,172,525,124256,0.06,42072,/home/amos/media/tv/White.Collar.S01-S06.1080p.BluRay.x265-RARBG/White.Collar.S06.1080p.WEBRip.x265-RARBG/White.Collar.S06E04.1080p.WEBRip.x265-RARBG.mp4,6,4,1358522,data/encodings/1358522/1358522_S06E04_42072_0.npy
2145,1080,1920,1,139,433,195,489,86436,0.042,42072,/home/amos/media/tv/White.Collar.S01-S06.1080p.BluRay.x265-RARBG/White.Collar.S06.1080p.WEBRip.x265-RARBG/White.Collar.S06E04.1080p.WEBRip.x265-RARBG.mp4,6,4,1358522,data/encodings/1358522/1358522_S06E04_42072_1.npy
2146,1080,1920,0,228,522,166,459,86142,0.042,42096,/home/amos/media/tv/White.Collar.S01-S06.1080p.BluRay.x265-RARBG/White.Collar.S06.1080p.WEBRip.x265-RARBG/White.Collar.S06E04.1080p.WEBRip.x265-RARBG.mp4,6,4,1358522,data/encodings/1358522/1358522_S06E04_42096_0.npy
2147,1080,1920,1,1298,1592,195,489,86436,0.042,42096,/home/amos/media/tv/White.Collar.S01-S06.1080p.BluRay.x265-RARBG/White.Collar.S06.1080p.WEBRip.x265-RARBG/White.Collar.S06E04.1080p.WEBRip.x265-RARBG.mp4,6,4,1358522,data/encodings/1358522/1358522_S06E04_42096_1.npy
2148,1080,1920,0,1175,1527,244,596,123904,0.06,42120,/home/amos/media/tv/White.Collar.S01-S06.1080p.BluRay.x265-RARBG/White.Collar.S06.1080p.WEBRip.x265-RARBG/White.Collar.S06E04.1080p.WEBRip.x265-RARBG.mp4,6,4,1358522,data/encodings/1358522/1358522_S06E04_42120_0.npy
2149,1080,1920,0,1175,1527,244,596,123904,0.06,42144,/home/amos/media/tv/White.Collar.S01-S06.1080p.BluRay.x265-RARBG/White.Collar.S06.1080p.WEBRip.x265-RARBG/White.Collar.S06E04.1080p.WEBRip.x265-RARBG.mp4,6,4,1358522,data/encodings/1358522/1358522_S06E04_42144_0.npy
2150,1080,1920,0,1252,1496,255,500,59780,0.029,42168,/home/amos/media/tv/White.Collar.S01-S06.1080p.BluRay.x265-RARBG/White.Collar.S06.1080p.WEBRip.x265-RARBG/White.Collar.S06E04.1080p.WEBRip.x265-RARBG.mp4,6,4,1358522,data/encodings/1358522/1358522_S06E04_42168_0.npy
2151,1080,1920,1,377,670,195,489,86142,0.042,42168,/home/amos/media/tv/White.Collar.S01-S06.1080p.BluRay.x265-RARBG/White.Collar.S06.1080p.WEBRip.x265-RARBG/White.Collar.S06E04.1080p.WEBRip.x265-RARBG.mp4,6,4,1358522,data/encodings/1358522/1358522_S06E04_42168_1.npy
2152,1080,1920,0,347,641,195,489,86436,0.042,42192,/home/amos/media/tv/White.Collar.S01-S06.1080p.BluRay.x265-RARBG/White.Collar.S06.1080p.WEBRip.x265-RARBG/White.Collar.S06E04.1080p.WEBRip.x265-RARBG.mp4,6,4,1358522,data/encodings/1358522/1358522_S06E04_42192_0.npy
2153,1080,1920,1,1227,1472,255,500,60025,0.029,42192,/home/amos/media/tv/White.Collar.S01-S06.1080p.BluRay.x265-RARBG/White.Collar.S06.1080p.WEBRip.x265-RARBG/White.Collar.S06E04.1080p.WEBRip.x265-RARBG.mp4,6,4,1358522,data/encodings/1358522/1358522_S06E04_42192_1.npy
2154,1080,1920,0,317,611,166,459,86142,0.042,42216,/home/amos/media/tv/White.Collar.S01-S06.1080p.BluRay.x265-RARBG/White.Collar.S06.1080p.WEBRip.x265-RARBG/White.Collar.S06E04.1080p.WEBRip.x265-RARBG.mp4,6,4,1358522,data/encodings/1358522/1358522_S06E04_42216_0.npy
2155,1080,1920,1,1209,1503,225,519,86436,0.042,42216,/home/amos/media/tv/White.Collar.S01-S06.1080p.BluRay.x265-RARBG/White.Collar.S06.1080p.WEBRip.x265-RARBG/White.Collar.S06E04.1080p.WEBRip.x265-RARBG.mp4,6,4,1358522,data/encodings/1358522/1358522_S06E04_42216_1.npy
2156,1080,1920,0,347,641,166,459,86142,0.042,42240,/home/amos/media/tv/White.Collar.S01-S06.1080p.BluRay.x265-RARBG/White.Collar.S06.1080p.WEBRip.x265-RARBG/White.Collar.S06E04.1080p.WEBRip.x265-RARBG.mp4,6,4,1358522,data/encodings/1358522/1358522_S06E04_42240_0.npy
2157,1080,1920,1,1179,1473,195,489,86436,0.042,42240,/home/amos/media/tv/White.Collar.S01-S06.1080p.BluRay.x265-RARBG/White.Collar.S06.1080p.WEBRip.x265-RARBG/White.Collar.S06E04.1080p.WEBRip.x265-RARBG.mp4,6,4,1358522,data/encodings/1358522/1358522_S06E04_42240_1.npy
2158,1080,1920,0,317,611,166,459,86142,0.042,42264,/home/amos/media/tv/White.Collar.S01-S06.1080p.BluRay.x265-RARBG/White.Collar.S06.1080p.WEBRip.x265-RARBG/White.Collar.S06E04.1080p.WEBRip.x265-RARBG.mp4,6,4,1358522,data/encodings/1358522/1358522_S06E04_42264_0.npy
2159,1080,1920,1,1179,1473,225,519,86436,0.042,42264,/home/amos/media/tv/White.Collar.S01-S06.1080p.BluRay.x265-RARBG/White.Collar.S06.1080p.WEBRip.x265-RARBG/White.Collar.S06E04.1080p.WEBRip.x265-RARBG.mp4,6,4,1358522,data/encodings/1358522/1358522_S06E04_42264_1.npy
2160,1080,1920,0,258,552,166,459,86142,0.042,42288,/home/amos/media/tv/White.Collar.S01-S06.1080p.BluRay.x265-RARBG/White.Collar.S06.1080p.WEBRip.x265-RARBG/White.Collar.S06E04.1080p.WEBRip.x265-RARBG.mp4,6,4,1358522,data/encodings/1358522/1358522_S06E04_42288_0.npy
2161,1080,1920,1,1227,1472,255,500,60025,0.029,42288,/home/amos/media/tv/White.Collar.S01-S06.1080p.BluRay.x265-RARBG/White.Collar.S06.1080p.WEBRip.x265-RARBG/White.Collar.S06E04.1080p.WEBRip.x265-RARBG.mp4,6,4,1358522,data/encodings/1358522/1358522_S06E04_42288_1.npy
2162,1080,1920,0,258,552,166,459,86142,0.042,42312,/home/amos/media/tv/White.Collar.S01-S06.1080p.BluRay.x265-RARBG/White.Collar.S06.1080p.WEBRip.x265-RARBG/White.Collar.S06E04.1080p.WEBRip.x265-RARBG.mp4,6,4,1358522,data/encodings/1358522/1358522_S06E04_42312_0.npy
2163,1080,1920,1,1202,1447,255,500,60025,0.029,42312,/home/amos/media/tv/White.Collar.S01-S06.1080p.BluRay.x265-RARBG/White.Collar.S06.1080p.WEBRip.x265-RARBG/White.Collar.S06E04.1080p.WEBRip.x265-RARBG.mp4,6,4,1358522,data/encodings/1358522/1358522_S06E04_42312_1.npy
2164,1080,1920,0,982,1405,132,555,178929,0.086,42336,/home/amos/media/tv/White.Collar.S01-S06.1080p.BluRay.x265-RARBG/White.Collar.S06.1080p.WEBRip.x265-RARBG/White.Collar.S06E04.1080p.WEBRip.x265-RARBG.mp4,6,4,1358522,data/encodings/1358522/1358522_S06E04_42336_0.npy
2165,1080,1920,0,961,1313,172,525,124256,0.06,42360,/home/amos/media/tv/White.Collar.S01-S06.1080p.BluRay.x265-RARBG/White.Collar.S06.1080p.WEBRip.x265-RARBG/White.Collar.S06E04.1080p.WEBRip.x265-RARBG.mp4,6,4,1358522,data/encodings/1358522/1358522_S06E04_42360_0.npy
2166,1080,1920,0,940,1362,175,598,178506,0.086,42384,/home/amos/media/tv/White.Collar.S01-S06.1080p.BluRay.x265-RARBG/White.Collar.S06.1080p.WEBRip.x265-RARBG/White.Collar.S06E04.1080p.WEBRip.x265-RARBG.mp4,6,4,1358522,data/encodings/1358522/1358522_S06E04_42384_0.npy
2167,1080,1920,0,925,1277,244,596,123904,0.06,42408,/home/amos/media/tv/White.Collar.S01-S06.1080p.BluRay.x265-RARBG/White.Collar.S06.1080p.WEBRip.x265-RARBG/White.Collar.S06E04.1080p.WEBRip.x265-RARBG.mp4,6,4,1358522,data/encodings/1358522/1358522_S06E04_42408_0.npy
2168,1080,1920,0,925,1277,208,560,123904,0.06,42432,/home/amos/media/tv/White.Collar.S01-S06.1080p.BluRay.x265-RARBG/White.Collar.S06.1080p.WEBRip.x265-RARBG/White.Collar.S06E04.1080p.WEBRip.x265-RARBG.mp4,6,4,1358522,data/encodings/1358522/1358522_S06E04_42432_0.npy
2169,1080,1920,0,1061,1354,195,489,86142,0.042,42456,/home/amos/media/tv/White.Collar.S01-S06.1080p.BluRay.x265-RARBG/White.Collar.S06.1080p.WEBRip.x265-RARBG/White.Collar.S06E04.1080p.WEBRip.x265-RARBG.mp4,6,4,1358522,data/encodings/1358522/1358522_S06E04_42456_0.npy
2170,1080,1920,1,109,403,166,459,86142,0.042,42456,/home/amos/media/tv/White.Collar.S01-S06.1080p.BluRay.x265-RARBG/White.Collar.S06.1080p.WEBRip.x265-RARBG/White.Collar.S06E04.1080p.WEBRip.x265-RARBG.mp4,6,4,1358522,data/encodings/1358522/1358522_S06E04_42456_1.npy
2171,1080,1920,0,1090,1384,225,519,86436,0.042,42480,/home/amos/media/tv/White.Collar.S01-S06.1080p.BluRay.x265-RARBG/White.Collar.S06.1080p.WEBRip.x265-RARBG/White.Collar.S06E04.1080p.WEBRip.x265-RARBG.mp4,6,4,1358522,data/encodings/1358522/1358522_S06E04_42480_0.npy
2172,1080,1920,1,169,462,136,429,85849,0.041,42480,/home/amos/media/tv/White.Collar.S01-S06.1080p.BluRay.x265-RARBG/White.Collar.S06.1080p.WEBRip.x265-RARBG/White.Collar.S06E04.1080p.WEBRip.x265-RARBG.mp4,6,4,1358522,data/encodings/1358522/1358522_S06E04_42480_1.npy
2173,1080,1920,0,811,1234,261,683,178506,0.086,42504,/home/amos/media/tv/White.Collar.S01-S06.1080p.BluRay.x265-RARBG/White.Collar.S06.1080p.WEBRip.x265-RARBG/White.Collar.S06E04.1080p.WEBRip.x265-RARBG.mp4,6,4,1358522,data/encodings/1358522/1358522_S06E04_42504_0.npy
2174,1080,1920,0,940,1362,175,598,178506,0.086,42528,/home/amos/media/tv/White.Collar.S01-S06.1080p.BluRay.x265-RARBG/White.Collar.S06.1080p.WEBRip.x265-RARBG/White.Collar.S06E04.1080p.WEBRip.x265-RARBG.mp4,6,4,1358522,data/encodings/1358522/1358522_S06E04_42528_0.npy
2175,1080,1920,0,982,1405,132,555,178929,0.086,42552,/home/amos/media/tv/White.Collar.S01-S06.1080p.BluRay.x265-RARBG/White.Collar.S06.1080p.WEBRip.x265-RARBG/White.Collar.S06E04.1080p.WEBRip.x265-RARBG.mp4,6,4,1358522,data/encodings/1358522/1358522_S06E04_42552_0.npy
2176,1080,1920,0,640,1063,175,598,178929,0.086,42576,/home/amos/media/tv/White.Collar.S01-S06.1080p.BluRay.x265-RARBG/White.Collar.S06.1080p.WEBRip.x265-RARBG/White.Collar.S06E04.1080p.WEBRip.x265-RARBG.mp4,6,4,1358522,data/encodings/1358522/1358522_S06E04_42576_0.npy
2177,1080,1920,0,597,1020,218,640,178506,0.086,42600,/home/amos/media/tv/White.Collar.S01-S06.1080p.BluRay.x265-RARBG/White.Collar.S06.1080p.WEBRip.x265-RARBG/White.Collar.S06E04.1080p.WEBRip.x265-RARBG.mp4,6,4,1358522,data/encodings/1358522/1358522_S06E04_42600_0.npy
2178,1080,1920,0,1104,1456,172,525,124256,0.06,42624,/home/amos/media/tv/White.Collar.S01-S06.1080p.BluRay.x265-RARBG/White.Collar.S06.1080p.WEBRip.x265-RARBG/White.Collar.S06E04.1080p.WEBRip.x265-RARBG.mp4,6,4,1358522,data/encodings/1358522/1358522_S06E04_42624_0.npy
2179,1080,1920,0,1272,1354,287,369,6724,0.003,42648,/home/amos/media/tv/White.Collar.S01-S06.1080p.BluRay.x265-RARBG/White.Collar.S06.1080p.WEBRip.x265-RARBG/White.Collar.S06E04.1080p.WEBRip.x265-RARBG.mp4,6,4,1358522,data/encodings/1358522/1358522_S06E04_42648_0.npy
2180,1080,1920,0,417,516,227,326,9801,0.005,42672,/home/amos/media/tv/White.Collar.S01-S06.1080p.BluRay.x265-RARBG/White.Collar.S06.1080p.WEBRip.x265-RARBG/White.Collar.S06E04.1080p.WEBRip.x265-RARBG.mp4,6,4,1358522,data/encodings/1358522/1358522_S06E04_42672_0.npy
2181,1080,1920,1,1015,1097,287,369,6724,0.003,42672,/home/amos/media/tv/White.Collar.S01-S06.1080p.BluRay.x265-RARBG/White.Collar.S06.1080p.WEBRip.x265-RARBG/White.Collar.S06E04.1080p.WEBRip.x265-RARBG.mp4,6,4,1358522,data/encodings/1358522/1358522_S06E04_42672_1.npy
2182,1080,1920,2,1521,1603,245,327,6724,0.003,42672,/home/amos/media/tv/White.Collar.S01-S06.1080p.BluRay.x265-RARBG/White.Collar.S06.1080p.WEBRip.x265-RARBG/White.Collar.S06E04.1080p.WEBRip.x265-RARBG.mp4,6,4,1358522,data/encodings/1358522/1358522_S06E04_42672_2.npy
2183,1080,1920,3,728,796,297,366,4692,0.002,42672,/home/amos/media/tv/White.Collar.S01-S06.1080p.BluRay.x265-RARBG/White.Collar.S06.1080p.WEBRip.x265-RARBG/White.Collar.S06E04.1080p.WEBRip.x265-RARBG.mp4,6,4,1358522,data/encodings/1358522/1358522_S06E04_42672_3.npy
2184,1080,1920,0,496,700,182,385,41412,0.02,42696,/home/amos/media/tv/White.Collar.S01-S06.1080p.BluRay.x265-RARBG/White.Collar.S06.1080p.WEBRip.x265-RARBG/White.Collar.S06E04.1080p.WEBRip.x265-RARBG.mp4,6,4,1358522,data/encodings/1358522/1358522_S06E04_42696_0.npy
2185,1080,1920,0,682,927,181,426,60025,0.029,42720,/home/amos/media/tv/White.Collar.S01-S06.1080p.BluRay.x265-RARBG/White.Collar.S06.1080p.WEBRip.x265-RARBG/White.Collar.S06E04.1080p.WEBRip.x265-RARBG.mp4,6,4,1358522,data/encodings/1358522/1358522_S06E04_42720_0.npy
2186,1080,1920,0,1648,1893,0,203,49735,0.024,42744,/home/amos/media/tv/White.Collar.S01-S06.1080p.BluRay.x265-RARBG/White.Collar.S06.1080p.WEBRip.x265-RARBG/White.Collar.S06E04.1080p.WEBRip.x265-RARBG.mp4,6,4,1358522,data/encodings/1358522/1358522_S06E04_42744_0.npy
2187,1080,1920,0,1115,1183,263,331,4624,0.002,42792,/home/amos/media/tv/White.Collar.S01-S06.1080p.BluRay.x265-RARBG/White.Collar.S06.1080p.WEBRip.x265-RARBG/White.Collar.S06E04.1080p.WEBRip.x265-RARBG.mp4,6,4,1358522,data/encodings/1358522/1358522_S06E04_42792_0.npy
2188,1080,1920,0,1011,1080,215,283,4692,0.002,42816,/home/amos/media/tv/White.Collar.S01-S06.1080p.BluRay.x265-RARBG/White.Collar.S06.1080p.WEBRip.x265-RARBG/White.Collar.S06E04.1080p.WEBRip.x265-RARBG.mp4,6,4,1358522,data/encodings/1358522/1358522_S06E04_42816_0.npy
2189,1080,1920,0,957,1039,187,269,6724,0.003,42840,/home/amos/media/tv/White.Collar.S01-S06.1080p.BluRay.x265-RARBG/White.Collar.S06.1080p.WEBRip.x265-RARBG/White.Collar.S06E04.1080p.WEBRip.x265-RARBG.mp4,6,4,1358522,data/encodings/1358522/1358522_S06E04_42840_0.npy
2190,1080,1920,0,957,1039,187,269,6724,0.003,42864,/home/amos/media/tv/White.Collar.S01-S06.1080p.BluRay.x265-RARBG/White.Collar.S06.1080p.WEBRip.x265-RARBG/White.Collar.S06E04.1080p.WEBRip.x265-RARBG.mp4,6,4,1358522,data/encodings/1358522/1358522_S06E04_42864_0.npy
2191,1080,1920,0,982,1064,187,269,6724,0.003,42888,/home/amos/media/tv/White.Collar.S01-S06.1080p.BluRay.x265-RARBG/White.Collar.S06.1080p.WEBRip.x265-RARBG/White.Collar.S06E04.1080p.WEBRip.x265-RARBG.mp4,6,4,1358522,data/encodings/1358522/1358522_S06E04_42888_0.npy
2192,1080,1920,1,699,869,61,231,28900,0.014,42888,/home/amos/media/tv/White.Collar.S01-S06.1080p.BluRay.x265-RARBG/White.Collar.S06.1080p.WEBRip.x265-RARBG/White.Collar.S06E04.1080p.WEBRip.x265-RARBG.mp4,6,4,1358522,data/encodings/1358522/1358522_S06E04_42888_1.npy
2193,1080,1920,2,1321,1525,0,179,36516,0.018,42888,/home/amos/media/tv/White.Collar.S01-S06.1080p.BluRay.x265-RARBG/White.Collar.S06.1080p.WEBRip.x265-RARBG/White.Collar.S06E04.1080p.WEBRip.x265-RARBG.mp4,6,4,1358522,data/encodings/1358522/1358522_S06E04_42888_2.npy
2194,1080,1920,0,854,1277,132,555,178929,0.086,42912,/home/amos/media/tv/White.Collar.S01-S06.1080p.BluRay.x265-RARBG/White.Collar.S06.1080p.WEBRip.x265-RARBG/White.Collar.S06E04.1080p.WEBRip.x265-RARBG.mp4,6,4,1358522,data/encodings/1358522/1358522_S06E04_42912_0.npy
2195,1080,1920,0,854,1277,218,640,178506,0.086,42936,/home/amos/media/tv/White.Collar.S01-S06.1080p.BluRay.x265-RARBG/White.Collar.S06.1080p.WEBRip.x265-RARBG/White.Collar.S06E04.1080p.WEBRip.x265-RARBG.mp4,6,4,1358522,data/encodings/1358522/1358522_S06E04_42936_0.npy
2196,1080,1920,0,1139,1491,101,453,123904,0.06,42960,/home/amos/media/tv/White.Collar.S01-S06.1080p.BluRay.x265-RARBG/White.Collar.S06.1080p.WEBRip.x265-RARBG/White.Collar.S06E04.1080p.WEBRip.x265-RARBG.mp4,6,4,1358522,data/encodings/1358522/1358522_S06E04_42960_0.npy
2197,1080,1920,0,897,1319,132,555,178506,0.086,43008,/home/amos/media/tv/White.Collar.S01-S06.1080p.BluRay.x265-RARBG/White.Collar.S06.1080p.WEBRip.x265-RARBG/White.Collar.S06E04.1080p.WEBRip.x265-RARBG.mp4,6,4,1358522,data/encodings/1358522/1358522_S06E04_43008_0.npy
2198,1080,1920,0,897,1319,218,640,178084,0.086,43032,/home/amos/media/tv/White.Collar.S01-S06.1080p.BluRay.x265-RARBG/White.Collar.S06.1080p.WEBRip.x265-RARBG/White.Collar.S06E04.1080p.WEBRip.x265-RARBG.mp4,6,4,1358522,data/encodings/1358522/1358522_S06E04_43032_0.npy
2199,1080,1920,0,640,1063,218,640,178506,0.086,43056,/home/amos/media/tv/White.Collar.S01-S06.1080p.BluRay.x265-RARBG/White.Collar.S06.1080p.WEBRip.x265-RARBG/White.Collar.S06E04.1080p.WEBRip.x265-RARBG.mp4,6,4,1358522,data/encodings/1358522/1358522_S06E04_43056_0.npy
2200,1080,1920,0,747,1099,244,596,123904,0.06,43080,/home/amos/media/tv/White.Collar.S01-S06.1080p.BluRay.x265-RARBG/White.Collar.S06.1080p.WEBRip.x265-RARBG/White.Collar.S06E04.1080p.WEBRip.x265-RARBG.mp4,6,4,1358522,data/encodings/1358522/1358522_S06E04_43080_0.npy
2201,1080,1920,0,747,1099,244,596,123904,0.06,43104,/home/amos/media/tv/White.Collar.S01-S06.1080p.BluRay.x265-RARBG/White.Collar.S06.1080p.WEBRip.x265-RARBG/White.Collar.S06E04.1080p.WEBRip.x265-RARBG.mp4,6,4,1358522,data/encodings/1358522/1358522_S06E04_43104_0.npy
2202,1080,1920,0,726,1148,261,683,178084,0.086,43128,/home/amos/media/tv/White.Collar.S01-S06.1080p.BluRay.x265-RARBG/White.Collar.S06.1080p.WEBRip.x265-RARBG/White.Collar.S06E04.1080p.WEBRip.x265-RARBG.mp4,6,4,1358522,data/encodings/1358522/1358522_S06E04_43128_0.npy
2203,1080,1920,0,726,1148,261,683,178084,0.086,43152,/home/amos/media/tv/White.Collar.S01-S06.1080p.BluRay.x265-RARBG/White.Collar.S06.1080p.WEBRip.x265-RARBG/White.Collar.S06E04.1080p.WEBRip.x265-RARBG.mp4,6,4,1358522,data/encodings/1358522/1358522_S06E04_43152_0.npy
2204,1080,1920,0,747,1099,279,632,124256,0.06,43176,/home/amos/media/tv/White.Collar.S01-S06.1080p.BluRay.x265-RARBG/White.Collar.S06.1080p.WEBRip.x265-RARBG/White.Collar.S06E04.1080p.WEBRip.x265-RARBG.mp4,6,4,1358522,data/encodings/1358522/1358522_S06E04_43176_0.npy
2205,1080,1920,0,783,1135,279,632,124256,0.06,43200,/home/amos/media/tv/White.Collar.S01-S06.1080p.BluRay.x265-RARBG/White.Collar.S06.1080p.WEBRip.x265-RARBG/White.Collar.S06E04.1080p.WEBRip.x265-RARBG.mp4,6,4,1358522,data/encodings/1358522/1358522_S06E04_43200_0.npy
2206,1080,1920,0,711,1063,279,632,124256,0.06,43224,/home/amos/media/tv/White.Collar.S01-S06.1080p.BluRay.x265-RARBG/White.Collar.S06.1080p.WEBRip.x265-RARBG/White.Collar.S06E04.1080p.WEBRip.x265-RARBG.mp4,6,4,1358522,data/encodings/1358522/1358522_S06E04_43224_0.npy
2207,1080,1920,0,711,1063,315,667,123904,0.06,43248,/home/amos/media/tv/White.Collar.S01-S06.1080p.BluRay.x265-RARBG/White.Collar.S06.1080p.WEBRip.x265-RARBG/White.Collar.S06E04.1080p.WEBRip.x265-RARBG.mp4,6,4,1358522,data/encodings/1358522/1358522_S06E04_43248_0.npy
2208,1080,1920,0,818,1170,208,560,123904,0.06,43272,/home/amos/media/tv/White.Collar.S01-S06.1080p.BluRay.x265-RARBG/White.Collar.S06.1080p.WEBRip.x265-RARBG/White.Collar.S06E04.1080p.WEBRip.x265-RARBG.mp4,6,4,1358522,data/encodings/1358522/1358522_S06E04_43272_0.npy
2209,1080,1920,0,854,1206,208,560,123904,0.06,43296,/home/amos/media/tv/White.Collar.S01-S06.1080p.BluRay.x265-RARBG/White.Collar.S06.1080p.WEBRip.x265-RARBG/White.Collar.S06E04.1080p.WEBRip.x265-RARBG.mp4,6,4,1358522,data/encodings/1358522/1358522_S06E04_43296_0.npy
2210,1080,1920,0,854,1277,175,598,178929,0.086,43320,/home/amos/media/tv/White.Collar.S01-S06.1080p.BluRay.x265-RARBG/White.Collar.S06.1080p.WEBRip.x265-RARBG/White.Collar.S06E04.1080p.WEBRip.x265-RARBG.mp4,6,4,1358522,data/encodings/1358522/1358522_S06E04_43320_0.npy
2211,1080,1920,0,890,1242,208,560,123904,0.06,43344,/home/amos/media/tv/White.Collar.S01-S06.1080p.BluRay.x265-RARBG/White.Collar.S06.1080p.WEBRip.x265-RARBG/White.Collar.S06E04.1080p.WEBRip.x265-RARBG.mp4,6,4,1358522,data/encodings/1358522/1358522_S06E04_43344_0.npy
2212,1080,1920,0,854,1206,315,667,123904,0.06,43368,/home/amos/media/tv/White.Collar.S01-S06.1080p.BluRay.x265-RARBG/White.Collar.S06.1080p.WEBRip.x265-RARBG/White.Collar.S06E04.1080p.WEBRip.x265-RARBG.mp4,6,4,1358522,data/encodings/1358522/1358522_S06E04_43368_0.npy
2213,1080,1920,0,854,1277,175,598,178929,0.086,43392,/home/amos/media/tv/White.Collar.S01-S06.1080p.BluRay.x265-RARBG/White.Collar.S06.1080p.WEBRip.x265-RARBG/White.Collar.S06E04.1080p.WEBRip.x265-RARBG.mp4,6,4,1358522,data/encodings/1358522/1358522_S06E04_43392_0.npy
2214,1080,1920,0,897,1319,175,598,178506,0.086,43416,/home/amos/media/tv/White.Collar.S01-S06.1080p.BluRay.x265-RARBG/White.Collar.S06.1080p.WEBRip.x265-RARBG/White.Collar.S06E04.1080p.WEBRip.x265-RARBG.mp4,6,4,1358522,data/encodings/1358522/1358522_S06E04_43416_0.npy
2215,1080,1920,0,554,977,261,683,178506,0.086,43440,/home/amos/media/tv/White.Collar.S01-S06.1080p.BluRay.x265-RARBG/White.Collar.S06.1080p.WEBRip.x265-RARBG/White.Collar.S06E04.1080p.WEBRip.x265-RARBG.mp4,6,4,1358522,data/encodings/1358522/1358522_S06E04_43440_0.npy
2216,1080,1920,0,537,1044,262,769,257049,0.124,43464,/home/amos/media/tv/White.Collar.S01-S06.1080p.BluRay.x265-RARBG/White.Collar.S06.1080p.WEBRip.x265-RARBG/White.Collar.S06E04.1080p.WEBRip.x265-RARBG.mp4,6,4,1358522,data/encodings/1358522/1358522_S06E04_43464_0.npy
2217,1080,1920,0,512,934,261,683,178084,0.086,43488,/home/amos/media/tv/White.Collar.S01-S06.1080p.BluRay.x265-RARBG/White.Collar.S06.1080p.WEBRip.x265-RARBG/White.Collar.S06E04.1080p.WEBRip.x265-RARBG.mp4,6,4,1358522,data/encodings/1358522/1358522_S06E04_43488_0.npy
2218,1080,1920,0,512,934,218,640,178084,0.086,43512,/home/amos/media/tv/White.Collar.S01-S06.1080p.BluRay.x265-RARBG/White.Collar.S06.1080p.WEBRip.x265-RARBG/White.Collar.S06E04.1080p.WEBRip.x265-RARBG.mp4,6,4,1358522,data/encodings/1358522/1358522_S06E04_43512_0.npy
2219,1080,1920,0,229,736,210,717,257049,0.124,43536,/home/amos/media/tv/White.Collar.S01-S06.1080p.BluRay.x265-RARBG/White.Collar.S06.1080p.WEBRip.x265-RARBG/White.Collar.S06E04.1080p.WEBRip.x265-RARBG.mp4,6,4,1358522,data/encodings/1358522/1358522_S06E04_43536_0.npy
2220,1080,1920,0,589,1096,210,717,257049,0.124,43560,/home/amos/media/tv/White.Collar.S01-S06.1080p.BluRay.x265-RARBG/White.Collar.S06.1080p.WEBRip.x265-RARBG/White.Collar.S06E04.1080p.WEBRip.x265-RARBG.mp4,6,4,1358522,data/encodings/1358522/1358522_S06E04_43560_0.npy
2221,1080,1920,0,537,1044,262,769,257049,0.124,43584,/home/amos/media/tv/White.Collar.S01-S06.1080p.BluRay.x265-RARBG/White.Collar.S06.1080p.WEBRip.x265-RARBG/White.Collar.S06E04.1080p.WEBRip.x265-RARBG.mp4,6,4,1358522,data/encodings/1358522/1358522_S06E04_43584_0.npy
2222,1080,1920,0,1068,1420,315,667,123904,0.06,43632,/home/amos/media/tv/White.Collar.S01-S06.1080p.BluRay.x265-RARBG/White.Collar.S06.1080p.WEBRip.x265-RARBG/White.Collar.S06E04.1080p.WEBRip.x265-RARBG.mp4,6,4,1358522,data/encodings/1358522/1358522_S06E04_43632_0.npy
2223,1080,1920,0,1025,1448,261,683,178506,0.086,43656,/home/amos/media/tv/White.Collar.S01-S06.1080p.BluRay.x265-RARBG/White.Collar.S06.1080p.WEBRip.x265-RARBG/White.Collar.S06E04.1080p.WEBRip.x265-RARBG.mp4,6,4,1358522,data/encodings/1358522/1358522_S06E04_43656_0.npy
2224,1080,1920,0,1025,1448,261,683,178506,0.086,43680,/home/amos/media/tv/White.Collar.S01-S06.1080p.BluRay.x265-RARBG/White.Collar.S06.1080p.WEBRip.x265-RARBG/White.Collar.S06E04.1080p.WEBRip.x265-RARBG.mp4,6,4,1358522,data/encodings/1358522/1358522_S06E04_43680_0.npy
2225,1080,1920,0,1032,1384,279,632,124256,0.06,43704,/home/amos/media/tv/White.Collar.S01-S06.1080p.BluRay.x265-RARBG/White.Collar.S06.1080p.WEBRip.x265-RARBG/White.Collar.S06E04.1080p.WEBRip.x265-RARBG.mp4,6,4,1358522,data/encodings/1358522/1358522_S06E04_43704_0.npy
2226,1080,1920,0,340,763,218,640,178506,0.086,43728,/home/amos/media/tv/White.Collar.S01-S06.1080p.BluRay.x265-RARBG/White.Collar.S06.1080p.WEBRip.x265-RARBG/White.Collar.S06E04.1080p.WEBRip.x265-RARBG.mp4,6,4,1358522,data/encodings/1358522/1358522_S06E04_43728_0.npy
2227,1080,1920,0,340,763,261,683,178506,0.086,43752,/home/amos/media/tv/White.Collar.S01-S06.1080p.BluRay.x265-RARBG/White.Collar.S06.1080p.WEBRip.x265-RARBG/White.Collar.S06E04.1080p.WEBRip.x265-RARBG.mp4,6,4,1358522,data/encodings/1358522/1358522_S06E04_43752_0.npy
2228,1080,1920,0,340,763,218,640,178506,0.086,43776,/home/amos/media/tv/White.Collar.S01-S06.1080p.BluRay.x265-RARBG/White.Collar.S06.1080p.WEBRip.x265-RARBG/White.Collar.S06E04.1080p.WEBRip.x265-RARBG.mp4,6,4,1358522,data/encodings/1358522/1358522_S06E04_43776_0.npy
2229,1080,1920,0,999,1507,159,666,257556,0.124,43800,/home/amos/media/tv/White.Collar.S01-S06.1080p.BluRay.x265-RARBG/White.Collar.S06.1080p.WEBRip.x265-RARBG/White.Collar.S06E04.1080p.WEBRip.x265-RARBG.mp4,6,4,1358522,data/encodings/1358522/1358522_S06E04_43800_0.npy
2230,1080,1920,0,554,977,261,683,178506,0.086,43824,/home/amos/media/tv/White.Collar.S01-S06.1080p.BluRay.x265-RARBG/White.Collar.S06.1080p.WEBRip.x265-RARBG/White.Collar.S06E04.1080p.WEBRip.x265-RARBG.mp4,6,4,1358522,data/encodings/1358522/1358522_S06E04_43824_0.npy
2231,1080,1920,0,711,1063,244,596,123904,0.06,43848,/home/amos/media/tv/White.Collar.S01-S06.1080p.BluRay.x265-RARBG/White.Collar.S06.1080p.WEBRip.x265-RARBG/White.Collar.S06E04.1080p.WEBRip.x265-RARBG.mp4,6,4,1358522,data/encodings/1358522/1358522_S06E04_43848_0.npy
2232,1080,1920,1,113,357,602,847,59780,0.029,43848,/home/amos/media/tv/White.Collar.S01-S06.1080p.BluRay.x265-RARBG/White.Collar.S06.1080p.WEBRip.x265-RARBG/White.Collar.S06E04.1080p.WEBRip.x265-RARBG.mp4,6,4,1358522,data/encodings/1358522/1358522_S06E04_43848_1.npy
2233,1080,1920,0,711,1063,279,632,124256,0.06,43872,/home/amos/media/tv/White.Collar.S01-S06.1080p.BluRay.x265-RARBG/White.Collar.S06.1080p.WEBRip.x265-RARBG/White.Collar.S06E04.1080p.WEBRip.x265-RARBG.mp4,6,4,1358522,data/encodings/1358522/1358522_S06E04_43872_0.npy
2234,1080,1920,0,854,1277,218,640,178506,0.086,43896,/home/amos/media/tv/White.Collar.S01-S06.1080p.BluRay.x265-RARBG/White.Collar.S06.1080p.WEBRip.x265-RARBG/White.Collar.S06E04.1080p.WEBRip.x265-RARBG.mp4,6,4,1358522,data/encodings/1358522/1358522_S06E04_43896_0.npy
2235,1080,1920,0,854,1277,175,598,178929,0.086,43920,/home/amos/media/tv/White.Collar.S01-S06.1080p.BluRay.x265-RARBG/White.Collar.S06.1080p.WEBRip.x265-RARBG/White.Collar.S06E04.1080p.WEBRip.x265-RARBG.mp4,6,4,1358522,data/encodings/1358522/1358522_S06E04_43920_0.npy
2236,1080,1920,0,383,890,262,769,257049,0.124,43944,/home/amos/media/tv/White.Collar.S01-S06.1080p.BluRay.x265-RARBG/White.Collar.S06.1080p.WEBRip.x265-RARBG/White.Collar.S06E04.1080p.WEBRip.x265-RARBG.mp4,6,4,1358522,data/encodings/1358522/1358522_S06E04_43944_0.npy
2237,1080,1920,0,0,284,463,756,83212,0.04,43968,/home/amos/media/tv/White.Collar.S01-S06.1080p.BluRay.x265-RARBG/White.Collar.S06.1080p.WEBRip.x265-RARBG/White.Collar.S06E04.1080p.WEBRip.x265-RARBG.mp4,6,4,1358522,data/encodings/1358522/1358522_S06E04_43968_0.npy
2238,1080,1920,1,383,890,262,769,257049,0.124,43968,/home/amos/media/tv/White.Collar.S01-S06.1080p.BluRay.x265-RARBG/White.Collar.S06.1080p.WEBRip.x265-RARBG/White.Collar.S06E04.1080p.WEBRip.x265-RARBG.mp4,6,4,1358522,data/encodings/1358522/1358522_S06E04_43968_1.npy
2239,1080,1920,0,426,849,261,683,178506,0.086,43992,/home/amos/media/tv/White.Collar.S01-S06.1080p.BluRay.x265-RARBG/White.Collar.S06.1080p.WEBRip.x265-RARBG/White.Collar.S06E04.1080p.WEBRip.x265-RARBG.mp4,6,4,1358522,data/encodings/1358522/1358522_S06E04_43992_0.npy
2240,1080,1920,0,426,849,218,640,178506,0.086,44016,/home/amos/media/tv/White.Collar.S01-S06.1080p.BluRay.x265-RARBG/White.Collar.S06.1080p.WEBRip.x265-RARBG/White.Collar.S06E04.1080p.WEBRip.x265-RARBG.mp4,6,4,1358522,data/encodings/1358522/1358522_S06E04_44016_0.npy
2241,1080,1920,0,854,1277,218,640,178506,0.086,44040,/home/amos/media/tv/White.Collar.S01-S06.1080p.BluRay.x265-RARBG/White.Collar.S06.1080p.WEBRip.x265-RARBG/White.Collar.S06E04.1080p.WEBRip.x265-RARBG.mp4,6,4,1358522,data/encodings/1358522/1358522_S06E04_44040_0.npy
2242,1080,1920,0,897,1319,132,555,178506,0.086,44064,/home/amos/media/tv/White.Collar.S01-S06.1080p.BluRay.x265-RARBG/White.Collar.S06.1080p.WEBRip.x265-RARBG/White.Collar.S06E04.1080p.WEBRip.x265-RARBG.mp4,6,4,1358522,data/encodings/1358522/1358522_S06E04_44064_0.npy
2243,1080,1920,0,845,1353,108,615,257556,0.124,44088,/home/amos/media/tv/White.Collar.S01-S06.1080p.BluRay.x265-RARBG/White.Collar.S06.1080p.WEBRip.x265-RARBG/White.Collar.S06E04.1080p.WEBRip.x265-RARBG.mp4,6,4,1358522,data/encodings/1358522/1358522_S06E04_44088_0.npy
2244,1080,1920,0,794,1301,210,717,257049,0.124,44112,/home/amos/media/tv/White.Collar.S01-S06.1080p.BluRay.x265-RARBG/White.Collar.S06.1080p.WEBRip.x265-RARBG/White.Collar.S06E04.1080p.WEBRip.x265-RARBG.mp4,6,4,1358522,data/encodings/1358522/1358522_S06E04_44112_0.npy
2245,1080,1920,0,1026,1195,233,403,28730,0.014,44136,/home/amos/media/tv/White.Collar.S01-S06.1080p.BluRay.x265-RARBG/White.Collar.S06.1080p.WEBRip.x265-RARBG/White.Collar.S06E04.1080p.WEBRip.x265-RARBG.mp4,6,4,1358522,data/encodings/1358522/1358522_S06E04_44136_0.npy
2246,1080,1920,0,496,700,264,468,41616,0.02,44160,/home/amos/media/tv/White.Collar.S01-S06.1080p.BluRay.x265-RARBG/White.Collar.S06.1080p.WEBRip.x265-RARBG/White.Collar.S06E04.1080p.WEBRip.x265-RARBG.mp4,6,4,1358522,data/encodings/1358522/1358522_S06E04_44160_0.npy
2247,1080,1920,0,435,679,181,426,59780,0.029,44184,/home/amos/media/tv/White.Collar.S01-S06.1080p.BluRay.x265-RARBG/White.Collar.S06.1080p.WEBRip.x265-RARBG/White.Collar.S06E04.1080p.WEBRip.x265-RARBG.mp4,6,4,1358522,data/encodings/1358522/1358522_S06E04_44184_0.npy
2248,1080,1920,1,1301,1546,132,376,59780,0.029,44184,/home/amos/media/tv/White.Collar.S01-S06.1080p.BluRay.x265-RARBG/White.Collar.S06.1080p.WEBRip.x265-RARBG/White.Collar.S06E04.1080p.WEBRip.x265-RARBG.mp4,6,4,1358522,data/encodings/1358522/1358522_S06E04_44184_1.npy
2249,1080,1920,0,1202,1447,107,351,59780,0.029,44208,/home/amos/media/tv/White.Collar.S01-S06.1080p.BluRay.x265-RARBG/White.Collar.S06.1080p.WEBRip.x265-RARBG/White.Collar.S06E04.1080p.WEBRip.x265-RARBG.mp4,6,4,1358522,data/encodings/1358522/1358522_S06E04_44208_0.npy
2250,1080,1920,1,410,654,132,376,59536,0.029,44208,/home/amos/media/tv/White.Collar.S01-S06.1080p.BluRay.x265-RARBG/White.Collar.S06.1080p.WEBRip.x265-RARBG/White.Collar.S06E04.1080p.WEBRip.x265-RARBG.mp4,6,4,1358522,data/encodings/1358522/1358522_S06E04_44208_1.npy
2251,1080,1920,0,1202,1447,132,376,59780,0.029,44232,/home/amos/media/tv/White.Collar.S01-S06.1080p.BluRay.x265-RARBG/White.Collar.S06.1080p.WEBRip.x265-RARBG/White.Collar.S06E04.1080p.WEBRip.x265-RARBG.mp4,6,4,1358522,data/encodings/1358522/1358522_S06E04_44232_0.npy
2252,1080,1920,1,459,704,181,426,60025,0.029,44232,/home/amos/media/tv/White.Collar.S01-S06.1080p.BluRay.x265-RARBG/White.Collar.S06.1080p.WEBRip.x265-RARBG/White.Collar.S06E04.1080p.WEBRip.x265-RARBG.mp4,6,4,1358522,data/encodings/1358522/1358522_S06E04_44232_1.npy
2253,1080,1920,0,1202,1447,156,401,60025,0.029,44256,/home/amos/media/tv/White.Collar.S01-S06.1080p.BluRay.x265-RARBG/White.Collar.S06.1080p.WEBRip.x265-RARBG/White.Collar.S06E04.1080p.WEBRip.x265-RARBG.mp4,6,4,1358522,data/encodings/1358522/1358522_S06E04_44256_0.npy
2254,1080,1920,1,484,729,181,426,60025,0.029,44256,/home/amos/media/tv/White.Collar.S01-S06.1080p.BluRay.x265-RARBG/White.Collar.S06.1080p.WEBRip.x265-RARBG/White.Collar.S06E04.1080p.WEBRip.x265-RARBG.mp4,6,4,1358522,data/encodings/1358522/1358522_S06E04_44256_1.npy
2255,1080,1920,0,484,729,206,450,59780,0.029,44280,/home/amos/media/tv/White.Collar.S01-S06.1080p.BluRay.x265-RARBG/White.Collar.S06.1080p.WEBRip.x265-RARBG/White.Collar.S06E04.1080p.WEBRip.x265-RARBG.mp4,6,4,1358522,data/encodings/1358522/1358522_S06E04_44280_0.npy
2256,1080,1920,1,1351,1595,156,401,59780,0.029,44280,/home/amos/media/tv/White.Collar.S01-S06.1080p.BluRay.x265-RARBG/White.Collar.S06.1080p.WEBRip.x265-RARBG/White.Collar.S06E04.1080p.WEBRip.x265-RARBG.mp4,6,4,1358522,data/encodings/1358522/1358522_S06E04_44280_1.npy
2257,1080,1920,0,1196,1619,346,769,178929,0.086,44640,/home/amos/media/tv/White.Collar.S01-S06.1080p.BluRay.x265-RARBG/White.Collar.S06.1080p.WEBRip.x265-RARBG/White.Collar.S06E04.1080p.WEBRip.x265-RARBG.mp4,6,4,1358522,data/encodings/1358522/1358522_S06E04_44640_0.npy
2258,1080,1920,0,1032,1114,436,518,6724,0.003,44808,/home/amos/media/tv/White.Collar.S01-S06.1080p.BluRay.x265-RARBG/White.Collar.S06.1080p.WEBRip.x265-RARBG/White.Collar.S06E04.1080p.WEBRip.x265-RARBG.mp4,6,4,1358522,data/encodings/1358522/1358522_S06E04_44808_0.npy
2259,1080,1920,0,1014,1113,407,505,9702,0.005,44832,/home/amos/media/tv/White.Collar.S01-S06.1080p.BluRay.x265-RARBG/White.Collar.S06.1080p.WEBRip.x265-RARBG/White.Collar.S06E04.1080p.WEBRip.x265-RARBG.mp4,6,4,1358522,data/encodings/1358522/1358522_S06E04_44832_0.npy
2260,1080,1920,0,1005,1103,387,485,9604,0.005,44856,/home/amos/media/tv/White.Collar.S01-S06.1080p.BluRay.x265-RARBG/White.Collar.S06.1080p.WEBRip.x265-RARBG/White.Collar.S06E04.1080p.WEBRip.x265-RARBG.mp4,6,4,1358522,data/encodings/1358522/1358522_S06E04_44856_0.npy
2261,1080,1920,0,942,1235,166,459,85849,0.041,44952,/home/amos/media/tv/White.Collar.S01-S06.1080p.BluRay.x265-RARBG/White.Collar.S06.1080p.WEBRip.x265-RARBG/White.Collar.S06E04.1080p.WEBRip.x265-RARBG.mp4,6,4,1358522,data/encodings/1358522/1358522_S06E04_44952_0.npy
2262,1080,1920,0,925,1277,137,489,123904,0.06,44976,/home/amos/media/tv/White.Collar.S01-S06.1080p.BluRay.x265-RARBG/White.Collar.S06.1080p.WEBRip.x265-RARBG/White.Collar.S06E04.1080p.WEBRip.x265-RARBG.mp4,6,4,1358522,data/encodings/1358522/1358522_S06E04_44976_0.npy
2263,1080,1920,0,961,1313,172,525,124256,0.06,45000,/home/amos/media/tv/White.Collar.S01-S06.1080p.BluRay.x265-RARBG/White.Collar.S06.1080p.WEBRip.x265-RARBG/White.Collar.S06E04.1080p.WEBRip.x265-RARBG.mp4,6,4,1358522,data/encodings/1358522/1358522_S06E04_45000_0.npy
2264,1080,1920,0,876,1485,99,707,370272,0.179,45120,/home/amos/media/tv/White.Collar.S01-S06.1080p.BluRay.x265-RARBG/White.Collar.S06.1080p.WEBRip.x265-RARBG/White.Collar.S06E04.1080p.WEBRip.x265-RARBG.mp4,6,4,1358522,data/encodings/1358522/1358522_S06E04_45120_0.npy
2265,1080,1920,0,815,1423,160,769,370272,0.179,45144,/home/amos/media/tv/White.Collar.S01-S06.1080p.BluRay.x265-RARBG/White.Collar.S06.1080p.WEBRip.x265-RARBG/White.Collar.S06E04.1080p.WEBRip.x265-RARBG.mp4,6,4,1358522,data/encodings/1358522/1358522_S06E04_45144_0.npy
2266,1080,1920,0,948,1455,108,615,257049,0.124,45168,/home/amos/media/tv/White.Collar.S01-S06.1080p.BluRay.x265-RARBG/White.Collar.S06.1080p.WEBRip.x265-RARBG/White.Collar.S06E04.1080p.WEBRip.x265-RARBG.mp4,6,4,1358522,data/encodings/1358522/1358522_S06E04_45168_0.npy
2267,1080,1920,0,815,1423,222,830,369664,0.178,45192,/home/amos/media/tv/White.Collar.S01-S06.1080p.BluRay.x265-RARBG/White.Collar.S06.1080p.WEBRip.x265-RARBG/White.Collar.S06E04.1080p.WEBRip.x265-RARBG.mp4,6,4,1358522,data/encodings/1358522/1358522_S06E04_45192_0.npy
2268,1080,1920,0,845,1353,159,666,257556,0.124,45216,/home/amos/media/tv/White.Collar.S01-S06.1080p.BluRay.x265-RARBG/White.Collar.S06.1080p.WEBRip.x265-RARBG/White.Collar.S06E04.1080p.WEBRip.x265-RARBG.mp4,6,4,1358522,data/encodings/1358522/1358522_S06E04_45216_0.npy
2269,1080,1920,0,426,849,261,683,178506,0.086,45240,/home/amos/media/tv/White.Collar.S01-S06.1080p.BluRay.x265-RARBG/White.Collar.S06.1080p.WEBRip.x265-RARBG/White.Collar.S06E04.1080p.WEBRip.x265-RARBG.mp4,6,4,1358522,data/encodings/1358522/1358522_S06E04_45240_0.npy
2270,1080,1920,0,516,1246,165,895,532900,0.257,45264,/home/amos/media/tv/White.Collar.S01-S06.1080p.BluRay.x265-RARBG/White.Collar.S06.1080p.WEBRip.x265-RARBG/White.Collar.S06E04.1080p.WEBRip.x265-RARBG.mp4,6,4,1358522,data/encodings/1358522/1358522_S06E04_45264_0.npy
2271,1080,1920,0,442,1172,165,895,532900,0.257,45288,/home/amos/media/tv/White.Collar.S01-S06.1080p.BluRay.x265-RARBG/White.Collar.S06.1080p.WEBRip.x265-RARBG/White.Collar.S06E04.1080p.WEBRip.x265-RARBG.mp4,6,4,1358522,data/encodings/1358522/1358522_S06E04_45288_0.npy
2272,1080,1920,0,1175,1527,137,489,123904,0.06,45456,/home/amos/media/tv/White.Collar.S01-S06.1080p.BluRay.x265-RARBG/White.Collar.S06.1080p.WEBRip.x265-RARBG/White.Collar.S06E04.1080p.WEBRip.x265-RARBG.mp4,6,4,1358522,data/encodings/1358522/1358522_S06E04_45456_0.npy
2273,1080,1920,0,706,804,297,395,9604,0.005,45504,/home/amos/media/tv/White.Collar.S01-S06.1080p.BluRay.x265-RARBG/White.Collar.S06.1080p.WEBRip.x265-RARBG/White.Collar.S06E04.1080p.WEBRip.x265-RARBG.mp4,6,4,1358522,data/encodings/1358522/1358522_S06E04_45504_0.npy
2274,1080,1920,0,961,1313,208,560,123904,0.06,45528,/home/amos/media/tv/White.Collar.S01-S06.1080p.BluRay.x265-RARBG/White.Collar.S06.1080p.WEBRip.x265-RARBG/White.Collar.S06E04.1080p.WEBRip.x265-RARBG.mp4,6,4,1358522,data/encodings/1358522/1358522_S06E04_45528_0.npy
2275,1080,1920,0,997,1349,172,525,124256,0.06,45552,/home/amos/media/tv/White.Collar.S01-S06.1080p.BluRay.x265-RARBG/White.Collar.S06.1080p.WEBRip.x265-RARBG/White.Collar.S06E04.1080p.WEBRip.x265-RARBG.mp4,6,4,1358522,data/encodings/1358522/1358522_S06E04_45552_0.npy
2276,1080,1920,0,961,1313,208,560,123904,0.06,45576,/home/amos/media/tv/White.Collar.S01-S06.1080p.BluRay.x265-RARBG/White.Collar.S06.1080p.WEBRip.x265-RARBG/White.Collar.S06E04.1080p.WEBRip.x265-RARBG.mp4,6,4,1358522,data/encodings/1358522/1358522_S06E04_45576_0.npy
2277,1080,1920,0,360,605,206,450,59780,0.029,45600,/home/amos/media/tv/White.Collar.S01-S06.1080p.BluRay.x265-RARBG/White.Collar.S06.1080p.WEBRip.x265-RARBG/White.Collar.S06E04.1080p.WEBRip.x265-RARBG.mp4,6,4,1358522,data/encodings/1358522/1358522_S06E04_45600_0.npy
2278,1080,1920,1,1031,1324,166,459,85849,0.041,45600,/home/amos/media/tv/White.Collar.S01-S06.1080p.BluRay.x265-RARBG/White.Collar.S06.1080p.WEBRip.x265-RARBG/White.Collar.S06E04.1080p.WEBRip.x265-RARBG.mp4,6,4,1358522,data/encodings/1358522/1358522_S06E04_45600_1.npy
2279,1080,1920,0,459,704,156,401,60025,0.029,45624,/home/amos/media/tv/White.Collar.S01-S06.1080p.BluRay.x265-RARBG/White.Collar.S06.1080p.WEBRip.x265-RARBG/White.Collar.S06E04.1080p.WEBRip.x265-RARBG.mp4,6,4,1358522,data/encodings/1358522/1358522_S06E04_45624_0.npy
2280,1080,1920,1,1128,1373,156,401,60025,0.029,45624,/home/amos/media/tv/White.Collar.S01-S06.1080p.BluRay.x265-RARBG/White.Collar.S06.1080p.WEBRip.x265-RARBG/White.Collar.S06E04.1080p.WEBRip.x265-RARBG.mp4,6,4,1358522,data/encodings/1358522/1358522_S06E04_45624_1.npy
2281,1080,1920,0,1128,1373,156,401,60025,0.029,45648,/home/amos/media/tv/White.Collar.S01-S06.1080p.BluRay.x265-RARBG/White.Collar.S06.1080p.WEBRip.x265-RARBG/White.Collar.S06E04.1080p.WEBRip.x265-RARBG.mp4,6,4,1358522,data/encodings/1358522/1358522_S06E04_45648_0.npy
2282,1080,1920,1,484,729,181,426,60025,0.029,45648,/home/amos/media/tv/White.Collar.S01-S06.1080p.BluRay.x265-RARBG/White.Collar.S06.1080p.WEBRip.x265-RARBG/White.Collar.S06E04.1080p.WEBRip.x265-RARBG.mp4,6,4,1358522,data/encodings/1358522/1358522_S06E04_45648_1.npy
2283,1080,1920,0,459,704,181,426,60025,0.029,45672,/home/amos/media/tv/White.Collar.S01-S06.1080p.BluRay.x265-RARBG/White.Collar.S06.1080p.WEBRip.x265-RARBG/White.Collar.S06E04.1080p.WEBRip.x265-RARBG.mp4,6,4,1358522,data/encodings/1358522/1358522_S06E04_45672_0.npy
2284,1080,1920,1,1252,1496,156,401,59780,0.029,45672,/home/amos/media/tv/White.Collar.S01-S06.1080p.BluRay.x265-RARBG/White.Collar.S06.1080p.WEBRip.x265-RARBG/White.Collar.S06E04.1080p.WEBRip.x265-RARBG.mp4,6,4,1358522,data/encodings/1358522/1358522_S06E04_45672_1.npy
2285,1080,1920,0,509,753,206,450,59536,0.029,45696,/home/amos/media/tv/White.Collar.S01-S06.1080p.BluRay.x265-RARBG/White.Collar.S06.1080p.WEBRip.x265-RARBG/White.Collar.S06E04.1080p.WEBRip.x265-RARBG.mp4,6,4,1358522,data/encodings/1358522/1358522_S06E04_45696_0.npy
2286,1080,1920,1,1277,1521,156,401,59780,0.029,45696,/home/amos/media/tv/White.Collar.S01-S06.1080p.BluRay.x265-RARBG/White.Collar.S06.1080p.WEBRip.x265-RARBG/White.Collar.S06E04.1080p.WEBRip.x265-RARBG.mp4,6,4,1358522,data/encodings/1358522/1358522_S06E04_45696_1.npy
2287,1080,1920,0,1090,1384,106,400,86436,0.042,45720,/home/amos/media/tv/White.Collar.S01-S06.1080p.BluRay.x265-RARBG/White.Collar.S06.1080p.WEBRip.x265-RARBG/White.Collar.S06E04.1080p.WEBRip.x265-RARBG.mp4,6,4,1358522,data/encodings/1358522/1358522_S06E04_45720_0.npy
2288,1080,1920,0,1032,1384,101,453,123904,0.06,45744,/home/amos/media/tv/White.Collar.S01-S06.1080p.BluRay.x265-RARBG/White.Collar.S06.1080p.WEBRip.x265-RARBG/White.Collar.S06E04.1080p.WEBRip.x265-RARBG.mp4,6,4,1358522,data/encodings/1358522/1358522_S06E04_45744_0.npy
2289,1080,1920,0,997,1349,101,453,123904,0.06,45768,/home/amos/media/tv/White.Collar.S01-S06.1080p.BluRay.x265-RARBG/White.Collar.S06.1080p.WEBRip.x265-RARBG/White.Collar.S06E04.1080p.WEBRip.x265-RARBG.mp4,6,4,1358522,data/encodings/1358522/1358522_S06E04_45768_0.npy
2290,1080,1920,0,1032,1384,101,453,123904,0.06,45792,/home/amos/media/tv/White.Collar.S01-S06.1080p.BluRay.x265-RARBG/White.Collar.S06.1080p.WEBRip.x265-RARBG/White.Collar.S06E04.1080p.WEBRip.x265-RARBG.mp4,6,4,1358522,data/encodings/1358522/1358522_S06E04_45792_0.npy
2291,1080,1920,0,1032,1384,137,489,123904,0.06,45816,/home/amos/media/tv/White.Collar.S01-S06.1080p.BluRay.x265-RARBG/White.Collar.S06.1080p.WEBRip.x265-RARBG/White.Collar.S06E04.1080p.WEBRip.x265-RARBG.mp4,6,4,1358522,data/encodings/1358522/1358522_S06E04_45816_0.npy
2292,1080,1920,0,393,597,120,324,41616,0.02,45840,/home/amos/media/tv/White.Collar.S01-S06.1080p.BluRay.x265-RARBG/White.Collar.S06.1080p.WEBRip.x265-RARBG/White.Collar.S06E04.1080p.WEBRip.x265-RARBG.mp4,6,4,1358522,data/encodings/1358522/1358522_S06E04_45840_0.npy
2293,1080,1920,1,1136,1340,99,303,41616,0.02,45840,/home/amos/media/tv/White.Collar.S01-S06.1080p.BluRay.x265-RARBG/White.Collar.S06.1080p.WEBRip.x265-RARBG/White.Collar.S06E04.1080p.WEBRip.x265-RARBG.mp4,6,4,1358522,data/encodings/1358522/1358522_S06E04_45840_1.npy
2294,1080,1920,0,269,473,120,324,41616,0.02,45864,/home/amos/media/tv/White.Collar.S01-S06.1080p.BluRay.x265-RARBG/White.Collar.S06.1080p.WEBRip.x265-RARBG/White.Collar.S06E04.1080p.WEBRip.x265-RARBG.mp4,6,4,1358522,data/encodings/1358522/1358522_S06E04_45864_0.npy
2295,1080,1920,1,1115,1319,99,303,41616,0.02,45864,/home/amos/media/tv/White.Collar.S01-S06.1080p.BluRay.x265-RARBG/White.Collar.S06.1080p.WEBRip.x265-RARBG/White.Collar.S06E04.1080p.WEBRip.x265-RARBG.mp4,6,4,1358522,data/encodings/1358522/1358522_S06E04_45864_1.npy
2296,1080,1920,0,269,473,120,324,41616,0.02,45888,/home/amos/media/tv/White.Collar.S01-S06.1080p.BluRay.x265-RARBG/White.Collar.S06.1080p.WEBRip.x265-RARBG/White.Collar.S06E04.1080p.WEBRip.x265-RARBG.mp4,6,4,1358522,data/encodings/1358522/1358522_S06E04_45888_0.npy
2297,1080,1920,1,1115,1319,99,303,41616,0.02,45888,/home/amos/media/tv/White.Collar.S01-S06.1080p.BluRay.x265-RARBG/White.Collar.S06.1080p.WEBRip.x265-RARBG/White.Collar.S06E04.1080p.WEBRip.x265-RARBG.mp4,6,4,1358522,data/encodings/1358522/1358522_S06E04_45888_1.npy
2298,1080,1920,0,997,1349,101,453,123904,0.06,45912,/home/amos/media/tv/White.Collar.S01-S06.1080p.BluRay.x265-RARBG/White.Collar.S06.1080p.WEBRip.x265-RARBG/White.Collar.S06E04.1080p.WEBRip.x265-RARBG.mp4,6,4,1358522,data/encodings/1358522/1358522_S06E04_45912_0.npy
2299,1080,1920,0,393,597,202,406,41616,0.02,45936,/home/amos/media/tv/White.Collar.S01-S06.1080p.BluRay.x265-RARBG/White.Collar.S06.1080p.WEBRip.x265-RARBG/White.Collar.S06E04.1080p.WEBRip.x265-RARBG.mp4,6,4,1358522,data/encodings/1358522/1358522_S06E04_45936_0.npy
2300,1080,1920,1,1029,1273,132,376,59536,0.029,45936,/home/amos/media/tv/White.Collar.S01-S06.1080p.BluRay.x265-RARBG/White.Collar.S06.1080p.WEBRip.x265-RARBG/White.Collar.S06E04.1080p.WEBRip.x265-RARBG.mp4,6,4,1358522,data/encodings/1358522/1358522_S06E04_45936_1.npy
2301,1080,1920,0,310,514,182,385,41412,0.02,45960,/home/amos/media/tv/White.Collar.S01-S06.1080p.BluRay.x265-RARBG/White.Collar.S06.1080p.WEBRip.x265-RARBG/White.Collar.S06E04.1080p.WEBRip.x265-RARBG.mp4,6,4,1358522,data/encodings/1358522/1358522_S06E04_45960_0.npy
2302,1080,1920,1,1136,1340,140,344,41616,0.02,45960,/home/amos/media/tv/White.Collar.S01-S06.1080p.BluRay.x265-RARBG/White.Collar.S06.1080p.WEBRip.x265-RARBG/White.Collar.S06E04.1080p.WEBRip.x265-RARBG.mp4,6,4,1358522,data/encodings/1358522/1358522_S06E04_45960_1.npy
2303,1080,1920,0,971,1265,195,489,86436,0.042,45984,/home/amos/media/tv/White.Collar.S01-S06.1080p.BluRay.x265-RARBG/White.Collar.S06.1080p.WEBRip.x265-RARBG/White.Collar.S06E04.1080p.WEBRip.x265-RARBG.mp4,6,4,1358522,data/encodings/1358522/1358522_S06E04_45984_0.npy
2304,1080,1920,0,711,1063,137,489,123904,0.06,46008,/home/amos/media/tv/White.Collar.S01-S06.1080p.BluRay.x265-RARBG/White.Collar.S06.1080p.WEBRip.x265-RARBG/White.Collar.S06E04.1080p.WEBRip.x265-RARBG.mp4,6,4,1358522,data/encodings/1358522/1358522_S06E04_46008_0.npy
2305,1080,1920,0,854,1206,101,453,123904,0.06,46032,/home/amos/media/tv/White.Collar.S01-S06.1080p.BluRay.x265-RARBG/White.Collar.S06.1080p.WEBRip.x265-RARBG/White.Collar.S06E04.1080p.WEBRip.x265-RARBG.mp4,6,4,1358522,data/encodings/1358522/1358522_S06E04_46032_0.npy
2306,1080,1920,0,704,997,166,459,85849,0.041,46056,/home/amos/media/tv/White.Collar.S01-S06.1080p.BluRay.x265-RARBG/White.Collar.S06.1080p.WEBRip.x265-RARBG/White.Collar.S06E04.1080p.WEBRip.x265-RARBG.mp4,6,4,1358522,data/encodings/1358522/1358522_S06E04_46056_0.npy
2307,1080,1920,0,615,908,225,519,86142,0.042,46080,/home/amos/media/tv/White.Collar.S01-S06.1080p.BluRay.x265-RARBG/White.Collar.S06.1080p.WEBRip.x265-RARBG/White.Collar.S06E04.1080p.WEBRip.x265-RARBG.mp4,6,4,1358522,data/encodings/1358522/1358522_S06E04_46080_0.npy
2308,1080,1920,0,692,774,229,311,6724,0.003,46104,/home/amos/media/tv/White.Collar.S01-S06.1080p.BluRay.x265-RARBG/White.Collar.S06.1080p.WEBRip.x265-RARBG/White.Collar.S06E04.1080p.WEBRip.x265-RARBG.mp4,6,4,1358522,data/encodings/1358522/1358522_S06E04_46104_0.npy
2309,1080,1920,1,925,1023,188,286,9604,0.005,46104,/home/amos/media/tv/White.Collar.S01-S06.1080p.BluRay.x265-RARBG/White.Collar.S06.1080p.WEBRip.x265-RARBG/White.Collar.S06E04.1080p.WEBRip.x265-RARBG.mp4,6,4,1358522,data/encodings/1358522/1358522_S06E04_46104_1.npy
2310,1080,1920,0,609,691,212,294,6724,0.003,46128,/home/amos/media/tv/White.Collar.S01-S06.1080p.BluRay.x265-RARBG/White.Collar.S06.1080p.WEBRip.x265-RARBG/White.Collar.S06E04.1080p.WEBRip.x265-RARBG.mp4,6,4,1358522,data/encodings/1358522/1358522_S06E04_46128_0.npy
2311,1080,1920,0,1001,1119,279,397,13924,0.007,46152,/home/amos/media/tv/White.Collar.S01-S06.1080p.BluRay.x265-RARBG/White.Collar.S06.1080p.WEBRip.x265-RARBG/White.Collar.S06E04.1080p.WEBRip.x265-RARBG.mp4,6,4,1358522,data/encodings/1358522/1358522_S06E04_46152_0.npy
2312,1080,1920,0,945,1043,327,425,9604,0.005,46176,/home/amos/media/tv/White.Collar.S01-S06.1080p.BluRay.x265-RARBG/White.Collar.S06.1080p.WEBRip.x265-RARBG/White.Collar.S06E04.1080p.WEBRip.x265-RARBG.mp4,6,4,1358522,data/encodings/1358522/1358522_S06E04_46176_0.npy
2313,1080,1920,1,492,662,233,403,28900,0.014,46176,/home/amos/media/tv/White.Collar.S01-S06.1080p.BluRay.x265-RARBG/White.Collar.S06.1080p.WEBRip.x265-RARBG/White.Collar.S06E04.1080p.WEBRip.x265-RARBG.mp4,6,4,1358522,data/encodings/1358522/1358522_S06E04_46176_1.npy
2314,1080,1920,0,822,940,291,409,13924,0.007,46200,/home/amos/media/tv/White.Collar.S01-S06.1080p.BluRay.x265-RARBG/White.Collar.S06.1080p.WEBRip.x265-RARBG/White.Collar.S06E04.1080p.WEBRip.x265-RARBG.mp4,6,4,1358522,data/encodings/1358522/1358522_S06E04_46200_0.npy
2315,1080,1920,1,1447,1589,240,382,20164,0.01,46200,/home/amos/media/tv/White.Collar.S01-S06.1080p.BluRay.x265-RARBG/White.Collar.S06.1080p.WEBRip.x265-RARBG/White.Collar.S06E04.1080p.WEBRip.x265-RARBG.mp4,6,4,1358522,data/encodings/1358522/1358522_S06E04_46200_1.npy
2316,1080,1920,2,940,1110,216,385,28730,0.014,46200,/home/amos/media/tv/White.Collar.S01-S06.1080p.BluRay.x265-RARBG/White.Collar.S06.1080p.WEBRip.x265-RARBG/White.Collar.S06E04.1080p.WEBRip.x265-RARBG.mp4,6,4,1358522,data/encodings/1358522/1358522_S06E04_46200_2.npy
2317,1080,1920,0,686,784,446,545,9702,0.005,46224,/home/amos/media/tv/White.Collar.S01-S06.1080p.BluRay.x265-RARBG/White.Collar.S06.1080p.WEBRip.x265-RARBG/White.Collar.S06E04.1080p.WEBRip.x265-RARBG.mp4,6,4,1358522,data/encodings/1358522/1358522_S06E04_46224_0.npy
2318,1080,1920,1,1492,1591,506,604,9702,0.005,46224,/home/amos/media/tv/White.Collar.S01-S06.1080p.BluRay.x265-RARBG/White.Collar.S06.1080p.WEBRip.x265-RARBG/White.Collar.S06E04.1080p.WEBRip.x265-RARBG.mp4,6,4,1358522,data/encodings/1358522/1358522_S06E04_46224_1.npy
2319,1080,1920,2,464,582,470,588,13924,0.007,46224,/home/amos/media/tv/White.Collar.S01-S06.1080p.BluRay.x265-RARBG/White.Collar.S06.1080p.WEBRip.x265-RARBG/White.Collar.S06E04.1080p.WEBRip.x265-RARBG.mp4,6,4,1358522,data/encodings/1358522/1358522_S06E04_46224_2.npy
2320,1080,1920,3,1114,1212,397,495,9604,0.005,46224,/home/amos/media/tv/White.Collar.S01-S06.1080p.BluRay.x265-RARBG/White.Collar.S06.1080p.WEBRip.x265-RARBG/White.Collar.S06E04.1080p.WEBRip.x265-RARBG.mp4,6,4,1358522,data/encodings/1358522/1358522_S06E04_46224_3.npy
2321,1080,1920,0,696,794,446,545,9702,0.005,46248,/home/amos/media/tv/White.Collar.S01-S06.1080p.BluRay.x265-RARBG/White.Collar.S06.1080p.WEBRip.x265-RARBG/White.Collar.S06E04.1080p.WEBRip.x265-RARBG.mp4,6,4,1358522,data/encodings/1358522/1358522_S06E04_46248_0.npy
2322,1080,1920,1,955,1053,456,555,9702,0.005,46248,/home/amos/media/tv/White.Collar.S01-S06.1080p.BluRay.x265-RARBG/White.Collar.S06.1080p.WEBRip.x265-RARBG/White.Collar.S06E04.1080p.WEBRip.x265-RARBG.mp4,6,4,1358522,data/encodings/1358522/1358522_S06E04_46248_1.npy
2323,1080,1920,2,882,1000,375,493,13924,0.007,46248,/home/amos/media/tv/White.Collar.S01-S06.1080p.BluRay.x265-RARBG/White.Collar.S06.1080p.WEBRip.x265-RARBG/White.Collar.S06E04.1080p.WEBRip.x265-RARBG.mp4,6,4,1358522,data/encodings/1358522/1358522_S06E04_46248_2.npy
2324,1080,1920,3,1114,1212,397,495,9604,0.005,46248,/home/amos/media/tv/White.Collar.S01-S06.1080p.BluRay.x265-RARBG/White.Collar.S06.1080p.WEBRip.x265-RARBG/White.Collar.S06E04.1080p.WEBRip.x265-RARBG.mp4,6,4,1358522,data/encodings/1358522/1358522_S06E04_46248_3.npy
2325,1080,1920,4,1661,1760,496,594,9702,0.005,46248,/home/amos/media/tv/White.Collar.S01-S06.1080p.BluRay.x265-RARBG/White.Collar.S06.1080p.WEBRip.x265-RARBG/White.Collar.S06E04.1080p.WEBRip.x265-RARBG.mp4,6,4,1358522,data/encodings/1358522/1358522_S06E04_46248_4.npy
2326,1080,1920,5,464,582,470,588,13924,0.007,46248,/home/amos/media/tv/White.Collar.S01-S06.1080p.BluRay.x265-RARBG/White.Collar.S06.1080p.WEBRip.x265-RARBG/White.Collar.S06E04.1080p.WEBRip.x265-RARBG.mp4,6,4,1358522,data/encodings/1358522/1358522_S06E04_46248_5.npy
2327,1080,1920,0,786,904,375,493,13924,0.007,46272,/home/amos/media/tv/White.Collar.S01-S06.1080p.BluRay.x265-RARBG/White.Collar.S06.1080p.WEBRip.x265-RARBG/White.Collar.S06E04.1080p.WEBRip.x265-RARBG.mp4,6,4,1358522,data/encodings/1358522/1358522_S06E04_46272_0.npy
2328,1080,1920,1,1094,1192,387,485,9604,0.005,46272,/home/amos/media/tv/White.Collar.S01-S06.1080p.BluRay.x265-RARBG/White.Collar.S06.1080p.WEBRip.x265-RARBG/White.Collar.S06E04.1080p.WEBRip.x265-RARBG.mp4,6,4,1358522,data/encodings/1358522/1358522_S06E04_46272_1.npy
2329,1080,1920,2,955,1053,466,565,9702,0.005,46272,/home/amos/media/tv/White.Collar.S01-S06.1080p.BluRay.x265-RARBG/White.Collar.S06.1080p.WEBRip.x265-RARBG/White.Collar.S06E04.1080p.WEBRip.x265-RARBG.mp4,6,4,1358522,data/encodings/1358522/1358522_S06E04_46272_2.npy
2330,1080,1920,3,457,555,486,584,9604,0.005,46272,/home/amos/media/tv/White.Collar.S01-S06.1080p.BluRay.x265-RARBG/White.Collar.S06.1080p.WEBRip.x265-RARBG/White.Collar.S06E04.1080p.WEBRip.x265-RARBG.mp4,6,4,1358522,data/encodings/1358522/1358522_S06E04_46272_3.npy
2331,1080,1920,0,1124,1222,367,465,9604,0.005,46296,/home/amos/media/tv/White.Collar.S01-S06.1080p.BluRay.x265-RARBG/White.Collar.S06.1080p.WEBRip.x265-RARBG/White.Collar.S06E04.1080p.WEBRip.x265-RARBG.mp4,6,4,1358522,data/encodings/1358522/1358522_S06E04_46296_0.npy
2332,1080,1920,1,935,1033,466,565,9702,0.005,46296,/home/amos/media/tv/White.Collar.S01-S06.1080p.BluRay.x265-RARBG/White.Collar.S06.1080p.WEBRip.x265-RARBG/White.Collar.S06E04.1080p.WEBRip.x265-RARBG.mp4,6,4,1358522,data/encodings/1358522/1358522_S06E04_46296_1.npy
2333,1080,1920,2,762,880,375,493,13924,0.007,46296,/home/amos/media/tv/White.Collar.S01-S06.1080p.BluRay.x265-RARBG/White.Collar.S06.1080p.WEBRip.x265-RARBG/White.Collar.S06E04.1080p.WEBRip.x265-RARBG.mp4,6,4,1358522,data/encodings/1358522/1358522_S06E04_46296_2.npy
2334,1080,1920,3,416,534,458,576,13924,0.007,46296,/home/amos/media/tv/White.Collar.S01-S06.1080p.BluRay.x265-RARBG/White.Collar.S06.1080p.WEBRip.x265-RARBG/White.Collar.S06E04.1080p.WEBRip.x265-RARBG.mp4,6,4,1358522,data/encodings/1358522/1358522_S06E04_46296_3.npy
2335,1080,1920,4,416,534,363,481,13924,0.007,46296,/home/amos/media/tv/White.Collar.S01-S06.1080p.BluRay.x265-RARBG/White.Collar.S06.1080p.WEBRip.x265-RARBG/White.Collar.S06E04.1080p.WEBRip.x265-RARBG.mp4,6,4,1358522,data/encodings/1358522/1358522_S06E04_46296_4.npy
2336,1080,1920,0,616,715,426,525,9801,0.005,46320,/home/amos/media/tv/White.Collar.S01-S06.1080p.BluRay.x265-RARBG/White.Collar.S06.1080p.WEBRip.x265-RARBG/White.Collar.S06E04.1080p.WEBRip.x265-RARBG.mp4,6,4,1358522,data/encodings/1358522/1358522_S06E04_46320_0.npy
2337,1080,1920,1,810,928,339,457,13924,0.007,46320,/home/amos/media/tv/White.Collar.S01-S06.1080p.BluRay.x265-RARBG/White.Collar.S06.1080p.WEBRip.x265-RARBG/White.Collar.S06E04.1080p.WEBRip.x265-RARBG.mp4,6,4,1358522,data/encodings/1358522/1358522_S06E04_46320_1.npy
2338,1080,1920,2,380,498,470,588,13924,0.007,46320,/home/amos/media/tv/White.Collar.S01-S06.1080p.BluRay.x265-RARBG/White.Collar.S06.1080p.WEBRip.x265-RARBG/White.Collar.S06E04.1080p.WEBRip.x265-RARBG.mp4,6,4,1358522,data/encodings/1358522/1358522_S06E04_46320_2.npy
2339,1080,1920,0,858,976,327,445,13924,0.007,46344,/home/amos/media/tv/White.Collar.S01-S06.1080p.BluRay.x265-RARBG/White.Collar.S06.1080p.WEBRip.x265-RARBG/White.Collar.S06E04.1080p.WEBRip.x265-RARBG.mp4,6,4,1358522,data/encodings/1358522/1358522_S06E04_46344_0.npy
2340,1080,1920,1,575,657,502,584,6724,0.003,46344,/home/amos/media/tv/White.Collar.S01-S06.1080p.BluRay.x265-RARBG/White.Collar.S06.1080p.WEBRip.x265-RARBG/White.Collar.S06E04.1080p.WEBRip.x265-RARBG.mp4,6,4,1358522,data/encodings/1358522/1358522_S06E04_46344_1.npy
2341,1080,1920,0,903,1044,255,396,19881,0.01,46368,/home/amos/media/tv/White.Collar.S01-S06.1080p.BluRay.x265-RARBG/White.Collar.S06.1080p.WEBRip.x265-RARBG/White.Collar.S06E04.1080p.WEBRip.x265-RARBG.mp4,6,4,1358522,data/encodings/1358522/1358522_S06E04_46368_0.npy
2342,1080,1920,1,666,764,436,535,9702,0.005,46368,/home/amos/media/tv/White.Collar.S01-S06.1080p.BluRay.x265-RARBG/White.Collar.S06.1080p.WEBRip.x265-RARBG/White.Collar.S06E04.1080p.WEBRip.x265-RARBG.mp4,6,4,1358522,data/encodings/1358522/1358522_S06E04_46368_1.npy
2343,1080,1920,0,874,1016,240,382,20164,0.01,46392,/home/amos/media/tv/White.Collar.S01-S06.1080p.BluRay.x265-RARBG/White.Collar.S06.1080p.WEBRip.x265-RARBG/White.Collar.S06E04.1080p.WEBRip.x265-RARBG.mp4,6,4,1358522,data/encodings/1358522/1358522_S06E04_46392_0.npy
2344,1080,1920,1,1658,1776,446,564,13924,0.007,46392,/home/amos/media/tv/White.Collar.S01-S06.1080p.BluRay.x265-RARBG/White.Collar.S06.1080p.WEBRip.x265-RARBG/White.Collar.S06E04.1080p.WEBRip.x265-RARBG.mp4,6,4,1358522,data/encodings/1358522/1358522_S06E04_46392_1.npy
2345,1080,1920,2,646,744,426,525,9702,0.005,46392,/home/amos/media/tv/White.Collar.S01-S06.1080p.BluRay.x265-RARBG/White.Collar.S06.1080p.WEBRip.x265-RARBG/White.Collar.S06E04.1080p.WEBRip.x265-RARBG.mp4,6,4,1358522,data/encodings/1358522/1358522_S06E04_46392_2.npy
2346,1080,1920,0,860,1001,240,382,20022,0.01,46416,/home/amos/media/tv/White.Collar.S01-S06.1080p.BluRay.x265-RARBG/White.Collar.S06.1080p.WEBRip.x265-RARBG/White.Collar.S06E04.1080p.WEBRip.x265-RARBG.mp4,6,4,1358522,data/encodings/1358522/1358522_S06E04_46416_0.npy
2347,1080,1920,0,836,1006,233,403,28900,0.014,46440,/home/amos/media/tv/White.Collar.S01-S06.1080p.BluRay.x265-RARBG/White.Collar.S06.1080p.WEBRip.x265-RARBG/White.Collar.S06E04.1080p.WEBRip.x265-RARBG.mp4,6,4,1358522,data/encodings/1358522/1358522_S06E04_46440_0.npy
2348,1080,1920,1,977,1095,327,445,13924,0.007,46440,/home/amos/media/tv/White.Collar.S01-S06.1080p.BluRay.x265-RARBG/White.Collar.S06.1080p.WEBRip.x265-RARBG/White.Collar.S06E04.1080p.WEBRip.x265-RARBG.mp4,6,4,1358522,data/encodings/1358522/1358522_S06E04_46440_1.npy
2349,1080,1920,2,1301,1471,216,385,28730,0.014,46440,/home/amos/media/tv/White.Collar.S01-S06.1080p.BluRay.x265-RARBG/White.Collar.S06.1080p.WEBRip.x265-RARBG/White.Collar.S06E04.1080p.WEBRip.x265-RARBG.mp4,6,4,1358522,data/encodings/1358522/1358522_S06E04_46440_2.npy
2350,1080,1920,0,997,1349,244,596,123904,0.06,46464,/home/amos/media/tv/White.Collar.S01-S06.1080p.BluRay.x265-RARBG/White.Collar.S06.1080p.WEBRip.x265-RARBG/White.Collar.S06E04.1080p.WEBRip.x265-RARBG.mp4,6,4,1358522,data/encodings/1358522/1358522_S06E04_46464_0.npy
2351,1080,1920,0,925,1277,279,632,124256,0.06,46488,/home/amos/media/tv/White.Collar.S01-S06.1080p.BluRay.x265-RARBG/White.Collar.S06.1080p.WEBRip.x265-RARBG/White.Collar.S06E04.1080p.WEBRip.x265-RARBG.mp4,6,4,1358522,data/encodings/1358522/1358522_S06E04_46488_0.npy
2352,1080,1920,0,961,1313,208,560,123904,0.06,46512,/home/amos/media/tv/White.Collar.S01-S06.1080p.BluRay.x265-RARBG/White.Collar.S06.1080p.WEBRip.x265-RARBG/White.Collar.S06E04.1080p.WEBRip.x265-RARBG.mp4,6,4,1358522,data/encodings/1358522/1358522_S06E04_46512_0.npy
2353,1080,1920,0,785,989,244,447,41412,0.02,46536,/home/amos/media/tv/White.Collar.S01-S06.1080p.BluRay.x265-RARBG/White.Collar.S06.1080p.WEBRip.x265-RARBG/White.Collar.S06E04.1080p.WEBRip.x265-RARBG.mp4,6,4,1358522,data/encodings/1358522/1358522_S06E04_46536_0.npy
2354,1080,1920,0,764,968,244,447,41412,0.02,46560,/home/amos/media/tv/White.Collar.S01-S06.1080p.BluRay.x265-RARBG/White.Collar.S06.1080p.WEBRip.x265-RARBG/White.Collar.S06E04.1080p.WEBRip.x265-RARBG.mp4,6,4,1358522,data/encodings/1358522/1358522_S06E04_46560_0.npy
2355,1080,1920,0,764,968,244,447,41412,0.02,46584,/home/amos/media/tv/White.Collar.S01-S06.1080p.BluRay.x265-RARBG/White.Collar.S06.1080p.WEBRip.x265-RARBG/White.Collar.S06E04.1080p.WEBRip.x265-RARBG.mp4,6,4,1358522,data/encodings/1358522/1358522_S06E04_46584_0.npy
2356,1080,1920,0,1068,1420,208,560,123904,0.06,46608,/home/amos/media/tv/White.Collar.S01-S06.1080p.BluRay.x265-RARBG/White.Collar.S06.1080p.WEBRip.x265-RARBG/White.Collar.S06E04.1080p.WEBRip.x265-RARBG.mp4,6,4,1358522,data/encodings/1358522/1358522_S06E04_46608_0.npy
2357,1080,1920,0,1068,1420,172,525,124256,0.06,46632,/home/amos/media/tv/White.Collar.S01-S06.1080p.BluRay.x265-RARBG/White.Collar.S06.1080p.WEBRip.x265-RARBG/White.Collar.S06E04.1080p.WEBRip.x265-RARBG.mp4,6,4,1358522,data/encodings/1358522/1358522_S06E04_46632_0.npy
2358,1080,1920,0,707,952,231,475,59780,0.029,46656,/home/amos/media/tv/White.Collar.S01-S06.1080p.BluRay.x265-RARBG/White.Collar.S06.1080p.WEBRip.x265-RARBG/White.Collar.S06E04.1080p.WEBRip.x265-RARBG.mp4,6,4,1358522,data/encodings/1358522/1358522_S06E04_46656_0.npy
2359,1080,1920,0,732,976,206,450,59536,0.029,46680,/home/amos/media/tv/White.Collar.S01-S06.1080p.BluRay.x265-RARBG/White.Collar.S06.1080p.WEBRip.x265-RARBG/White.Collar.S06E04.1080p.WEBRip.x265-RARBG.mp4,6,4,1358522,data/encodings/1358522/1358522_S06E04_46680_0.npy
2360,1080,1920,0,756,1001,231,475,59780,0.029,46704,/home/amos/media/tv/White.Collar.S01-S06.1080p.BluRay.x265-RARBG/White.Collar.S06.1080p.WEBRip.x265-RARBG/White.Collar.S06E04.1080p.WEBRip.x265-RARBG.mp4,6,4,1358522,data/encodings/1358522/1358522_S06E04_46704_0.npy
2361,1080,1920,0,768,1191,175,598,178929,0.086,46728,/home/amos/media/tv/White.Collar.S01-S06.1080p.BluRay.x265-RARBG/White.Collar.S06.1080p.WEBRip.x265-RARBG/White.Collar.S06E04.1080p.WEBRip.x265-RARBG.mp4,6,4,1358522,data/encodings/1358522/1358522_S06E04_46728_0.npy
2362,1080,1920,0,747,1099,279,632,124256,0.06,46752,/home/amos/media/tv/White.Collar.S01-S06.1080p.BluRay.x265-RARBG/White.Collar.S06.1080p.WEBRip.x265-RARBG/White.Collar.S06E04.1080p.WEBRip.x265-RARBG.mp4,6,4,1358522,data/encodings/1358522/1358522_S06E04_46752_0.npy
2363,1080,1920,0,683,1105,261,683,178084,0.086,46776,/home/amos/media/tv/White.Collar.S01-S06.1080p.BluRay.x265-RARBG/White.Collar.S06.1080p.WEBRip.x265-RARBG/White.Collar.S06E04.1080p.WEBRip.x265-RARBG.mp4,6,4,1358522,data/encodings/1358522/1358522_S06E04_46776_0.npy
2364,1080,1920,0,925,1277,208,560,123904,0.06,46800,/home/amos/media/tv/White.Collar.S01-S06.1080p.BluRay.x265-RARBG/White.Collar.S06.1080p.WEBRip.x265-RARBG/White.Collar.S06E04.1080p.WEBRip.x265-RARBG.mp4,6,4,1358522,data/encodings/1358522/1358522_S06E04_46800_0.npy
2365,1080,1920,0,890,1242,208,560,123904,0.06,46824,/home/amos/media/tv/White.Collar.S01-S06.1080p.BluRay.x265-RARBG/White.Collar.S06.1080p.WEBRip.x265-RARBG/White.Collar.S06E04.1080p.WEBRip.x265-RARBG.mp4,6,4,1358522,data/encodings/1358522/1358522_S06E04_46824_0.npy
2366,1080,1920,0,897,1319,218,640,178084,0.086,46848,/home/amos/media/tv/White.Collar.S01-S06.1080p.BluRay.x265-RARBG/White.Collar.S06.1080p.WEBRip.x265-RARBG/White.Collar.S06E04.1080p.WEBRip.x265-RARBG.mp4,6,4,1358522,data/encodings/1358522/1358522_S06E04_46848_0.npy
2367,1080,1920,0,940,1362,218,640,178084,0.086,46872,/home/amos/media/tv/White.Collar.S01-S06.1080p.BluRay.x265-RARBG/White.Collar.S06.1080p.WEBRip.x265-RARBG/White.Collar.S06E04.1080p.WEBRip.x265-RARBG.mp4,6,4,1358522,data/encodings/1358522/1358522_S06E04_46872_0.npy
2368,1080,1920,0,682,927,280,525,60025,0.029,46896,/home/amos/media/tv/White.Collar.S01-S06.1080p.BluRay.x265-RARBG/White.Collar.S06.1080p.WEBRip.x265-RARBG/White.Collar.S06E04.1080p.WEBRip.x265-RARBG.mp4,6,4,1358522,data/encodings/1358522/1358522_S06E04_46896_0.npy
2369,1080,1920,0,1068,1491,218,640,178506,0.086,46920,/home/amos/media/tv/White.Collar.S01-S06.1080p.BluRay.x265-RARBG/White.Collar.S06.1080p.WEBRip.x265-RARBG/White.Collar.S06E04.1080p.WEBRip.x265-RARBG.mp4,6,4,1358522,data/encodings/1358522/1358522_S06E04_46920_0.npy
2370,1080,1920,0,982,1405,218,640,178506,0.086,46944,/home/amos/media/tv/White.Collar.S01-S06.1080p.BluRay.x265-RARBG/White.Collar.S06.1080p.WEBRip.x265-RARBG/White.Collar.S06E04.1080p.WEBRip.x265-RARBG.mp4,6,4,1358522,data/encodings/1358522/1358522_S06E04_46944_0.npy
2371,1080,1920,0,982,1405,175,598,178929,0.086,46968,/home/amos/media/tv/White.Collar.S01-S06.1080p.BluRay.x265-RARBG/White.Collar.S06.1080p.WEBRip.x265-RARBG/White.Collar.S06E04.1080p.WEBRip.x265-RARBG.mp4,6,4,1358522,data/encodings/1358522/1358522_S06E04_46968_0.npy
2372,1080,1920,0,435,942,210,717,257049,0.124,46992,/home/amos/media/tv/White.Collar.S01-S06.1080p.BluRay.x265-RARBG/White.Collar.S06.1080p.WEBRip.x265-RARBG/White.Collar.S06E04.1080p.WEBRip.x265-RARBG.mp4,6,4,1358522,data/encodings/1358522/1358522_S06E04_46992_0.npy
2373,1080,1920,0,426,849,261,683,178506,0.086,47016,/home/amos/media/tv/White.Collar.S01-S06.1080p.BluRay.x265-RARBG/White.Collar.S06.1080p.WEBRip.x265-RARBG/White.Collar.S06E04.1080p.WEBRip.x265-RARBG.mp4,6,4,1358522,data/encodings/1358522/1358522_S06E04_47016_0.npy
2374,1080,1920,0,845,1353,159,666,257556,0.124,47040,/home/amos/media/tv/White.Collar.S01-S06.1080p.BluRay.x265-RARBG/White.Collar.S06.1080p.WEBRip.x265-RARBG/White.Collar.S06E04.1080p.WEBRip.x265-RARBG.mp4,6,4,1358522,data/encodings/1358522/1358522_S06E04_47040_0.npy
2375,1080,1920,0,817,958,427,568,19881,0.01,47088,/home/amos/media/tv/White.Collar.S01-S06.1080p.BluRay.x265-RARBG/White.Collar.S06.1080p.WEBRip.x265-RARBG/White.Collar.S06E04.1080p.WEBRip.x265-RARBG.mp4,6,4,1358522,data/encodings/1358522/1358522_S06E04_47088_0.npy
2376,1080,1920,0,823,1116,493,786,85849,0.041,47136,/home/amos/media/tv/White.Collar.S01-S06.1080p.BluRay.x265-RARBG/White.Collar.S06.1080p.WEBRip.x265-RARBG/White.Collar.S06E04.1080p.WEBRip.x265-RARBG.mp4,6,4,1358522,data/encodings/1358522/1358522_S06E04_47136_0.npy
2377,1080,1920,0,683,1105,346,769,178506,0.086,47160,/home/amos/media/tv/White.Collar.S01-S06.1080p.BluRay.x265-RARBG/White.Collar.S06.1080p.WEBRip.x265-RARBG/White.Collar.S06E04.1080p.WEBRip.x265-RARBG.mp4,6,4,1358522,data/encodings/1358522/1358522_S06E04_47160_0.npy
2378,1080,1920,0,640,1063,389,812,178929,0.086,47184,/home/amos/media/tv/White.Collar.S01-S06.1080p.BluRay.x265-RARBG/White.Collar.S06.1080p.WEBRip.x265-RARBG/White.Collar.S06E04.1080p.WEBRip.x265-RARBG.mp4,6,4,1358522,data/encodings/1358522/1358522_S06E04_47184_0.npy
2379,1080,1920,1,1154,1661,5,512,257049,0.124,47184,/home/amos/media/tv/White.Collar.S01-S06.1080p.BluRay.x265-RARBG/White.Collar.S06.1080p.WEBRip.x265-RARBG/White.Collar.S06E04.1080p.WEBRip.x265-RARBG.mp4,6,4,1358522,data/encodings/1358522/1358522_S06E04_47184_1.npy
2380,1080,1920,0,726,1148,346,769,178506,0.086,47208,/home/amos/media/tv/White.Collar.S01-S06.1080p.BluRay.x265-RARBG/White.Collar.S06.1080p.WEBRip.x265-RARBG/White.Collar.S06E04.1080p.WEBRip.x265-RARBG.mp4,6,4,1358522,data/encodings/1358522/1358522_S06E04_47208_0.npy
2381,1080,1920,1,1205,1712,5,512,257049,0.124,47208,/home/amos/media/tv/White.Collar.S01-S06.1080p.BluRay.x265-RARBG/White.Collar.S06.1080p.WEBRip.x265-RARBG/White.Collar.S06E04.1080p.WEBRip.x265-RARBG.mp4,6,4,1358522,data/encodings/1358522/1358522_S06E04_47208_1.npy
2382,1080,1920,0,141,493,208,560,123904,0.06,47232,/home/amos/media/tv/White.Collar.S01-S06.1080p.BluRay.x265-RARBG/White.Collar.S06.1080p.WEBRip.x265-RARBG/White.Collar.S06E04.1080p.WEBRip.x265-RARBG.mp4,6,4,1358522,data/encodings/1358522/1358522_S06E04_47232_0.npy
2383,1080,1920,1,783,1135,208,560,123904,0.06,47232,/home/amos/media/tv/White.Collar.S01-S06.1080p.BluRay.x265-RARBG/White.Collar.S06.1080p.WEBRip.x265-RARBG/White.Collar.S06E04.1080p.WEBRip.x265-RARBG.mp4,6,4,1358522,data/encodings/1358522/1358522_S06E04_47232_1.npy
2384,1080,1920,0,141,493,172,525,124256,0.06,47256,/home/amos/media/tv/White.Collar.S01-S06.1080p.BluRay.x265-RARBG/White.Collar.S06.1080p.WEBRip.x265-RARBG/White.Collar.S06E04.1080p.WEBRip.x265-RARBG.mp4,6,4,1358522,data/encodings/1358522/1358522_S06E04_47256_0.npy
2385,1080,1920,1,747,1099,244,596,123904,0.06,47256,/home/amos/media/tv/White.Collar.S01-S06.1080p.BluRay.x265-RARBG/White.Collar.S06.1080p.WEBRip.x265-RARBG/White.Collar.S06E04.1080p.WEBRip.x265-RARBG.mp4,6,4,1358522,data/encodings/1358522/1358522_S06E04_47256_1.npy
2386,1080,1920,0,783,1135,386,739,124256,0.06,47280,/home/amos/media/tv/White.Collar.S01-S06.1080p.BluRay.x265-RARBG/White.Collar.S06.1080p.WEBRip.x265-RARBG/White.Collar.S06E04.1080p.WEBRip.x265-RARBG.mp4,6,4,1358522,data/encodings/1358522/1358522_S06E04_47280_0.npy
2387,1080,1920,1,1205,1712,5,512,257049,0.124,47280,/home/amos/media/tv/White.Collar.S01-S06.1080p.BluRay.x265-RARBG/White.Collar.S06.1080p.WEBRip.x265-RARBG/White.Collar.S06E04.1080p.WEBRip.x265-RARBG.mp4,6,4,1358522,data/encodings/1358522/1358522_S06E04_47280_1.npy
2388,1080,1920,0,747,1099,386,739,124256,0.06,47304,/home/amos/media/tv/White.Collar.S01-S06.1080p.BluRay.x265-RARBG/White.Collar.S06.1080p.WEBRip.x265-RARBG/White.Collar.S06E04.1080p.WEBRip.x265-RARBG.mp4,6,4,1358522,data/encodings/1358522/1358522_S06E04_47304_0.npy
2389,1080,1920,1,1205,1712,5,512,257049,0.124,47304,/home/amos/media/tv/White.Collar.S01-S06.1080p.BluRay.x265-RARBG/White.Collar.S06.1080p.WEBRip.x265-RARBG/White.Collar.S06E04.1080p.WEBRip.x265-RARBG.mp4,6,4,1358522,data/encodings/1358522/1358522_S06E04_47304_1.npy
2390,1080,1920,0,1129,1299,147,317,28900,0.014,47328,/home/amos/media/tv/White.Collar.S01-S06.1080p.BluRay.x265-RARBG/White.Collar.S06.1080p.WEBRip.x265-RARBG/White.Collar.S06E04.1080p.WEBRip.x265-RARBG.mp4,6,4,1358522,data/encodings/1358522/1358522_S06E04_47328_0.npy
2391,1080,1920,1,535,603,456,525,4692,0.002,47328,/home/amos/media/tv/White.Collar.S01-S06.1080p.BluRay.x265-RARBG/White.Collar.S06.1080p.WEBRip.x265-RARBG/White.Collar.S06E04.1080p.WEBRip.x265-RARBG.mp4,6,4,1358522,data/encodings/1358522/1358522_S06E04_47328_1.npy
2392,1080,1920,2,817,958,226,368,20022,0.01,47328,/home/amos/media/tv/White.Collar.S01-S06.1080p.BluRay.x265-RARBG/White.Collar.S06.1080p.WEBRip.x265-RARBG/White.Collar.S06E04.1080p.WEBRip.x265-RARBG.mp4,6,4,1358522,data/encodings/1358522/1358522_S06E04_47328_2.npy
2393,1080,1920,3,0,92,339,457,10856,0.005,47328,/home/amos/media/tv/White.Collar.S01-S06.1080p.BluRay.x265-RARBG/White.Collar.S06.1080p.WEBRip.x265-RARBG/White.Collar.S06E04.1080p.WEBRip.x265-RARBG.mp4,6,4,1358522,data/encodings/1358522/1358522_S06E04_47328_3.npy
2394,1080,1920,0,1175,1317,140,282,20164,0.01,47352,/home/amos/media/tv/White.Collar.S01-S06.1080p.BluRay.x265-RARBG/White.Collar.S06.1080p.WEBRip.x265-RARBG/White.Collar.S06E04.1080p.WEBRip.x265-RARBG.mp4,6,4,1358522,data/encodings/1358522/1358522_S06E04_47352_0.npy
2395,1080,1920,1,845,987,240,382,20164,0.01,47352,/home/amos/media/tv/White.Collar.S01-S06.1080p.BluRay.x265-RARBG/White.Collar.S06.1080p.WEBRip.x265-RARBG/White.Collar.S06E04.1080p.WEBRip.x265-RARBG.mp4,6,4,1358522,data/encodings/1358522/1358522_S06E04_47352_1.npy
2396,1080,1920,2,584,666,436,518,6724,0.003,47352,/home/amos/media/tv/White.Collar.S01-S06.1080p.BluRay.x265-RARBG/White.Collar.S06.1080p.WEBRip.x265-RARBG/White.Collar.S06E04.1080p.WEBRip.x265-RARBG.mp4,6,4,1358522,data/encodings/1358522/1358522_S06E04_47352_2.npy
2397,1080,1920,0,1146,1288,197,339,20164,0.01,47376,/home/amos/media/tv/White.Collar.S01-S06.1080p.BluRay.x265-RARBG/White.Collar.S06.1080p.WEBRip.x265-RARBG/White.Collar.S06E04.1080p.WEBRip.x265-RARBG.mp4,6,4,1358522,data/encodings/1358522/1358522_S06E04_47376_0.npy
2398,1080,1920,1,798,916,267,385,13924,0.007,47376,/home/amos/media/tv/White.Collar.S01-S06.1080p.BluRay.x265-RARBG/White.Collar.S06.1080p.WEBRip.x265-RARBG/White.Collar.S06E04.1080p.WEBRip.x265-RARBG.mp4,6,4,1358522,data/encodings/1358522/1358522_S06E04_47376_1.npy
2399,1080,1920,0,1404,1546,183,325,20164,0.01,47400,/home/amos/media/tv/White.Collar.S01-S06.1080p.BluRay.x265-RARBG/White.Collar.S06.1080p.WEBRip.x265-RARBG/White.Collar.S06E04.1080p.WEBRip.x265-RARBG.mp4,6,4,1358522,data/encodings/1358522/1358522_S06E04_47400_0.npy
2400,1080,1920,1,559,700,255,396,19881,0.01,47400,/home/amos/media/tv/White.Collar.S01-S06.1080p.BluRay.x265-RARBG/White.Collar.S06.1080p.WEBRip.x265-RARBG/White.Collar.S06E04.1080p.WEBRip.x265-RARBG.mp4,6,4,1358522,data/encodings/1358522/1358522_S06E04_47400_1.npy
2401,1080,1920,2,153,271,339,457,13924,0.007,47400,/home/amos/media/tv/White.Collar.S01-S06.1080p.BluRay.x265-RARBG/White.Collar.S06.1080p.WEBRip.x265-RARBG/White.Collar.S06E04.1080p.WEBRip.x265-RARBG.mp4,6,4,1358522,data/encodings/1358522/1358522_S06E04_47400_2.npy
2402,1080,1920,3,956,1024,456,525,4692,0.002,47400,/home/amos/media/tv/White.Collar.S01-S06.1080p.BluRay.x265-RARBG/White.Collar.S06.1080p.WEBRip.x265-RARBG/White.Collar.S06E04.1080p.WEBRip.x265-RARBG.mp4,6,4,1358522,data/encodings/1358522/1358522_S06E04_47400_3.npy
2403,1080,1920,4,343,425,395,476,6642,0.003,47400,/home/amos/media/tv/White.Collar.S01-S06.1080p.BluRay.x265-RARBG/White.Collar.S06.1080p.WEBRip.x265-RARBG/White.Collar.S06E04.1080p.WEBRip.x265-RARBG.mp4,6,4,1358522,data/encodings/1358522/1358522_S06E04_47400_4.npy
2404,1080,1920,0,1419,1560,169,310,19881,0.01,47424,/home/amos/media/tv/White.Collar.S01-S06.1080p.BluRay.x265-RARBG/White.Collar.S06.1080p.WEBRip.x265-RARBG/White.Collar.S06E04.1080p.WEBRip.x265-RARBG.mp4,6,4,1358522,data/encodings/1358522/1358522_S06E04_47424_0.npy
2405,1080,1920,1,355,525,181,351,28900,0.014,47424,/home/amos/media/tv/White.Collar.S01-S06.1080p.BluRay.x265-RARBG/White.Collar.S06.1080p.WEBRip.x265-RARBG/White.Collar.S06E04.1080p.WEBRip.x265-RARBG.mp4,6,4,1358522,data/encodings/1358522/1358522_S06E04_47424_1.npy
2406,1080,1920,2,1108,1176,463,532,4692,0.002,47424,/home/amos/media/tv/White.Collar.S01-S06.1080p.BluRay.x265-RARBG/White.Collar.S06.1080p.WEBRip.x265-RARBG/White.Collar.S06E04.1080p.WEBRip.x265-RARBG.mp4,6,4,1358522,data/encodings/1358522/1358522_S06E04_47424_2.npy
2407,1080,1920,0,647,817,181,351,28900,0.014,47448,/home/amos/media/tv/White.Collar.S01-S06.1080p.BluRay.x265-RARBG/White.Collar.S06.1080p.WEBRip.x265-RARBG/White.Collar.S06E04.1080p.WEBRip.x265-RARBG.mp4,6,4,1358522,data/encodings/1358522/1358522_S06E04_47448_0.npy
2408,1080,1920,1,1438,1608,147,317,28900,0.014,47448,/home/amos/media/tv/White.Collar.S01-S06.1080p.BluRay.x265-RARBG/White.Collar.S06.1080p.WEBRip.x265-RARBG/White.Collar.S06E04.1080p.WEBRip.x265-RARBG.mp4,6,4,1358522,data/encodings/1358522/1358522_S06E04_47448_1.npy
2409,1080,1920,0,733,903,181,351,28900,0.014,47472,/home/amos/media/tv/White.Collar.S01-S06.1080p.BluRay.x265-RARBG/White.Collar.S06.1080p.WEBRip.x265-RARBG/White.Collar.S06E04.1080p.WEBRip.x265-RARBG.mp4,6,4,1358522,data/encodings/1358522/1358522_S06E04_47472_0.npy
2410,1080,1920,1,1352,1522,130,299,28730,0.014,47472,/home/amos/media/tv/White.Collar.S01-S06.1080p.BluRay.x265-RARBG/White.Collar.S06.1080p.WEBRip.x265-RARBG/White.Collar.S06E04.1080p.WEBRip.x265-RARBG.mp4,6,4,1358522,data/encodings/1358522/1358522_S06E04_47472_1.npy
2411,1080,1920,0,1146,1316,181,351,28900,0.014,47496,/home/amos/media/tv/White.Collar.S01-S06.1080p.BluRay.x265-RARBG/White.Collar.S06.1080p.WEBRip.x265-RARBG/White.Collar.S06E04.1080p.WEBRip.x265-RARBG.mp4,6,4,1358522,data/encodings/1358522/1358522_S06E04_47496_0.npy
2412,1080,1920,1,620,824,140,344,41616,0.02,47496,/home/amos/media/tv/White.Collar.S01-S06.1080p.BluRay.x265-RARBG/White.Collar.S06.1080p.WEBRip.x265-RARBG/White.Collar.S06E04.1080p.WEBRip.x265-RARBG.mp4,6,4,1358522,data/encodings/1358522/1358522_S06E04_47496_1.npy
2413,1080,1920,0,578,782,161,365,41616,0.02,47520,/home/amos/media/tv/White.Collar.S01-S06.1080p.BluRay.x265-RARBG/White.Collar.S06.1080p.WEBRip.x265-RARBG/White.Collar.S06E04.1080p.WEBRip.x265-RARBG.mp4,6,4,1358522,data/encodings/1358522/1358522_S06E04_47520_0.npy
2414,1080,1920,1,1215,1385,198,368,28900,0.014,47520,/home/amos/media/tv/White.Collar.S01-S06.1080p.BluRay.x265-RARBG/White.Collar.S06.1080p.WEBRip.x265-RARBG/White.Collar.S06E04.1080p.WEBRip.x265-RARBG.mp4,6,4,1358522,data/encodings/1358522/1358522_S06E04_47520_1.npy
2415,1080,1920,0,682,852,233,403,28900,0.014,47544,/home/amos/media/tv/White.Collar.S01-S06.1080p.BluRay.x265-RARBG/White.Collar.S06.1080p.WEBRip.x265-RARBG/White.Collar.S06E04.1080p.WEBRip.x265-RARBG.mp4,6,4,1358522,data/encodings/1358522/1358522_S06E04_47544_0.npy
2416,1080,1920,1,1218,1422,223,427,41616,0.02,47544,/home/amos/media/tv/White.Collar.S01-S06.1080p.BluRay.x265-RARBG/White.Collar.S06.1080p.WEBRip.x265-RARBG/White.Collar.S06E04.1080p.WEBRip.x265-RARBG.mp4,6,4,1358522,data/encodings/1358522/1358522_S06E04_47544_1.npy
2417,1080,1920,0,1260,1463,202,406,41412,0.02,47568,/home/amos/media/tv/White.Collar.S01-S06.1080p.BluRay.x265-RARBG/White.Collar.S06.1080p.WEBRip.x265-RARBG/White.Collar.S06E04.1080p.WEBRip.x265-RARBG.mp4,6,4,1358522,data/encodings/1358522/1358522_S06E04_47568_0.npy
2418,1080,1920,1,620,824,202,406,41616,0.02,47568,/home/amos/media/tv/White.Collar.S01-S06.1080p.BluRay.x265-RARBG/White.Collar.S06.1080p.WEBRip.x265-RARBG/White.Collar.S06E04.1080p.WEBRip.x265-RARBG.mp4,6,4,1358522,data/encodings/1358522/1358522_S06E04_47568_1.npy
2419,1080,1920,0,957,1127,181,351,28900,0.014,47616,/home/amos/media/tv/White.Collar.S01-S06.1080p.BluRay.x265-RARBG/White.Collar.S06.1080p.WEBRip.x265-RARBG/White.Collar.S06E04.1080p.WEBRip.x265-RARBG.mp4,6,4,1358522,data/encodings/1358522/1358522_S06E04_47616_0.npy
2420,1080,1920,1,516,657,484,626,20022,0.01,47616,/home/amos/media/tv/White.Collar.S01-S06.1080p.BluRay.x265-RARBG/White.Collar.S06.1080p.WEBRip.x265-RARBG/White.Collar.S06E04.1080p.WEBRip.x265-RARBG.mp4,6,4,1358522,data/encodings/1358522/1358522_S06E04_47616_1.npy
2421,1080,1920,2,1321,1525,161,365,41616,0.02,47616,/home/amos/media/tv/White.Collar.S01-S06.1080p.BluRay.x265-RARBG/White.Collar.S06.1080p.WEBRip.x265-RARBG/White.Collar.S06E04.1080p.WEBRip.x265-RARBG.mp4,6,4,1358522,data/encodings/1358522/1358522_S06E04_47616_2.npy
2422,1080,1920,0,630,800,216,385,28730,0.014,47640,/home/amos/media/tv/White.Collar.S01-S06.1080p.BluRay.x265-RARBG/White.Collar.S06.1080p.WEBRip.x265-RARBG/White.Collar.S06E04.1080p.WEBRip.x265-RARBG.mp4,6,4,1358522,data/encodings/1358522/1358522_S06E04_47640_0.npy
2423,1080,1920,0,655,773,506,624,13924,0.007,47664,/home/amos/media/tv/White.Collar.S01-S06.1080p.BluRay.x265-RARBG/White.Collar.S06.1080p.WEBRip.x265-RARBG/White.Collar.S06E04.1080p.WEBRip.x265-RARBG.mp4,6,4,1358522,data/encodings/1358522/1358522_S06E04_47664_0.npy
2424,1080,1920,1,918,1036,446,564,13924,0.007,47664,/home/amos/media/tv/White.Collar.S01-S06.1080p.BluRay.x265-RARBG/White.Collar.S06.1080p.WEBRip.x265-RARBG/White.Collar.S06E04.1080p.WEBRip.x265-RARBG.mp4,6,4,1358522,data/encodings/1358522/1358522_S06E04_47664_1.npy
2425,1080,1920,2,1634,1775,455,597,20022,0.01,47664,/home/amos/media/tv/White.Collar.S01-S06.1080p.BluRay.x265-RARBG/White.Collar.S06.1080p.WEBRip.x265-RARBG/White.Collar.S06E04.1080p.WEBRip.x265-RARBG.mp4,6,4,1358522,data/encodings/1358522/1358522_S06E04_47664_2.npy
2426,1080,1920,0,940,1110,147,317,28900,0.014,47784,/home/amos/media/tv/White.Collar.S01-S06.1080p.BluRay.x265-RARBG/White.Collar.S06.1080p.WEBRip.x265-RARBG/White.Collar.S06E04.1080p.WEBRip.x265-RARBG.mp4,6,4,1358522,data/encodings/1358522/1358522_S06E04_47784_0.npy
2427,1080,1920,1,1189,1331,97,239,20164,0.01,47784,/home/amos/media/tv/White.Collar.S01-S06.1080p.BluRay.x265-RARBG/White.Collar.S06.1080p.WEBRip.x265-RARBG/White.Collar.S06E04.1080p.WEBRip.x265-RARBG.mp4,6,4,1358522,data/encodings/1358522/1358522_S06E04_47784_1.npy
2428,1080,1920,0,940,1362,218,640,178084,0.086,47808,/home/amos/media/tv/White.Collar.S01-S06.1080p.BluRay.x265-RARBG/White.Collar.S06.1080p.WEBRip.x265-RARBG/White.Collar.S06E04.1080p.WEBRip.x265-RARBG.mp4,6,4,1358522,data/encodings/1358522/1358522_S06E04_47808_0.npy
2429,1080,1920,1,24,531,210,717,257049,0.124,47808,/home/amos/media/tv/White.Collar.S01-S06.1080p.BluRay.x265-RARBG/White.Collar.S06.1080p.WEBRip.x265-RARBG/White.Collar.S06E04.1080p.WEBRip.x265-RARBG.mp4,6,4,1358522,data/encodings/1358522/1358522_S06E04_47808_1.npy
2430,1080,1920,0,940,1362,261,683,178084,0.086,47832,/home/amos/media/tv/White.Collar.S01-S06.1080p.BluRay.x265-RARBG/White.Collar.S06.1080p.WEBRip.x265-RARBG/White.Collar.S06E04.1080p.WEBRip.x265-RARBG.mp4,6,4,1358522,data/encodings/1358522/1358522_S06E04_47832_0.npy
2431,1080,1920,0,982,1405,218,640,178506,0.086,47856,/home/amos/media/tv/White.Collar.S01-S06.1080p.BluRay.x265-RARBG/White.Collar.S06.1080p.WEBRip.x265-RARBG/White.Collar.S06E04.1080p.WEBRip.x265-RARBG.mp4,6,4,1358522,data/encodings/1358522/1358522_S06E04_47856_0.npy
2432,1080,1920,0,940,1362,261,683,178084,0.086,47880,/home/amos/media/tv/White.Collar.S01-S06.1080p.BluRay.x265-RARBG/White.Collar.S06.1080p.WEBRip.x265-RARBG/White.Collar.S06E04.1080p.WEBRip.x265-RARBG.mp4,6,4,1358522,data/encodings/1358522/1358522_S06E04_47880_0.npy
2433,1080,1920,0,512,934,261,683,178084,0.086,47904,/home/amos/media/tv/White.Collar.S01-S06.1080p.BluRay.x265-RARBG/White.Collar.S06.1080p.WEBRip.x265-RARBG/White.Collar.S06E04.1080p.WEBRip.x265-RARBG.mp4,6,4,1358522,data/encodings/1358522/1358522_S06E04_47904_0.npy
2434,1080,1920,0,469,891,261,683,178084,0.086,47928,/home/amos/media/tv/White.Collar.S01-S06.1080p.BluRay.x265-RARBG/White.Collar.S06.1080p.WEBRip.x265-RARBG/White.Collar.S06E04.1080p.WEBRip.x265-RARBG.mp4,6,4,1358522,data/encodings/1358522/1358522_S06E04_47928_0.npy
2435,1080,1920,0,469,891,261,683,178084,0.086,47952,/home/amos/media/tv/White.Collar.S01-S06.1080p.BluRay.x265-RARBG/White.Collar.S06.1080p.WEBRip.x265-RARBG/White.Collar.S06E04.1080p.WEBRip.x265-RARBG.mp4,6,4,1358522,data/encodings/1358522/1358522_S06E04_47952_0.npy
2436,1080,1920,0,512,934,261,683,178084,0.086,47976,/home/amos/media/tv/White.Collar.S01-S06.1080p.BluRay.x265-RARBG/White.Collar.S06.1080p.WEBRip.x265-RARBG/White.Collar.S06E04.1080p.WEBRip.x265-RARBG.mp4,6,4,1358522,data/encodings/1358522/1358522_S06E04_47976_0.npy
2437,1080,1920,0,512,934,261,683,178084,0.086,48000,/home/amos/media/tv/White.Collar.S01-S06.1080p.BluRay.x265-RARBG/White.Collar.S06.1080p.WEBRip.x265-RARBG/White.Collar.S06E04.1080p.WEBRip.x265-RARBG.mp4,6,4,1358522,data/encodings/1358522/1358522_S06E04_48000_0.npy
2438,1080,1920,0,512,934,218,640,178084,0.086,48024,/home/amos/media/tv/White.Collar.S01-S06.1080p.BluRay.x265-RARBG/White.Collar.S06.1080p.WEBRip.x265-RARBG/White.Collar.S06E04.1080p.WEBRip.x265-RARBG.mp4,6,4,1358522,data/encodings/1358522/1358522_S06E04_48024_0.npy
2439,1080,1920,0,554,977,261,683,178506,0.086,48048,/home/amos/media/tv/White.Collar.S01-S06.1080p.BluRay.x265-RARBG/White.Collar.S06.1080p.WEBRip.x265-RARBG/White.Collar.S06E04.1080p.WEBRip.x265-RARBG.mp4,6,4,1358522,data/encodings/1358522/1358522_S06E04_48048_0.npy
2440,1080,1920,0,890,1242,208,560,123904,0.06,48072,/home/amos/media/tv/White.Collar.S01-S06.1080p.BluRay.x265-RARBG/White.Collar.S06.1080p.WEBRip.x265-RARBG/White.Collar.S06E04.1080p.WEBRip.x265-RARBG.mp4,6,4,1358522,data/encodings/1358522/1358522_S06E04_48072_0.npy
2441,1080,1920,0,811,1234,218,640,178506,0.086,48096,/home/amos/media/tv/White.Collar.S01-S06.1080p.BluRay.x265-RARBG/White.Collar.S06.1080p.WEBRip.x265-RARBG/White.Collar.S06E04.1080p.WEBRip.x265-RARBG.mp4,6,4,1358522,data/encodings/1358522/1358522_S06E04_48096_0.npy
2442,1080,1920,0,854,1206,351,703,123904,0.06,48120,/home/amos/media/tv/White.Collar.S01-S06.1080p.BluRay.x265-RARBG/White.Collar.S06.1080p.WEBRip.x265-RARBG/White.Collar.S06E04.1080p.WEBRip.x265-RARBG.mp4,6,4,1358522,data/encodings/1358522/1358522_S06E04_48120_0.npy
2443,1080,1920,1,75,582,159,666,257049,0.124,48120,/home/amos/media/tv/White.Collar.S01-S06.1080p.BluRay.x265-RARBG/White.Collar.S06.1080p.WEBRip.x265-RARBG/White.Collar.S06E04.1080p.WEBRip.x265-RARBG.mp4,6,4,1358522,data/encodings/1358522/1358522_S06E04_48120_1.npy
2444,1080,1920,0,890,1242,244,596,123904,0.06,48144,/home/amos/media/tv/White.Collar.S01-S06.1080p.BluRay.x265-RARBG/White.Collar.S06.1080p.WEBRip.x265-RARBG/White.Collar.S06E04.1080p.WEBRip.x265-RARBG.mp4,6,4,1358522,data/encodings/1358522/1358522_S06E04_48144_0.npy
2445,1080,1920,1,24,531,108,615,257049,0.124,48144,/home/amos/media/tv/White.Collar.S01-S06.1080p.BluRay.x265-RARBG/White.Collar.S06.1080p.WEBRip.x265-RARBG/White.Collar.S06E04.1080p.WEBRip.x265-RARBG.mp4,6,4,1358522,data/encodings/1358522/1358522_S06E04_48144_1.npy
2446,1080,1920,0,890,1242,208,560,123904,0.06,48168,/home/amos/media/tv/White.Collar.S01-S06.1080p.BluRay.x265-RARBG/White.Collar.S06.1080p.WEBRip.x265-RARBG/White.Collar.S06E04.1080p.WEBRip.x265-RARBG.mp4,6,4,1358522,data/encodings/1358522/1358522_S06E04_48168_0.npy
2447,1080,1920,1,41,463,132,555,178506,0.086,48168,/home/amos/media/tv/White.Collar.S01-S06.1080p.BluRay.x265-RARBG/White.Collar.S06.1080p.WEBRip.x265-RARBG/White.Collar.S06E04.1080p.WEBRip.x265-RARBG.mp4,6,4,1358522,data/encodings/1358522/1358522_S06E04_48168_1.npy
2448,1080,1920,0,640,1063,261,683,178506,0.086,48192,/home/amos/media/tv/White.Collar.S01-S06.1080p.BluRay.x265-RARBG/White.Collar.S06.1080p.WEBRip.x265-RARBG/White.Collar.S06E04.1080p.WEBRip.x265-RARBG.mp4,6,4,1358522,data/encodings/1358522/1358522_S06E04_48192_0.npy
2449,1080,1920,0,640,1063,303,726,178929,0.086,48216,/home/amos/media/tv/White.Collar.S01-S06.1080p.BluRay.x265-RARBG/White.Collar.S06.1080p.WEBRip.x265-RARBG/White.Collar.S06E04.1080p.WEBRip.x265-RARBG.mp4,6,4,1358522,data/encodings/1358522/1358522_S06E04_48216_0.npy
2450,1080,1920,0,640,1063,303,726,178929,0.086,48240,/home/amos/media/tv/White.Collar.S01-S06.1080p.BluRay.x265-RARBG/White.Collar.S06.1080p.WEBRip.x265-RARBG/White.Collar.S06E04.1080p.WEBRip.x265-RARBG.mp4,6,4,1358522,data/encodings/1358522/1358522_S06E04_48240_0.npy
2451,1080,1920,0,640,1063,303,726,178929,0.086,48264,/home/amos/media/tv/White.Collar.S01-S06.1080p.BluRay.x265-RARBG/White.Collar.S06.1080p.WEBRip.x265-RARBG/White.Collar.S06E04.1080p.WEBRip.x265-RARBG.mp4,6,4,1358522,data/encodings/1358522/1358522_S06E04_48264_0.npy
2452,1080,1920,0,811,1234,218,640,178506,0.086,48288,/home/amos/media/tv/White.Collar.S01-S06.1080p.BluRay.x265-RARBG/White.Collar.S06.1080p.WEBRip.x265-RARBG/White.Collar.S06E04.1080p.WEBRip.x265-RARBG.mp4,6,4,1358522,data/encodings/1358522/1358522_S06E04_48288_0.npy
2453,1080,1920,0,726,1148,218,640,178084,0.086,48312,/home/amos/media/tv/White.Collar.S01-S06.1080p.BluRay.x265-RARBG/White.Collar.S06.1080p.WEBRip.x265-RARBG/White.Collar.S06E04.1080p.WEBRip.x265-RARBG.mp4,6,4,1358522,data/encodings/1358522/1358522_S06E04_48312_0.npy
2454,1080,1920,0,726,1148,218,640,178084,0.086,48336,/home/amos/media/tv/White.Collar.S01-S06.1080p.BluRay.x265-RARBG/White.Collar.S06.1080p.WEBRip.x265-RARBG/White.Collar.S06E04.1080p.WEBRip.x265-RARBG.mp4,6,4,1358522,data/encodings/1358522/1358522_S06E04_48336_0.npy
2455,1080,1920,0,691,1198,262,769,257049,0.124,48360,/home/amos/media/tv/White.Collar.S01-S06.1080p.BluRay.x265-RARBG/White.Collar.S06.1080p.WEBRip.x265-RARBG/White.Collar.S06E04.1080p.WEBRip.x265-RARBG.mp4,6,4,1358522,data/encodings/1358522/1358522_S06E04_48360_0.npy
2456,1080,1920,0,640,1063,218,640,178506,0.086,48384,/home/amos/media/tv/White.Collar.S01-S06.1080p.BluRay.x265-RARBG/White.Collar.S06.1080p.WEBRip.x265-RARBG/White.Collar.S06E04.1080p.WEBRip.x265-RARBG.mp4,6,4,1358522,data/encodings/1358522/1358522_S06E04_48384_0.npy
2457,1080,1920,0,773,830,419,476,3249,0.002,48408,/home/amos/media/tv/White.Collar.S01-S06.1080p.BluRay.x265-RARBG/White.Collar.S06.1080p.WEBRip.x265-RARBG/White.Collar.S06E04.1080p.WEBRip.x265-RARBG.mp4,6,4,1358522,data/encodings/1358522/1358522_S06E04_48408_0.npy
2458,1080,1920,0,673,741,429,497,4624,0.002,48432,/home/amos/media/tv/White.Collar.S01-S06.1080p.BluRay.x265-RARBG/White.Collar.S06.1080p.WEBRip.x265-RARBG/White.Collar.S06E04.1080p.WEBRip.x265-RARBG.mp4,6,4,1358522,data/encodings/1358522/1358522_S06E04_48432_0.npy
2459,1080,1920,1,874,956,312,394,6724,0.003,48432,/home/amos/media/tv/White.Collar.S01-S06.1080p.BluRay.x265-RARBG/White.Collar.S06.1080p.WEBRip.x265-RARBG/White.Collar.S06E04.1080p.WEBRip.x265-RARBG.mp4,6,4,1358522,data/encodings/1358522/1358522_S06E04_48432_1.npy
2460,1080,1920,0,985,1083,217,316,9702,0.005,48456,/home/amos/media/tv/White.Collar.S01-S06.1080p.BluRay.x265-RARBG/White.Collar.S06.1080p.WEBRip.x265-RARBG/White.Collar.S06E04.1080p.WEBRip.x265-RARBG.mp4,6,4,1358522,data/encodings/1358522/1358522_S06E04_48456_0.npy
2461,1080,1920,0,774,892,315,433,13924,0.007,48480,/home/amos/media/tv/White.Collar.S01-S06.1080p.BluRay.x265-RARBG/White.Collar.S06.1080p.WEBRip.x265-RARBG/White.Collar.S06E04.1080p.WEBRip.x265-RARBG.mp4,6,4,1358522,data/encodings/1358522/1358522_S06E04_48480_0.npy
2462,1080,1920,1,1097,1215,196,314,13924,0.007,48480,/home/amos/media/tv/White.Collar.S01-S06.1080p.BluRay.x265-RARBG/White.Collar.S06.1080p.WEBRip.x265-RARBG/White.Collar.S06E04.1080p.WEBRip.x265-RARBG.mp4,6,4,1358522,data/encodings/1358522/1358522_S06E04_48480_1.npy
2463,1080,1920,0,1097,1215,219,337,13924,0.007,48504,/home/amos/media/tv/White.Collar.S01-S06.1080p.BluRay.x265-RARBG/White.Collar.S06.1080p.WEBRip.x265-RARBG/White.Collar.S06E04.1080p.WEBRip.x265-RARBG.mp4,6,4,1358522,data/encodings/1358522/1358522_S06E04_48504_0.npy
2464,1080,1920,1,688,829,355,497,20022,0.01,48504,/home/amos/media/tv/White.Collar.S01-S06.1080p.BluRay.x265-RARBG/White.Collar.S06.1080p.WEBRip.x265-RARBG/White.Collar.S06E04.1080p.WEBRip.x265-RARBG.mp4,6,4,1358522,data/encodings/1358522/1358522_S06E04_48504_1.npy
2465,1080,1920,0,917,1059,255,396,20022,0.01,48528,/home/amos/media/tv/White.Collar.S01-S06.1080p.BluRay.x265-RARBG/White.Collar.S06.1080p.WEBRip.x265-RARBG/White.Collar.S06E04.1080p.WEBRip.x265-RARBG.mp4,6,4,1358522,data/encodings/1358522/1358522_S06E04_48528_0.npy
2466,1080,1920,1,434,638,367,571,41616,0.02,48528,/home/amos/media/tv/White.Collar.S01-S06.1080p.BluRay.x265-RARBG/White.Collar.S06.1080p.WEBRip.x265-RARBG/White.Collar.S06E04.1080p.WEBRip.x265-RARBG.mp4,6,4,1358522,data/encodings/1358522/1358522_S06E04_48528_1.npy
2467,1080,1920,0,1266,1436,130,299,28730,0.014,48552,/home/amos/media/tv/White.Collar.S01-S06.1080p.BluRay.x265-RARBG/White.Collar.S06.1080p.WEBRip.x265-RARBG/White.Collar.S06E04.1080p.WEBRip.x265-RARBG.mp4,6,4,1358522,data/encodings/1358522/1358522_S06E04_48552_0.npy
2468,1080,1920,1,509,753,82,327,59780,0.029,48552,/home/amos/media/tv/White.Collar.S01-S06.1080p.BluRay.x265-RARBG/White.Collar.S06.1080p.WEBRip.x265-RARBG/White.Collar.S06E04.1080p.WEBRip.x265-RARBG.mp4,6,4,1358522,data/encodings/1358522/1358522_S06E04_48552_1.npy
2469,1080,1920,0,940,1362,303,726,178506,0.086,48624,/home/amos/media/tv/White.Collar.S01-S06.1080p.BluRay.x265-RARBG/White.Collar.S06.1080p.WEBRip.x265-RARBG/White.Collar.S06E04.1080p.WEBRip.x265-RARBG.mp4,6,4,1358522,data/encodings/1358522/1358522_S06E04_48624_0.npy
2470,1080,1920,0,940,1362,218,640,178084,0.086,48648,/home/amos/media/tv/White.Collar.S01-S06.1080p.BluRay.x265-RARBG/White.Collar.S06.1080p.WEBRip.x265-RARBG/White.Collar.S06E04.1080p.WEBRip.x265-RARBG.mp4,6,4,1358522,data/encodings/1358522/1358522_S06E04_48648_0.npy
2471,1080,1920,0,897,1404,210,717,257049,0.124,48672,/home/amos/media/tv/White.Collar.S01-S06.1080p.BluRay.x265-RARBG/White.Collar.S06.1080p.WEBRip.x265-RARBG/White.Collar.S06E04.1080p.WEBRip.x265-RARBG.mp4,6,4,1358522,data/encodings/1358522/1358522_S06E04_48672_0.npy
2472,1080,1920,0,948,1455,210,717,257049,0.124,48696,/home/amos/media/tv/White.Collar.S01-S06.1080p.BluRay.x265-RARBG/White.Collar.S06.1080p.WEBRip.x265-RARBG/White.Collar.S06E04.1080p.WEBRip.x265-RARBG.mp4,6,4,1358522,data/encodings/1358522/1358522_S06E04_48696_0.npy
2473,1080,1920,0,948,1455,159,666,257049,0.124,48720,/home/amos/media/tv/White.Collar.S01-S06.1080p.BluRay.x265-RARBG/White.Collar.S06.1080p.WEBRip.x265-RARBG/White.Collar.S06E04.1080p.WEBRip.x265-RARBG.mp4,6,4,1358522,data/encodings/1358522/1358522_S06E04_48720_0.npy
2474,1080,1920,0,948,1455,210,717,257049,0.124,48744,/home/amos/media/tv/White.Collar.S01-S06.1080p.BluRay.x265-RARBG/White.Collar.S06.1080p.WEBRip.x265-RARBG/White.Collar.S06E04.1080p.WEBRip.x265-RARBG.mp4,6,4,1358522,data/encodings/1358522/1358522_S06E04_48744_0.npy
2475,1080,1920,0,683,1105,261,683,178084,0.086,48768,/home/amos/media/tv/White.Collar.S01-S06.1080p.BluRay.x265-RARBG/White.Collar.S06.1080p.WEBRip.x265-RARBG/White.Collar.S06E04.1080p.WEBRip.x265-RARBG.mp4,6,4,1358522,data/encodings/1358522/1358522_S06E04_48768_0.npy
2476,1080,1920,0,640,1063,303,726,178929,0.086,48792,/home/amos/media/tv/White.Collar.S01-S06.1080p.BluRay.x265-RARBG/White.Collar.S06.1080p.WEBRip.x265-RARBG/White.Collar.S06E04.1080p.WEBRip.x265-RARBG.mp4,6,4,1358522,data/encodings/1358522/1358522_S06E04_48792_0.npy
2477,1080,1920,0,897,1319,261,683,178084,0.086,48816,/home/amos/media/tv/White.Collar.S01-S06.1080p.BluRay.x265-RARBG/White.Collar.S06.1080p.WEBRip.x265-RARBG/White.Collar.S06E04.1080p.WEBRip.x265-RARBG.mp4,6,4,1358522,data/encodings/1358522/1358522_S06E04_48816_0.npy
2478,1080,1920,0,897,1319,303,726,178506,0.086,48840,/home/amos/media/tv/White.Collar.S01-S06.1080p.BluRay.x265-RARBG/White.Collar.S06.1080p.WEBRip.x265-RARBG/White.Collar.S06E04.1080p.WEBRip.x265-RARBG.mp4,6,4,1358522,data/encodings/1358522/1358522_S06E04_48840_0.npy
2479,1080,1920,0,845,1353,262,769,257556,0.124,48864,/home/amos/media/tv/White.Collar.S01-S06.1080p.BluRay.x265-RARBG/White.Collar.S06.1080p.WEBRip.x265-RARBG/White.Collar.S06E04.1080p.WEBRip.x265-RARBG.mp4,6,4,1358522,data/encodings/1358522/1358522_S06E04_48864_0.npy
2480,1080,1920,0,845,1353,262,769,257556,0.124,48888,/home/amos/media/tv/White.Collar.S01-S06.1080p.BluRay.x265-RARBG/White.Collar.S06.1080p.WEBRip.x265-RARBG/White.Collar.S06E04.1080p.WEBRip.x265-RARBG.mp4,6,4,1358522,data/encodings/1358522/1358522_S06E04_48888_0.npy
2481,1080,1920,0,845,1353,262,769,257556,0.124,48912,/home/amos/media/tv/White.Collar.S01-S06.1080p.BluRay.x265-RARBG/White.Collar.S06.1080p.WEBRip.x265-RARBG/White.Collar.S06E04.1080p.WEBRip.x265-RARBG.mp4,6,4,1358522,data/encodings/1358522/1358522_S06E04_48912_0.npy
2482,1080,1920,0,726,1148,261,683,178084,0.086,48936,/home/amos/media/tv/White.Collar.S01-S06.1080p.BluRay.x265-RARBG/White.Collar.S06.1080p.WEBRip.x265-RARBG/White.Collar.S06E04.1080p.WEBRip.x265-RARBG.mp4,6,4,1358522,data/encodings/1358522/1358522_S06E04_48936_0.npy
2483,1080,1920,0,726,1148,261,683,178084,0.086,48960,/home/amos/media/tv/White.Collar.S01-S06.1080p.BluRay.x265-RARBG/White.Collar.S06.1080p.WEBRip.x265-RARBG/White.Collar.S06E04.1080p.WEBRip.x265-RARBG.mp4,6,4,1358522,data/encodings/1358522/1358522_S06E04_48960_0.npy
2484,1080,1920,0,726,1148,261,683,178084,0.086,48984,/home/amos/media/tv/White.Collar.S01-S06.1080p.BluRay.x265-RARBG/White.Collar.S06.1080p.WEBRip.x265-RARBG/White.Collar.S06E04.1080p.WEBRip.x265-RARBG.mp4,6,4,1358522,data/encodings/1358522/1358522_S06E04_48984_0.npy
2485,1080,1920,0,683,1105,261,683,178084,0.086,49008,/home/amos/media/tv/White.Collar.S01-S06.1080p.BluRay.x265-RARBG/White.Collar.S06.1080p.WEBRip.x265-RARBG/White.Collar.S06E04.1080p.WEBRip.x265-RARBG.mp4,6,4,1358522,data/encodings/1358522/1358522_S06E04_49008_0.npy
2486,1080,1920,0,640,1147,262,769,257049,0.124,49032,/home/amos/media/tv/White.Collar.S01-S06.1080p.BluRay.x265-RARBG/White.Collar.S06.1080p.WEBRip.x265-RARBG/White.Collar.S06E04.1080p.WEBRip.x265-RARBG.mp4,6,4,1358522,data/encodings/1358522/1358522_S06E04_49032_0.npy
2487,1080,1920,0,640,1147,262,769,257049,0.124,49056,/home/amos/media/tv/White.Collar.S01-S06.1080p.BluRay.x265-RARBG/White.Collar.S06.1080p.WEBRip.x265-RARBG/White.Collar.S06E04.1080p.WEBRip.x265-RARBG.mp4,6,4,1358522,data/encodings/1358522/1358522_S06E04_49056_0.npy
2488,1080,1920,0,640,1147,210,717,257049,0.124,49080,/home/amos/media/tv/White.Collar.S01-S06.1080p.BluRay.x265-RARBG/White.Collar.S06.1080p.WEBRip.x265-RARBG/White.Collar.S06E04.1080p.WEBRip.x265-RARBG.mp4,6,4,1358522,data/encodings/1358522/1358522_S06E04_49080_0.npy
2489,1080,1920,0,640,1147,210,717,257049,0.124,49104,/home/amos/media/tv/White.Collar.S01-S06.1080p.BluRay.x265-RARBG/White.Collar.S06.1080p.WEBRip.x265-RARBG/White.Collar.S06E04.1080p.WEBRip.x265-RARBG.mp4,6,4,1358522,data/encodings/1358522/1358522_S06E04_49104_0.npy
2490,1080,1920,0,640,1147,210,717,257049,0.124,49128,/home/amos/media/tv/White.Collar.S01-S06.1080p.BluRay.x265-RARBG/White.Collar.S06.1080p.WEBRip.x265-RARBG/White.Collar.S06E04.1080p.WEBRip.x265-RARBG.mp4,6,4,1358522,data/encodings/1358522/1358522_S06E04_49128_0.npy
2491,1080,1920,0,589,1096,210,717,257049,0.124,49152,/home/amos/media/tv/White.Collar.S01-S06.1080p.BluRay.x265-RARBG/White.Collar.S06.1080p.WEBRip.x265-RARBG/White.Collar.S06E04.1080p.WEBRip.x265-RARBG.mp4,6,4,1358522,data/encodings/1358522/1358522_S06E04_49152_0.npy
2492,1080,1920,0,640,1147,210,717,257049,0.124,49176,/home/amos/media/tv/White.Collar.S01-S06.1080p.BluRay.x265-RARBG/White.Collar.S06.1080p.WEBRip.x265-RARBG/White.Collar.S06E04.1080p.WEBRip.x265-RARBG.mp4,6,4,1358522,data/encodings/1358522/1358522_S06E04_49176_0.npy
2493,1080,1920,0,948,1455,210,717,257049,0.124,49200,/home/amos/media/tv/White.Collar.S01-S06.1080p.BluRay.x265-RARBG/White.Collar.S06.1080p.WEBRip.x265-RARBG/White.Collar.S06E04.1080p.WEBRip.x265-RARBG.mp4,6,4,1358522,data/encodings/1358522/1358522_S06E04_49200_0.npy
2494,1080,1920,0,1205,1712,159,666,257049,0.124,49224,/home/amos/media/tv/White.Collar.S01-S06.1080p.BluRay.x265-RARBG/White.Collar.S06.1080p.WEBRip.x265-RARBG/White.Collar.S06E04.1080p.WEBRip.x265-RARBG.mp4,6,4,1358522,data/encodings/1358522/1358522_S06E04_49224_0.npy
2495,1080,1920,0,1336,1454,196,314,13924,0.007,49248,/home/amos/media/tv/White.Collar.S01-S06.1080p.BluRay.x265-RARBG/White.Collar.S06.1080p.WEBRip.x265-RARBG/White.Collar.S06E04.1080p.WEBRip.x265-RARBG.mp4,6,4,1358522,data/encodings/1358522/1358522_S06E04_49248_0.npy
2496,1080,1920,1,1017,1159,212,353,20022,0.01,49248,/home/amos/media/tv/White.Collar.S01-S06.1080p.BluRay.x265-RARBG/White.Collar.S06.1080p.WEBRip.x265-RARBG/White.Collar.S06E04.1080p.WEBRip.x265-RARBG.mp4,6,4,1358522,data/encodings/1358522/1358522_S06E04_49248_1.npy
2497,1080,1920,0,1284,1453,164,334,28730,0.014,49272,/home/amos/media/tv/White.Collar.S01-S06.1080p.BluRay.x265-RARBG/White.Collar.S06.1080p.WEBRip.x265-RARBG/White.Collar.S06E04.1080p.WEBRip.x265-RARBG.mp4,6,4,1358522,data/encodings/1358522/1358522_S06E04_49272_0.npy
2498,1080,1920,1,931,1073,312,454,20164,0.01,49272,/home/amos/media/tv/White.Collar.S01-S06.1080p.BluRay.x265-RARBG/White.Collar.S06.1080p.WEBRip.x265-RARBG/White.Collar.S06E04.1080p.WEBRip.x265-RARBG.mp4,6,4,1358522,data/encodings/1358522/1358522_S06E04_49272_1.npy
2499,1080,1920,0,1054,1298,255,500,59780,0.029,49296,/home/amos/media/tv/White.Collar.S01-S06.1080p.BluRay.x265-RARBG/White.Collar.S06.1080p.WEBRip.x265-RARBG/White.Collar.S06E04.1080p.WEBRip.x265-RARBG.mp4,6,4,1358522,data/encodings/1358522/1358522_S06E04_49296_0.npy
2500,1080,1920,0,555,849,314,608,86436,0.042,49320,/home/amos/media/tv/White.Collar.S01-S06.1080p.BluRay.x265-RARBG/White.Collar.S06.1080p.WEBRip.x265-RARBG/White.Collar.S06E04.1080p.WEBRip.x265-RARBG.mp4,6,4,1358522,data/encodings/1358522/1358522_S06E04_49320_0.npy
2501,1080,1920,0,533,885,386,739,124256,0.06,49344,/home/amos/media/tv/White.Collar.S01-S06.1080p.BluRay.x265-RARBG/White.Collar.S06.1080p.WEBRip.x265-RARBG/White.Collar.S06E04.1080p.WEBRip.x265-RARBG.mp4,6,4,1358522,data/encodings/1358522/1358522_S06E04_49344_0.npy
2502,1080,1920,0,496,789,403,697,86142,0.042,49368,/home/amos/media/tv/White.Collar.S01-S06.1080p.BluRay.x265-RARBG/White.Collar.S06.1080p.WEBRip.x265-RARBG/White.Collar.S06E04.1080p.WEBRip.x265-RARBG.mp4,6,4,1358522,data/encodings/1358522/1358522_S06E04_49368_0.npy
2503,1080,1920,0,1417,1711,403,697,86436,0.042,49392,/home/amos/media/tv/White.Collar.S01-S06.1080p.BluRay.x265-RARBG/White.Collar.S06.1080p.WEBRip.x265-RARBG/White.Collar.S06E04.1080p.WEBRip.x265-RARBG.mp4,6,4,1358522,data/encodings/1358522/1358522_S06E04_49392_0.npy
2504,1080,1920,0,1328,1621,403,697,86142,0.042,49416,/home/amos/media/tv/White.Collar.S01-S06.1080p.BluRay.x265-RARBG/White.Collar.S06.1080p.WEBRip.x265-RARBG/White.Collar.S06E04.1080p.WEBRip.x265-RARBG.mp4,6,4,1358522,data/encodings/1358522/1358522_S06E04_49416_0.npy
2505,1080,1920,0,1269,1562,403,697,86142,0.042,49440,/home/amos/media/tv/White.Collar.S01-S06.1080p.BluRay.x265-RARBG/White.Collar.S06.1080p.WEBRip.x265-RARBG/White.Collar.S06E04.1080p.WEBRip.x265-RARBG.mp4,6,4,1358522,data/encodings/1358522/1358522_S06E04_49440_0.npy
2506,1080,1920,0,674,968,374,667,86142,0.042,49464,/home/amos/media/tv/White.Collar.S01-S06.1080p.BluRay.x265-RARBG/White.Collar.S06.1080p.WEBRip.x265-RARBG/White.Collar.S06E04.1080p.WEBRip.x265-RARBG.mp4,6,4,1358522,data/encodings/1358522/1358522_S06E04_49464_0.npy
2507,1080,1920,0,569,921,351,703,123904,0.06,49488,/home/amos/media/tv/White.Collar.S01-S06.1080p.BluRay.x265-RARBG/White.Collar.S06.1080p.WEBRip.x265-RARBG/White.Collar.S06E04.1080p.WEBRip.x265-RARBG.mp4,6,4,1358522,data/encodings/1358522/1358522_S06E04_49488_0.npy
2508,1080,1920,0,1179,1473,403,697,86436,0.042,49512,/home/amos/media/tv/White.Collar.S01-S06.1080p.BluRay.x265-RARBG/White.Collar.S06.1080p.WEBRip.x265-RARBG/White.Collar.S06E04.1080p.WEBRip.x265-RARBG.mp4,6,4,1358522,data/encodings/1358522/1358522_S06E04_49512_0.npy
2509,1080,1920,0,1150,1443,374,667,85849,0.041,49536,/home/amos/media/tv/White.Collar.S01-S06.1080p.BluRay.x265-RARBG/White.Collar.S06.1080p.WEBRip.x265-RARBG/White.Collar.S06E04.1080p.WEBRip.x265-RARBG.mp4,6,4,1358522,data/encodings/1358522/1358522_S06E04_49536_0.npy
2510,1080,1920,0,569,921,351,703,123904,0.06,49560,/home/amos/media/tv/White.Collar.S01-S06.1080p.BluRay.x265-RARBG/White.Collar.S06.1080p.WEBRip.x265-RARBG/White.Collar.S06E04.1080p.WEBRip.x265-RARBG.mp4,6,4,1358522,data/encodings/1358522/1358522_S06E04_49560_0.npy
2511,1080,1920,0,555,849,344,637,86142,0.042,49584,/home/amos/media/tv/White.Collar.S01-S06.1080p.BluRay.x265-RARBG/White.Collar.S06.1080p.WEBRip.x265-RARBG/White.Collar.S06E04.1080p.WEBRip.x265-RARBG.mp4,6,4,1358522,data/encodings/1358522/1358522_S06E04_49584_0.npy
2512,1080,1920,0,347,641,314,608,86436,0.042,49608,/home/amos/media/tv/White.Collar.S01-S06.1080p.BluRay.x265-RARBG/White.Collar.S06.1080p.WEBRip.x265-RARBG/White.Collar.S06E04.1080p.WEBRip.x265-RARBG.mp4,6,4,1358522,data/encodings/1358522/1358522_S06E04_49608_0.npy
2513,1080,1920,0,459,704,305,550,60025,0.029,49632,/home/amos/media/tv/White.Collar.S01-S06.1080p.BluRay.x265-RARBG/White.Collar.S06.1080p.WEBRip.x265-RARBG/White.Collar.S06E04.1080p.WEBRip.x265-RARBG.mp4,6,4,1358522,data/encodings/1358522/1358522_S06E04_49632_0.npy
2514,1080,1920,0,602,743,441,583,20022,0.01,49704,/home/amos/media/tv/White.Collar.S01-S06.1080p.BluRay.x265-RARBG/White.Collar.S06.1080p.WEBRip.x265-RARBG/White.Collar.S06E04.1080p.WEBRip.x265-RARBG.mp4,6,4,1358522,data/encodings/1358522/1358522_S06E04_49704_0.npy
2515,1080,1920,0,647,817,370,540,28900,0.014,49728,/home/amos/media/tv/White.Collar.S01-S06.1080p.BluRay.x265-RARBG/White.Collar.S06.1080p.WEBRip.x265-RARBG/White.Collar.S06E04.1080p.WEBRip.x265-RARBG.mp4,6,4,1358522,data/encodings/1358522/1358522_S06E04_49728_0.npy
2516,1080,1920,1,960,1102,398,540,20164,0.01,49728,/home/amos/media/tv/White.Collar.S01-S06.1080p.BluRay.x265-RARBG/White.Collar.S06.1080p.WEBRip.x265-RARBG/White.Collar.S06E04.1080p.WEBRip.x265-RARBG.mp4,6,4,1358522,data/encodings/1358522/1358522_S06E04_49728_1.npy
2517,1080,1920,0,630,800,284,454,28900,0.014,49752,/home/amos/media/tv/White.Collar.S01-S06.1080p.BluRay.x265-RARBG/White.Collar.S06.1080p.WEBRip.x265-RARBG/White.Collar.S06E04.1080p.WEBRip.x265-RARBG.mp4,6,4,1358522,data/encodings/1358522/1358522_S06E04_49752_0.npy
2518,1080,1920,0,661,865,202,406,41616,0.02,49776,/home/amos/media/tv/White.Collar.S01-S06.1080p.BluRay.x265-RARBG/White.Collar.S06.1080p.WEBRip.x265-RARBG/White.Collar.S06E04.1080p.WEBRip.x265-RARBG.mp4,6,4,1358522,data/encodings/1358522/1358522_S06E04_49776_0.npy
2519,1080,1920,1,1094,1264,302,471,28730,0.014,49776,/home/amos/media/tv/White.Collar.S01-S06.1080p.BluRay.x265-RARBG/White.Collar.S06.1080p.WEBRip.x265-RARBG/White.Collar.S06E04.1080p.WEBRip.x265-RARBG.mp4,6,4,1358522,data/encodings/1358522/1358522_S06E04_49776_1.npy
2520,1080,1920,0,682,852,233,403,28900,0.014,49800,/home/amos/media/tv/White.Collar.S01-S06.1080p.BluRay.x265-RARBG/White.Collar.S06.1080p.WEBRip.x265-RARBG/White.Collar.S06E04.1080p.WEBRip.x265-RARBG.mp4,6,4,1358522,data/encodings/1358522/1358522_S06E04_49800_0.npy
2521,1080,1920,1,1060,1230,302,471,28730,0.014,49800,/home/amos/media/tv/White.Collar.S01-S06.1080p.BluRay.x265-RARBG/White.Collar.S06.1080p.WEBRip.x265-RARBG/White.Collar.S06E04.1080p.WEBRip.x265-RARBG.mp4,6,4,1358522,data/encodings/1358522/1358522_S06E04_49800_1.npy
2522,1080,1920,0,613,783,302,471,28730,0.014,49824,/home/amos/media/tv/White.Collar.S01-S06.1080p.BluRay.x265-RARBG/White.Collar.S06.1080p.WEBRip.x265-RARBG/White.Collar.S06E04.1080p.WEBRip.x265-RARBG.mp4,6,4,1358522,data/encodings/1358522/1358522_S06E04_49824_0.npy
2523,1080,1920,1,1026,1195,284,454,28730,0.014,49824,/home/amos/media/tv/White.Collar.S01-S06.1080p.BluRay.x265-RARBG/White.Collar.S06.1080p.WEBRip.x265-RARBG/White.Collar.S06E04.1080p.WEBRip.x265-RARBG.mp4,6,4,1358522,data/encodings/1358522/1358522_S06E04_49824_1.npy
2524,1080,1920,0,578,748,302,471,28730,0.014,49848,/home/amos/media/tv/White.Collar.S01-S06.1080p.BluRay.x265-RARBG/White.Collar.S06.1080p.WEBRip.x265-RARBG/White.Collar.S06E04.1080p.WEBRip.x265-RARBG.mp4,6,4,1358522,data/encodings/1358522/1358522_S06E04_49848_0.npy
2525,1080,1920,1,1043,1213,250,420,28900,0.014,49848,/home/amos/media/tv/White.Collar.S01-S06.1080p.BluRay.x265-RARBG/White.Collar.S06.1080p.WEBRip.x265-RARBG/White.Collar.S06E04.1080p.WEBRip.x265-RARBG.mp4,6,4,1358522,data/encodings/1358522/1358522_S06E04_49848_1.npy
2526,1080,1920,0,1153,1397,379,624,59780,0.029,49872,/home/amos/media/tv/White.Collar.S01-S06.1080p.BluRay.x265-RARBG/White.Collar.S06.1080p.WEBRip.x265-RARBG/White.Collar.S06E04.1080p.WEBRip.x265-RARBG.mp4,6,4,1358522,data/encodings/1358522/1358522_S06E04_49872_0.npy
2527,1080,1920,0,1301,1546,429,673,59780,0.029,49896,/home/amos/media/tv/White.Collar.S01-S06.1080p.BluRay.x265-RARBG/White.Collar.S06.1080p.WEBRip.x265-RARBG/White.Collar.S06E04.1080p.WEBRip.x265-RARBG.mp4,6,4,1358522,data/encodings/1358522/1358522_S06E04_49896_0.npy
2528,1080,1920,0,1326,1571,429,673,59780,0.029,49920,/home/amos/media/tv/White.Collar.S01-S06.1080p.BluRay.x265-RARBG/White.Collar.S06.1080p.WEBRip.x265-RARBG/White.Collar.S06E04.1080p.WEBRip.x265-RARBG.mp4,6,4,1358522,data/encodings/1358522/1358522_S06E04_49920_0.npy
2529,1080,1920,0,80,373,166,459,85849,0.041,49944,/home/amos/media/tv/White.Collar.S01-S06.1080p.BluRay.x265-RARBG/White.Collar.S06.1080p.WEBRip.x265-RARBG/White.Collar.S06E04.1080p.WEBRip.x265-RARBG.mp4,6,4,1358522,data/encodings/1358522/1358522_S06E04_49944_0.npy
2530,1080,1920,1,1078,1323,305,550,60025,0.029,49944,/home/amos/media/tv/White.Collar.S01-S06.1080p.BluRay.x265-RARBG/White.Collar.S06.1080p.WEBRip.x265-RARBG/White.Collar.S06E04.1080p.WEBRip.x265-RARBG.mp4,6,4,1358522,data/encodings/1358522/1358522_S06E04_49944_1.npy
2531,1080,1920,0,640,1063,303,726,178929,0.086,49968,/home/amos/media/tv/White.Collar.S01-S06.1080p.BluRay.x265-RARBG/White.Collar.S06.1080p.WEBRip.x265-RARBG/White.Collar.S06E04.1080p.WEBRip.x265-RARBG.mp4,6,4,1358522,data/encodings/1358522/1358522_S06E04_49968_0.npy
2532,1080,1920,0,1239,1532,374,667,85849,0.041,49992,/home/amos/media/tv/White.Collar.S01-S06.1080p.BluRay.x265-RARBG/White.Collar.S06.1080p.WEBRip.x265-RARBG/White.Collar.S06E04.1080p.WEBRip.x265-RARBG.mp4,6,4,1358522,data/encodings/1358522/1358522_S06E04_49992_0.npy
2533,1080,1920,0,466,760,403,697,86436,0.042,50016,/home/amos/media/tv/White.Collar.S01-S06.1080p.BluRay.x265-RARBG/White.Collar.S06.1080p.WEBRip.x265-RARBG/White.Collar.S06E04.1080p.WEBRip.x265-RARBG.mp4,6,4,1358522,data/encodings/1358522/1358522_S06E04_50016_0.npy
2534,1080,1920,0,462,814,315,667,123904,0.06,50040,/home/amos/media/tv/White.Collar.S01-S06.1080p.BluRay.x265-RARBG/White.Collar.S06.1080p.WEBRip.x265-RARBG/White.Collar.S06E04.1080p.WEBRip.x265-RARBG.mp4,6,4,1358522,data/encodings/1358522/1358522_S06E04_50040_0.npy
2535,1080,1920,0,1179,1473,403,697,86436,0.042,50088,/home/amos/media/tv/White.Collar.S01-S06.1080p.BluRay.x265-RARBG/White.Collar.S06.1080p.WEBRip.x265-RARBG/White.Collar.S06E04.1080p.WEBRip.x265-RARBG.mp4,6,4,1358522,data/encodings/1358522/1358522_S06E04_50088_0.npy
2536,1080,1920,0,1120,1413,403,697,86142,0.042,50112,/home/amos/media/tv/White.Collar.S01-S06.1080p.BluRay.x265-RARBG/White.Collar.S06.1080p.WEBRip.x265-RARBG/White.Collar.S06E04.1080p.WEBRip.x265-RARBG.mp4,6,4,1358522,data/encodings/1358522/1358522_S06E04_50112_0.npy
2537,1080,1920,0,997,1349,386,739,124256,0.06,50256,/home/amos/media/tv/White.Collar.S01-S06.1080p.BluRay.x265-RARBG/White.Collar.S06.1080p.WEBRip.x265-RARBG/White.Collar.S06E04.1080p.WEBRip.x265-RARBG.mp4,6,4,1358522,data/encodings/1358522/1358522_S06E04_50256_0.npy
2538,1080,1920,0,961,1313,279,632,124256,0.06,50280,/home/amos/media/tv/White.Collar.S01-S06.1080p.BluRay.x265-RARBG/White.Collar.S06.1080p.WEBRip.x265-RARBG/White.Collar.S06E04.1080p.WEBRip.x265-RARBG.mp4,6,4,1358522,data/encodings/1358522/1358522_S06E04_50280_0.npy
2539,1080,1920,0,961,1313,208,560,123904,0.06,50304,/home/amos/media/tv/White.Collar.S01-S06.1080p.BluRay.x265-RARBG/White.Collar.S06.1080p.WEBRip.x265-RARBG/White.Collar.S06E04.1080p.WEBRip.x265-RARBG.mp4,6,4,1358522,data/encodings/1358522/1358522_S06E04_50304_0.npy
2540,1080,1920,0,997,1349,244,596,123904,0.06,50328,/home/amos/media/tv/White.Collar.S01-S06.1080p.BluRay.x265-RARBG/White.Collar.S06.1080p.WEBRip.x265-RARBG/White.Collar.S06E04.1080p.WEBRip.x265-RARBG.mp4,6,4,1358522,data/encodings/1358522/1358522_S06E04_50328_0.npy
2541,1080,1920,0,997,1349,244,596,123904,0.06,50352,/home/amos/media/tv/White.Collar.S01-S06.1080p.BluRay.x265-RARBG/White.Collar.S06.1080p.WEBRip.x265-RARBG/White.Collar.S06E04.1080p.WEBRip.x265-RARBG.mp4,6,4,1358522,data/encodings/1358522/1358522_S06E04_50352_0.npy
2542,1080,1920,0,971,1265,225,519,86436,0.042,50376,/home/amos/media/tv/White.Collar.S01-S06.1080p.BluRay.x265-RARBG/White.Collar.S06.1080p.WEBRip.x265-RARBG/White.Collar.S06E04.1080p.WEBRip.x265-RARBG.mp4,6,4,1358522,data/encodings/1358522/1358522_S06E04_50376_0.npy
2543,1080,1920,0,882,1176,255,548,86142,0.042,50400,/home/amos/media/tv/White.Collar.S01-S06.1080p.BluRay.x265-RARBG/White.Collar.S06.1080p.WEBRip.x265-RARBG/White.Collar.S06E04.1080p.WEBRip.x265-RARBG.mp4,6,4,1358522,data/encodings/1358522/1358522_S06E04_50400_0.npy
2544,1080,1920,0,1032,1384,172,525,124256,0.06,50424,/home/amos/media/tv/White.Collar.S01-S06.1080p.BluRay.x265-RARBG/White.Collar.S06.1080p.WEBRip.x265-RARBG/White.Collar.S06E04.1080p.WEBRip.x265-RARBG.mp4,6,4,1358522,data/encodings/1358522/1358522_S06E04_50424_0.npy
2545,1080,1920,0,1031,1324,166,459,85849,0.041,50448,/home/amos/media/tv/White.Collar.S01-S06.1080p.BluRay.x265-RARBG/White.Collar.S06.1080p.WEBRip.x265-RARBG/White.Collar.S06E04.1080p.WEBRip.x265-RARBG.mp4,6,4,1358522,data/encodings/1358522/1358522_S06E04_50448_0.npy
2546,1080,1920,0,1061,1354,166,459,85849,0.041,50472,/home/amos/media/tv/White.Collar.S01-S06.1080p.BluRay.x265-RARBG/White.Collar.S06.1080p.WEBRip.x265-RARBG/White.Collar.S06E04.1080p.WEBRip.x265-RARBG.mp4,6,4,1358522,data/encodings/1358522/1358522_S06E04_50472_0.npy
2547,1080,1920,0,1061,1354,195,489,86142,0.042,50496,/home/amos/media/tv/White.Collar.S01-S06.1080p.BluRay.x265-RARBG/White.Collar.S06.1080p.WEBRip.x265-RARBG/White.Collar.S06E04.1080p.WEBRip.x265-RARBG.mp4,6,4,1358522,data/encodings/1358522/1358522_S06E04_50496_0.npy
2548,1080,1920,0,1061,1354,225,519,86142,0.042,50520,/home/amos/media/tv/White.Collar.S01-S06.1080p.BluRay.x265-RARBG/White.Collar.S06.1080p.WEBRip.x265-RARBG/White.Collar.S06E04.1080p.WEBRip.x265-RARBG.mp4,6,4,1358522,data/encodings/1358522/1358522_S06E04_50520_0.npy
2549,1080,1920,0,1032,1384,172,525,124256,0.06,50544,/home/amos/media/tv/White.Collar.S01-S06.1080p.BluRay.x265-RARBG/White.Collar.S06.1080p.WEBRip.x265-RARBG/White.Collar.S06E04.1080p.WEBRip.x265-RARBG.mp4,6,4,1358522,data/encodings/1358522/1358522_S06E04_50544_0.npy
2550,1080,1920,0,1103,1348,255,500,60025,0.029,50568,/home/amos/media/tv/White.Collar.S01-S06.1080p.BluRay.x265-RARBG/White.Collar.S06.1080p.WEBRip.x265-RARBG/White.Collar.S06E04.1080p.WEBRip.x265-RARBG.mp4,6,4,1358522,data/encodings/1358522/1358522_S06E04_50568_0.npy
2551,1080,1920,0,1104,1456,244,596,123904,0.06,50592,/home/amos/media/tv/White.Collar.S01-S06.1080p.BluRay.x265-RARBG/White.Collar.S06.1080p.WEBRip.x265-RARBG/White.Collar.S06E04.1080p.WEBRip.x265-RARBG.mp4,6,4,1358522,data/encodings/1358522/1358522_S06E04_50592_0.npy
2552,1080,1920,0,961,1313,244,596,123904,0.06,50616,/home/amos/media/tv/White.Collar.S01-S06.1080p.BluRay.x265-RARBG/White.Collar.S06.1080p.WEBRip.x265-RARBG/White.Collar.S06E04.1080p.WEBRip.x265-RARBG.mp4,6,4,1358522,data/encodings/1358522/1358522_S06E04_50616_0.npy
2553,1080,1920,0,1032,1384,386,739,124256,0.06,50640,/home/amos/media/tv/White.Collar.S01-S06.1080p.BluRay.x265-RARBG/White.Collar.S06.1080p.WEBRip.x265-RARBG/White.Collar.S06E04.1080p.WEBRip.x265-RARBG.mp4,6,4,1358522,data/encodings/1358522/1358522_S06E04_50640_0.npy
2554,1080,1920,0,1104,1456,422,774,123904,0.06,50664,/home/amos/media/tv/White.Collar.S01-S06.1080p.BluRay.x265-RARBG/White.Collar.S06.1080p.WEBRip.x265-RARBG/White.Collar.S06E04.1080p.WEBRip.x265-RARBG.mp4,6,4,1358522,data/encodings/1358522/1358522_S06E04_50664_0.npy
2555,1080,1920,0,1001,1295,285,578,86142,0.042,50688,/home/amos/media/tv/White.Collar.S01-S06.1080p.BluRay.x265-RARBG/White.Collar.S06.1080p.WEBRip.x265-RARBG/White.Collar.S06E04.1080p.WEBRip.x265-RARBG.mp4,6,4,1358522,data/encodings/1358522/1358522_S06E04_50688_0.npy
2556,1080,1920,0,1061,1354,225,519,86142,0.042,50712,/home/amos/media/tv/White.Collar.S01-S06.1080p.BluRay.x265-RARBG/White.Collar.S06.1080p.WEBRip.x265-RARBG/White.Collar.S06E04.1080p.WEBRip.x265-RARBG.mp4,6,4,1358522,data/encodings/1358522/1358522_S06E04_50712_0.npy
2557,1080,1920,0,1090,1384,255,548,86142,0.042,50736,/home/amos/media/tv/White.Collar.S01-S06.1080p.BluRay.x265-RARBG/White.Collar.S06.1080p.WEBRip.x265-RARBG/White.Collar.S06E04.1080p.WEBRip.x265-RARBG.mp4,6,4,1358522,data/encodings/1358522/1358522_S06E04_50736_0.npy
2558,1080,1920,0,961,1313,137,489,123904,0.06,50832,/home/amos/media/tv/White.Collar.S01-S06.1080p.BluRay.x265-RARBG/White.Collar.S06.1080p.WEBRip.x265-RARBG/White.Collar.S06E04.1080p.WEBRip.x265-RARBG.mp4,6,4,1358522,data/encodings/1358522/1358522_S06E04_50832_0.npy
2559,1080,1920,0,925,1277,208,560,123904,0.06,50856,/home/amos/media/tv/White.Collar.S01-S06.1080p.BluRay.x265-RARBG/White.Collar.S06.1080p.WEBRip.x265-RARBG/White.Collar.S06E04.1080p.WEBRip.x265-RARBG.mp4,6,4,1358522,data/encodings/1358522/1358522_S06E04_50856_0.npy
2560,1080,1920,0,890,1242,208,560,123904,0.06,50880,/home/amos/media/tv/White.Collar.S01-S06.1080p.BluRay.x265-RARBG/White.Collar.S06.1080p.WEBRip.x265-RARBG/White.Collar.S06E04.1080p.WEBRip.x265-RARBG.mp4,6,4,1358522,data/encodings/1358522/1358522_S06E04_50880_0.npy
2561,1080,1920,0,629,686,471,528,3249,0.002,50928,/home/amos/media/tv/White.Collar.S01-S06.1080p.BluRay.x265-RARBG/White.Collar.S06.1080p.WEBRip.x265-RARBG/White.Collar.S06E04.1080p.WEBRip.x265-RARBG.mp4,6,4,1358522,data/encodings/1358522/1358522_S06E04_50928_0.npy
2562,1080,1920,0,808,865,367,424,3249,0.002,50952,/home/amos/media/tv/White.Collar.S01-S06.1080p.BluRay.x265-RARBG/White.Collar.S06.1080p.WEBRip.x265-RARBG/White.Collar.S06E04.1080p.WEBRip.x265-RARBG.mp4,6,4,1358522,data/encodings/1358522/1358522_S06E04_50952_0.npy
2563,1080,1920,0,711,1063,244,596,123904,0.06,50976,/home/amos/media/tv/White.Collar.S01-S06.1080p.BluRay.x265-RARBG/White.Collar.S06.1080p.WEBRip.x265-RARBG/White.Collar.S06E04.1080p.WEBRip.x265-RARBG.mp4,6,4,1358522,data/encodings/1358522/1358522_S06E04_50976_0.npy
2564,1080,1920,0,258,399,384,525,19881,0.01,51024,/home/amos/media/tv/White.Collar.S01-S06.1080p.BluRay.x265-RARBG/White.Collar.S06.1080p.WEBRip.x265-RARBG/White.Collar.S06E04.1080p.WEBRip.x265-RARBG.mp4,6,4,1358522,data/encodings/1358522/1358522_S06E04_51024_0.npy
2565,1080,1920,0,188,287,367,465,9702,0.005,51048,/home/amos/media/tv/White.Collar.S01-S06.1080p.BluRay.x265-RARBG/White.Collar.S06.1080p.WEBRip.x265-RARBG/White.Collar.S06E04.1080p.WEBRip.x265-RARBG.mp4,6,4,1358522,data/encodings/1358522/1358522_S06E04_51048_0.npy
2566,1080,1920,0,301,442,341,482,19881,0.01,51072,/home/amos/media/tv/White.Collar.S01-S06.1080p.BluRay.x265-RARBG/White.Collar.S06.1080p.WEBRip.x265-RARBG/White.Collar.S06E04.1080p.WEBRip.x265-RARBG.mp4,6,4,1358522,data/encodings/1358522/1358522_S06E04_51072_0.npy
2567,1080,1920,0,297,415,351,469,13924,0.007,51096,/home/amos/media/tv/White.Collar.S01-S06.1080p.BluRay.x265-RARBG/White.Collar.S06.1080p.WEBRip.x265-RARBG/White.Collar.S06E04.1080p.WEBRip.x265-RARBG.mp4,6,4,1358522,data/encodings/1358522/1358522_S06E04_51096_0.npy
2568,1080,1920,0,344,485,312,454,20022,0.01,51120,/home/amos/media/tv/White.Collar.S01-S06.1080p.BluRay.x265-RARBG/White.Collar.S06.1080p.WEBRip.x265-RARBG/White.Collar.S06E04.1080p.WEBRip.x265-RARBG.mp4,6,4,1358522,data/encodings/1358522/1358522_S06E04_51120_0.npy
2569,1080,1920,0,982,1405,261,683,178506,0.086,51144,/home/amos/media/tv/White.Collar.S01-S06.1080p.BluRay.x265-RARBG/White.Collar.S06.1080p.WEBRip.x265-RARBG/White.Collar.S06E04.1080p.WEBRip.x265-RARBG.mp4,6,4,1358522,data/encodings/1358522/1358522_S06E04_51144_0.npy
2570,1080,1920,0,1139,1491,351,703,123904,0.06,51168,/home/amos/media/tv/White.Collar.S01-S06.1080p.BluRay.x265-RARBG/White.Collar.S06.1080p.WEBRip.x265-RARBG/White.Collar.S06E04.1080p.WEBRip.x265-RARBG.mp4,6,4,1358522,data/encodings/1358522/1358522_S06E04_51168_0.npy
2571,1080,1920,0,1318,1488,250,420,28900,0.014,51192,/home/amos/media/tv/White.Collar.S01-S06.1080p.BluRay.x265-RARBG/White.Collar.S06.1080p.WEBRip.x265-RARBG/White.Collar.S06E04.1080p.WEBRip.x265-RARBG.mp4,6,4,1358522,data/encodings/1358522/1358522_S06E04_51192_0.npy
2572,1080,1920,0,1239,1443,223,427,41616,0.02,51216,/home/amos/media/tv/White.Collar.S01-S06.1080p.BluRay.x265-RARBG/White.Collar.S06.1080p.WEBRip.x265-RARBG/White.Collar.S06E04.1080p.WEBRip.x265-RARBG.mp4,6,4,1358522,data/encodings/1358522/1358522_S06E04_51216_0.npy
2573,1080,1920,0,1301,1471,267,437,28900,0.014,51240,/home/amos/media/tv/White.Collar.S01-S06.1080p.BluRay.x265-RARBG/White.Collar.S06.1080p.WEBRip.x265-RARBG/White.Collar.S06E04.1080p.WEBRip.x265-RARBG.mp4,6,4,1358522,data/encodings/1358522/1358522_S06E04_51240_0.npy
2574,1080,1920,0,555,849,195,489,86436,0.042,51264,/home/amos/media/tv/White.Collar.S01-S06.1080p.BluRay.x265-RARBG/White.Collar.S06.1080p.WEBRip.x265-RARBG/White.Collar.S06E04.1080p.WEBRip.x265-RARBG.mp4,6,4,1358522,data/encodings/1358522/1358522_S06E04_51264_0.npy
2575,1080,1920,0,585,878,225,519,86142,0.042,51288,/home/amos/media/tv/White.Collar.S01-S06.1080p.BluRay.x265-RARBG/White.Collar.S06.1080p.WEBRip.x265-RARBG/White.Collar.S06E04.1080p.WEBRip.x265-RARBG.mp4,6,4,1358522,data/encodings/1358522/1358522_S06E04_51288_0.npy
2576,1080,1920,0,1198,1401,202,406,41412,0.02,51312,/home/amos/media/tv/White.Collar.S01-S06.1080p.BluRay.x265-RARBG/White.Collar.S06.1080p.WEBRip.x265-RARBG/White.Collar.S06E04.1080p.WEBRip.x265-RARBG.mp4,6,4,1358522,data/encodings/1358522/1358522_S06E04_51312_0.npy
2577,1080,1920,0,1178,1422,181,426,59780,0.029,51336,/home/amos/media/tv/White.Collar.S01-S06.1080p.BluRay.x265-RARBG/White.Collar.S06.1080p.WEBRip.x265-RARBG/White.Collar.S06E04.1080p.WEBRip.x265-RARBG.mp4,6,4,1358522,data/encodings/1358522/1358522_S06E04_51336_0.npy
2578,1080,1920,0,526,819,225,519,86142,0.042,51360,/home/amos/media/tv/White.Collar.S01-S06.1080p.BluRay.x265-RARBG/White.Collar.S06.1080p.WEBRip.x265-RARBG/White.Collar.S06E04.1080p.WEBRip.x265-RARBG.mp4,6,4,1358522,data/encodings/1358522/1358522_S06E04_51360_0.npy
2579,1080,1920,0,585,878,225,519,86142,0.042,51384,/home/amos/media/tv/White.Collar.S01-S06.1080p.BluRay.x265-RARBG/White.Collar.S06.1080p.WEBRip.x265-RARBG/White.Collar.S06E04.1080p.WEBRip.x265-RARBG.mp4,6,4,1358522,data/encodings/1358522/1358522_S06E04_51384_0.npy
2580,1080,1920,0,1218,1422,223,427,41616,0.02,51408,/home/amos/media/tv/White.Collar.S01-S06.1080p.BluRay.x265-RARBG/White.Collar.S06.1080p.WEBRip.x265-RARBG/White.Collar.S06E04.1080p.WEBRip.x265-RARBG.mp4,6,4,1358522,data/encodings/1358522/1358522_S06E04_51408_0.npy
2581,1080,1920,0,1177,1381,223,427,41616,0.02,51432,/home/amos/media/tv/White.Collar.S01-S06.1080p.BluRay.x265-RARBG/White.Collar.S06.1080p.WEBRip.x265-RARBG/White.Collar.S06E04.1080p.WEBRip.x265-RARBG.mp4,6,4,1358522,data/encodings/1358522/1358522_S06E04_51432_0.npy
2582,1080,1920,0,124,328,367,571,41616,0.02,51456,/home/amos/media/tv/White.Collar.S01-S06.1080p.BluRay.x265-RARBG/White.Collar.S06.1080p.WEBRip.x265-RARBG/White.Collar.S06E04.1080p.WEBRip.x265-RARBG.mp4,6,4,1358522,data/encodings/1358522/1358522_S06E04_51456_0.npy
2583,1080,1920,1,890,1242,208,560,123904,0.06,51456,/home/amos/media/tv/White.Collar.S01-S06.1080p.BluRay.x265-RARBG/White.Collar.S06.1080p.WEBRip.x265-RARBG/White.Collar.S06E04.1080p.WEBRip.x265-RARBG.mp4,6,4,1358522,data/encodings/1358522/1358522_S06E04_51456_1.npy
2584,1080,1920,0,360,605,305,550,60025,0.029,51480,/home/amos/media/tv/White.Collar.S01-S06.1080p.BluRay.x265-RARBG/White.Collar.S06.1080p.WEBRip.x265-RARBG/White.Collar.S06E04.1080p.WEBRip.x265-RARBG.mp4,6,4,1358522,data/encodings/1358522/1358522_S06E04_51480_0.npy
2585,1080,1920,0,455,658,285,489,41412,0.02,51504,/home/amos/media/tv/White.Collar.S01-S06.1080p.BluRay.x265-RARBG/White.Collar.S06.1080p.WEBRip.x265-RARBG/White.Collar.S06E04.1080p.WEBRip.x265-RARBG.mp4,6,4,1358522,data/encodings/1358522/1358522_S06E04_51504_0.npy
2586,1080,1920,0,682,885,264,468,41412,0.02,51528,/home/amos/media/tv/White.Collar.S01-S06.1080p.BluRay.x265-RARBG/White.Collar.S06.1080p.WEBRip.x265-RARBG/White.Collar.S06E04.1080p.WEBRip.x265-RARBG.mp4,6,4,1358522,data/encodings/1358522/1358522_S06E04_51528_0.npy
2587,1080,1920,0,1054,1298,404,649,59780,0.029,51624,/home/amos/media/tv/White.Collar.S01-S06.1080p.BluRay.x265-RARBG/White.Collar.S06.1080p.WEBRip.x265-RARBG/White.Collar.S06E04.1080p.WEBRip.x265-RARBG.mp4,6,4,1358522,data/encodings/1358522/1358522_S06E04_51624_0.npy
2588,1080,1920,1,355,707,30,382,123904,0.06,51624,/home/amos/media/tv/White.Collar.S01-S06.1080p.BluRay.x265-RARBG/White.Collar.S06.1080p.WEBRip.x265-RARBG/White.Collar.S06E04.1080p.WEBRip.x265-RARBG.mp4,6,4,1358522,data/encodings/1358522/1358522_S06E04_51624_1.npy
2589,1080,1920,2,1698,1920,206,450,54168,0.026,51624,/home/amos/media/tv/White.Collar.S01-S06.1080p.BluRay.x265-RARBG/White.Collar.S06.1080p.WEBRip.x265-RARBG/White.Collar.S06E04.1080p.WEBRip.x265-RARBG.mp4,6,4,1358522,data/encodings/1358522/1358522_S06E04_51624_2.npy
2590,1080,1920,0,806,1051,454,698,59780,0.029,51648,/home/amos/media/tv/White.Collar.S01-S06.1080p.BluRay.x265-RARBG/White.Collar.S06.1080p.WEBRip.x265-RARBG/White.Collar.S06E04.1080p.WEBRip.x265-RARBG.mp4,6,4,1358522,data/encodings/1358522/1358522_S06E04_51648_0.npy
2591,1080,1920,1,1524,1769,181,426,60025,0.029,51648,/home/amos/media/tv/White.Collar.S01-S06.1080p.BluRay.x265-RARBG/White.Collar.S06.1080p.WEBRip.x265-RARBG/White.Collar.S06E04.1080p.WEBRip.x265-RARBG.mp4,6,4,1358522,data/encodings/1358522/1358522_S06E04_51648_1.npy
2592,1080,1920,2,212,564,65,418,124256,0.06,51648,/home/amos/media/tv/White.Collar.S01-S06.1080p.BluRay.x265-RARBG/White.Collar.S06.1080p.WEBRip.x265-RARBG/White.Collar.S06E04.1080p.WEBRip.x265-RARBG.mp4,6,4,1358522,data/encodings/1358522/1358522_S06E04_51648_2.npy
2593,1080,1920,0,1175,1527,351,703,123904,0.06,51672,/home/amos/media/tv/White.Collar.S01-S06.1080p.BluRay.x265-RARBG/White.Collar.S06.1080p.WEBRip.x265-RARBG/White.Collar.S06E04.1080p.WEBRip.x265-RARBG.mp4,6,4,1358522,data/encodings/1358522/1358522_S06E04_51672_0.npy
2594,1080,1920,1,1549,1794,181,426,60025,0.029,51672,/home/amos/media/tv/White.Collar.S01-S06.1080p.BluRay.x265-RARBG/White.Collar.S06.1080p.WEBRip.x265-RARBG/White.Collar.S06E04.1080p.WEBRip.x265-RARBG.mp4,6,4,1358522,data/encodings/1358522/1358522_S06E04_51672_1.npy
2595,1080,1920,0,1120,1413,433,727,86142,0.042,51696,/home/amos/media/tv/White.Collar.S01-S06.1080p.BluRay.x265-RARBG/White.Collar.S06.1080p.WEBRip.x265-RARBG/White.Collar.S06E04.1080p.WEBRip.x265-RARBG.mp4,6,4,1358522,data/encodings/1358522/1358522_S06E04_51696_0.npy
2596,1080,1920,1,1475,1719,206,450,59536,0.029,51696,/home/amos/media/tv/White.Collar.S01-S06.1080p.BluRay.x265-RARBG/White.Collar.S06.1080p.WEBRip.x265-RARBG/White.Collar.S06E04.1080p.WEBRip.x265-RARBG.mp4,6,4,1358522,data/encodings/1358522/1358522_S06E04_51696_1.npy
2597,1080,1920,2,105,457,30,382,123904,0.06,51696,/home/amos/media/tv/White.Collar.S01-S06.1080p.BluRay.x265-RARBG/White.Collar.S06.1080p.WEBRip.x265-RARBG/White.Collar.S06E04.1080p.WEBRip.x265-RARBG.mp4,6,4,1358522,data/encodings/1358522/1358522_S06E04_51696_2.npy
2598,1080,1920,0,1179,1473,433,727,86436,0.042,51720,/home/amos/media/tv/White.Collar.S01-S06.1080p.BluRay.x265-RARBG/White.Collar.S06.1080p.WEBRip.x265-RARBG/White.Collar.S06E04.1080p.WEBRip.x265-RARBG.mp4,6,4,1358522,data/encodings/1358522/1358522_S06E04_51720_0.npy
2599,1080,1920,1,1499,1744,206,450,59780,0.029,51720,/home/amos/media/tv/White.Collar.S01-S06.1080p.BluRay.x265-RARBG/White.Collar.S06.1080p.WEBRip.x265-RARBG/White.Collar.S06E04.1080p.WEBRip.x265-RARBG.mp4,6,4,1358522,data/encodings/1358522/1358522_S06E04_51720_1.npy
2600,1080,1920,2,41,463,4,426,178084,0.086,51720,/home/amos/media/tv/White.Collar.S01-S06.1080p.BluRay.x265-RARBG/White.Collar.S06.1080p.WEBRip.x265-RARBG/White.Collar.S06E04.1080p.WEBRip.x265-RARBG.mp4,6,4,1358522,data/encodings/1358522/1358522_S06E04_51720_2.npy
2601,1080,1920,0,1447,1740,195,489,86142,0.042,51744,/home/amos/media/tv/White.Collar.S01-S06.1080p.BluRay.x265-RARBG/White.Collar.S06.1080p.WEBRip.x265-RARBG/White.Collar.S06E04.1080p.WEBRip.x265-RARBG.mp4,6,4,1358522,data/encodings/1358522/1358522_S06E04_51744_0.npy
2602,1080,1920,1,1179,1473,433,727,86436,0.042,51744,/home/amos/media/tv/White.Collar.S01-S06.1080p.BluRay.x265-RARBG/White.Collar.S06.1080p.WEBRip.x265-RARBG/White.Collar.S06E04.1080p.WEBRip.x265-RARBG.mp4,6,4,1358522,data/encodings/1358522/1358522_S06E04_51744_1.npy
2603,1080,1920,2,34,386,30,382,123904,0.06,51744,/home/amos/media/tv/White.Collar.S01-S06.1080p.BluRay.x265-RARBG/White.Collar.S06.1080p.WEBRip.x265-RARBG/White.Collar.S06E04.1080p.WEBRip.x265-RARBG.mp4,6,4,1358522,data/encodings/1358522/1358522_S06E04_51744_2.npy
2604,1080,1920,0,497,554,655,712,3249,0.002,51936,/home/amos/media/tv/White.Collar.S01-S06.1080p.BluRay.x265-RARBG/White.Collar.S06.1080p.WEBRip.x265-RARBG/White.Collar.S06E04.1080p.WEBRip.x265-RARBG.mp4,6,4,1358522,data/encodings/1358522/1358522_S06E04_51936_0.npy
2605,1080,1920,0,645,713,691,760,4692,0.002,51960,/home/amos/media/tv/White.Collar.S01-S06.1080p.BluRay.x265-RARBG/White.Collar.S06.1080p.WEBRip.x265-RARBG/White.Collar.S06E04.1080p.WEBRip.x265-RARBG.mp4,6,4,1358522,data/encodings/1358522/1358522_S06E04_51960_0.npy
2606,1080,1920,0,652,720,622,691,4692,0.002,51984,/home/amos/media/tv/White.Collar.S01-S06.1080p.BluRay.x265-RARBG/White.Collar.S06.1080p.WEBRip.x265-RARBG/White.Collar.S06E04.1080p.WEBRip.x265-RARBG.mp4,6,4,1358522,data/encodings/1358522/1358522_S06E04_51984_0.npy
2607,1080,1920,0,1064,1163,606,704,9702,0.005,52008,/home/amos/media/tv/White.Collar.S01-S06.1080p.BluRay.x265-RARBG/White.Collar.S06.1080p.WEBRip.x265-RARBG/White.Collar.S06E04.1080p.WEBRip.x265-RARBG.mp4,6,4,1358522,data/encodings/1358522/1358522_S06E04_52008_0.npy
2608,1080,1920,0,1085,1203,494,612,13924,0.007,52032,/home/amos/media/tv/White.Collar.S01-S06.1080p.BluRay.x265-RARBG/White.Collar.S06.1080p.WEBRip.x265-RARBG/White.Collar.S06E04.1080p.WEBRip.x265-RARBG.mp4,6,4,1358522,data/encodings/1358522/1358522_S06E04_52032_0.npy
2609,1080,1920,1,664,834,491,661,28900,0.014,52032,/home/amos/media/tv/White.Collar.S01-S06.1080p.BluRay.x265-RARBG/White.Collar.S06.1080p.WEBRip.x265-RARBG/White.Collar.S06E04.1080p.WEBRip.x265-RARBG.mp4,6,4,1358522,data/encodings/1358522/1358522_S06E04_52032_1.npy
2610,1080,1920,0,1104,1202,526,624,9604,0.005,52056,/home/amos/media/tv/White.Collar.S01-S06.1080p.BluRay.x265-RARBG/White.Collar.S06.1080p.WEBRip.x265-RARBG/White.Collar.S06E04.1080p.WEBRip.x265-RARBG.mp4,6,4,1358522,data/encodings/1358522/1358522_S06E04_52056_0.npy
2611,1080,1920,0,1098,1180,511,593,6724,0.003,52080,/home/amos/media/tv/White.Collar.S01-S06.1080p.BluRay.x265-RARBG/White.Collar.S06.1080p.WEBRip.x265-RARBG/White.Collar.S06E04.1080p.WEBRip.x265-RARBG.mp4,6,4,1358522,data/encodings/1358522/1358522_S06E04_52080_0.npy
2612,1080,1920,0,1106,1188,494,576,6724,0.003,52104,/home/amos/media/tv/White.Collar.S01-S06.1080p.BluRay.x265-RARBG/White.Collar.S06.1080p.WEBRip.x265-RARBG/White.Collar.S06E04.1080p.WEBRip.x265-RARBG.mp4,6,4,1358522,data/encodings/1358522/1358522_S06E04_52104_0.npy
2613,1080,1920,0,1073,1155,494,576,6724,0.003,52128,/home/amos/media/tv/White.Collar.S01-S06.1080p.BluRay.x265-RARBG/White.Collar.S06.1080p.WEBRip.x265-RARBG/White.Collar.S06E04.1080p.WEBRip.x265-RARBG.mp4,6,4,1358522,data/encodings/1358522/1358522_S06E04_52128_0.npy
2614,1080,1920,0,659,801,240,382,20164,0.01,52152,/home/amos/media/tv/White.Collar.S01-S06.1080p.BluRay.x265-RARBG/White.Collar.S06.1080p.WEBRip.x265-RARBG/White.Collar.S06E04.1080p.WEBRip.x265-RARBG.mp4,6,4,1358522,data/encodings/1358522/1358522_S06E04_52152_0.npy
2615,1080,1920,0,664,834,181,351,28900,0.014,52176,/home/amos/media/tv/White.Collar.S01-S06.1080p.BluRay.x265-RARBG/White.Collar.S06.1080p.WEBRip.x265-RARBG/White.Collar.S06E04.1080p.WEBRip.x265-RARBG.mp4,6,4,1358522,data/encodings/1358522/1358522_S06E04_52176_0.npy
2616,1080,1920,0,664,834,181,351,28900,0.014,52200,/home/amos/media/tv/White.Collar.S01-S06.1080p.BluRay.x265-RARBG/White.Collar.S06.1080p.WEBRip.x265-RARBG/White.Collar.S06E04.1080p.WEBRip.x265-RARBG.mp4,6,4,1358522,data/encodings/1358522/1358522_S06E04_52200_0.npy
2617,1080,1920,0,664,834,198,368,28900,0.014,52224,/home/amos/media/tv/White.Collar.S01-S06.1080p.BluRay.x265-RARBG/White.Collar.S06.1080p.WEBRip.x265-RARBG/White.Collar.S06E04.1080p.WEBRip.x265-RARBG.mp4,6,4,1358522,data/encodings/1358522/1358522_S06E04_52224_0.npy
2618,1080,1920,0,682,852,181,351,28900,0.014,52248,/home/amos/media/tv/White.Collar.S01-S06.1080p.BluRay.x265-RARBG/White.Collar.S06.1080p.WEBRip.x265-RARBG/White.Collar.S06E04.1080p.WEBRip.x265-RARBG.mp4,6,4,1358522,data/encodings/1358522/1358522_S06E04_52248_0.npy
2619,1080,1920,0,1129,1299,319,489,28900,0.014,52272,/home/amos/media/tv/White.Collar.S01-S06.1080p.BluRay.x265-RARBG/White.Collar.S06.1080p.WEBRip.x265-RARBG/White.Collar.S06E04.1080p.WEBRip.x265-RARBG.mp4,6,4,1358522,data/encodings/1358522/1358522_S06E04_52272_0.npy
2620,1080,1920,0,1215,1385,319,489,28900,0.014,52296,/home/amos/media/tv/White.Collar.S01-S06.1080p.BluRay.x265-RARBG/White.Collar.S06.1080p.WEBRip.x265-RARBG/White.Collar.S06E04.1080p.WEBRip.x265-RARBG.mp4,6,4,1358522,data/encodings/1358522/1358522_S06E04_52296_0.npy
2621,1080,1920,0,1112,1281,353,523,28730,0.014,52320,/home/amos/media/tv/White.Collar.S01-S06.1080p.BluRay.x265-RARBG/White.Collar.S06.1080p.WEBRip.x265-RARBG/White.Collar.S06E04.1080p.WEBRip.x265-RARBG.mp4,6,4,1358522,data/encodings/1358522/1358522_S06E04_52320_0.npy
2622,1080,1920,0,1318,1460,326,468,20164,0.01,52344,/home/amos/media/tv/White.Collar.S01-S06.1080p.BluRay.x265-RARBG/White.Collar.S06.1080p.WEBRip.x265-RARBG/White.Collar.S06E04.1080p.WEBRip.x265-RARBG.mp4,6,4,1358522,data/encodings/1358522/1358522_S06E04_52344_0.npy
2623,1080,1920,0,664,834,147,317,28900,0.014,52368,/home/amos/media/tv/White.Collar.S01-S06.1080p.BluRay.x265-RARBG/White.Collar.S06.1080p.WEBRip.x265-RARBG/White.Collar.S06E04.1080p.WEBRip.x265-RARBG.mp4,6,4,1358522,data/encodings/1358522/1358522_S06E04_52368_0.npy
2624,1080,1920,0,1249,1419,233,403,28900,0.014,52416,/home/amos/media/tv/White.Collar.S01-S06.1080p.BluRay.x265-RARBG/White.Collar.S06.1080p.WEBRip.x265-RARBG/White.Collar.S06E04.1080p.WEBRip.x265-RARBG.mp4,6,4,1358522,data/encodings/1358522/1358522_S06E04_52416_0.npy
2625,1080,1920,0,1239,1443,244,447,41412,0.02,52440,/home/amos/media/tv/White.Collar.S01-S06.1080p.BluRay.x265-RARBG/White.Collar.S06.1080p.WEBRip.x265-RARBG/White.Collar.S06E04.1080p.WEBRip.x265-RARBG.mp4,6,4,1358522,data/encodings/1358522/1358522_S06E04_52440_0.npy
2626,1080,1920,0,1239,1443,244,447,41412,0.02,52464,/home/amos/media/tv/White.Collar.S01-S06.1080p.BluRay.x265-RARBG/White.Collar.S06.1080p.WEBRip.x265-RARBG/White.Collar.S06E04.1080p.WEBRip.x265-RARBG.mp4,6,4,1358522,data/encodings/1358522/1358522_S06E04_52464_0.npy
2627,1080,1920,0,640,992,244,596,123904,0.06,52488,/home/amos/media/tv/White.Collar.S01-S06.1080p.BluRay.x265-RARBG/White.Collar.S06.1080p.WEBRip.x265-RARBG/White.Collar.S06E04.1080p.WEBRip.x265-RARBG.mp4,6,4,1358522,data/encodings/1358522/1358522_S06E04_52488_0.npy
2628,1080,1920,0,640,992,172,525,124256,0.06,52512,/home/amos/media/tv/White.Collar.S01-S06.1080p.BluRay.x265-RARBG/White.Collar.S06.1080p.WEBRip.x265-RARBG/White.Collar.S06E04.1080p.WEBRip.x265-RARBG.mp4,6,4,1358522,data/encodings/1358522/1358522_S06E04_52512_0.npy
2629,1080,1920,0,640,992,279,632,124256,0.06,52536,/home/amos/media/tv/White.Collar.S01-S06.1080p.BluRay.x265-RARBG/White.Collar.S06.1080p.WEBRip.x265-RARBG/White.Collar.S06E04.1080p.WEBRip.x265-RARBG.mp4,6,4,1358522,data/encodings/1358522/1358522_S06E04_52536_0.npy
2630,1080,1920,0,604,956,208,560,123904,0.06,52560,/home/amos/media/tv/White.Collar.S01-S06.1080p.BluRay.x265-RARBG/White.Collar.S06.1080p.WEBRip.x265-RARBG/White.Collar.S06E04.1080p.WEBRip.x265-RARBG.mp4,6,4,1358522,data/encodings/1358522/1358522_S06E04_52560_0.npy
2631,1080,1920,0,604,956,244,596,123904,0.06,52584,/home/amos/media/tv/White.Collar.S01-S06.1080p.BluRay.x265-RARBG/White.Collar.S06.1080p.WEBRip.x265-RARBG/White.Collar.S06E04.1080p.WEBRip.x265-RARBG.mp4,6,4,1358522,data/encodings/1358522/1358522_S06E04_52584_0.npy
2632,1080,1920,0,1032,1384,279,632,124256,0.06,52608,/home/amos/media/tv/White.Collar.S01-S06.1080p.BluRay.x265-RARBG/White.Collar.S06.1080p.WEBRip.x265-RARBG/White.Collar.S06E04.1080p.WEBRip.x265-RARBG.mp4,6,4,1358522,data/encodings/1358522/1358522_S06E04_52608_0.npy
2633,1080,1920,0,997,1349,315,667,123904,0.06,52632,/home/amos/media/tv/White.Collar.S01-S06.1080p.BluRay.x265-RARBG/White.Collar.S06.1080p.WEBRip.x265-RARBG/White.Collar.S06E04.1080p.WEBRip.x265-RARBG.mp4,6,4,1358522,data/encodings/1358522/1358522_S06E04_52632_0.npy
2634,1080,1920,0,961,1313,279,632,124256,0.06,52656,/home/amos/media/tv/White.Collar.S01-S06.1080p.BluRay.x265-RARBG/White.Collar.S06.1080p.WEBRip.x265-RARBG/White.Collar.S06E04.1080p.WEBRip.x265-RARBG.mp4,6,4,1358522,data/encodings/1358522/1358522_S06E04_52656_0.npy
2635,1080,1920,0,925,1277,315,667,123904,0.06,52680,/home/amos/media/tv/White.Collar.S01-S06.1080p.BluRay.x265-RARBG/White.Collar.S06.1080p.WEBRip.x265-RARBG/White.Collar.S06E04.1080p.WEBRip.x265-RARBG.mp4,6,4,1358522,data/encodings/1358522/1358522_S06E04_52680_0.npy
2636,1080,1920,0,890,1242,315,667,123904,0.06,52704,/home/amos/media/tv/White.Collar.S01-S06.1080p.BluRay.x265-RARBG/White.Collar.S06.1080p.WEBRip.x265-RARBG/White.Collar.S06E04.1080p.WEBRip.x265-RARBG.mp4,6,4,1358522,data/encodings/1358522/1358522_S06E04_52704_0.npy
2637,1080,1920,0,925,1277,315,667,123904,0.06,52728,/home/amos/media/tv/White.Collar.S01-S06.1080p.BluRay.x265-RARBG/White.Collar.S06.1080p.WEBRip.x265-RARBG/White.Collar.S06E04.1080p.WEBRip.x265-RARBG.mp4,6,4,1358522,data/encodings/1358522/1358522_S06E04_52728_0.npy
2638,1080,1920,0,554,977,175,598,178929,0.086,52752,/home/amos/media/tv/White.Collar.S01-S06.1080p.BluRay.x265-RARBG/White.Collar.S06.1080p.WEBRip.x265-RARBG/White.Collar.S06E04.1080p.WEBRip.x265-RARBG.mp4,6,4,1358522,data/encodings/1358522/1358522_S06E04_52752_0.npy
2639,1080,1920,0,426,849,218,640,178506,0.086,52776,/home/amos/media/tv/White.Collar.S01-S06.1080p.BluRay.x265-RARBG/White.Collar.S06.1080p.WEBRip.x265-RARBG/White.Collar.S06E04.1080p.WEBRip.x265-RARBG.mp4,6,4,1358522,data/encodings/1358522/1358522_S06E04_52776_0.npy
2640,1080,1920,0,426,849,175,598,178929,0.086,52800,/home/amos/media/tv/White.Collar.S01-S06.1080p.BluRay.x265-RARBG/White.Collar.S06.1080p.WEBRip.x265-RARBG/White.Collar.S06E04.1080p.WEBRip.x265-RARBG.mp4,6,4,1358522,data/encodings/1358522/1358522_S06E04_52800_0.npy
2641,1080,1920,0,533,885,208,560,123904,0.06,52824,/home/amos/media/tv/White.Collar.S01-S06.1080p.BluRay.x265-RARBG/White.Collar.S06.1080p.WEBRip.x265-RARBG/White.Collar.S06E04.1080p.WEBRip.x265-RARBG.mp4,6,4,1358522,data/encodings/1358522/1358522_S06E04_52824_0.npy
2642,1080,1920,0,462,814,244,596,123904,0.06,52848,/home/amos/media/tv/White.Collar.S01-S06.1080p.BluRay.x265-RARBG/White.Collar.S06.1080p.WEBRip.x265-RARBG/White.Collar.S06E04.1080p.WEBRip.x265-RARBG.mp4,6,4,1358522,data/encodings/1358522/1358522_S06E04_52848_0.npy
2643,1080,1920,0,497,849,279,632,124256,0.06,52872,/home/amos/media/tv/White.Collar.S01-S06.1080p.BluRay.x265-RARBG/White.Collar.S06.1080p.WEBRip.x265-RARBG/White.Collar.S06E04.1080p.WEBRip.x265-RARBG.mp4,6,4,1358522,data/encodings/1358522/1358522_S06E04_52872_0.npy
2644,1080,1920,0,497,849,208,560,123904,0.06,52896,/home/amos/media/tv/White.Collar.S01-S06.1080p.BluRay.x265-RARBG/White.Collar.S06.1080p.WEBRip.x265-RARBG/White.Collar.S06E04.1080p.WEBRip.x265-RARBG.mp4,6,4,1358522,data/encodings/1358522/1358522_S06E04_52896_0.npy
2645,1080,1920,0,997,1349,315,667,123904,0.06,52920,/home/amos/media/tv/White.Collar.S01-S06.1080p.BluRay.x265-RARBG/White.Collar.S06.1080p.WEBRip.x265-RARBG/White.Collar.S06E04.1080p.WEBRip.x265-RARBG.mp4,6,4,1358522,data/encodings/1358522/1358522_S06E04_52920_0.npy
2646,1080,1920,0,997,1349,315,667,123904,0.06,52944,/home/amos/media/tv/White.Collar.S01-S06.1080p.BluRay.x265-RARBG/White.Collar.S06.1080p.WEBRip.x265-RARBG/White.Collar.S06E04.1080p.WEBRip.x265-RARBG.mp4,6,4,1358522,data/encodings/1358522/1358522_S06E04_52944_0.npy
2647,1080,1920,0,1032,1384,315,667,123904,0.06,52968,/home/amos/media/tv/White.Collar.S01-S06.1080p.BluRay.x265-RARBG/White.Collar.S06.1080p.WEBRip.x265-RARBG/White.Collar.S06E04.1080p.WEBRip.x265-RARBG.mp4,6,4,1358522,data/encodings/1358522/1358522_S06E04_52968_0.npy
2648,1080,1920,0,426,778,172,525,124256,0.06,52992,/home/amos/media/tv/White.Collar.S01-S06.1080p.BluRay.x265-RARBG/White.Collar.S06.1080p.WEBRip.x265-RARBG/White.Collar.S06E04.1080p.WEBRip.x265-RARBG.mp4,6,4,1358522,data/encodings/1358522/1358522_S06E04_52992_0.npy
2649,1080,1920,0,426,778,172,525,124256,0.06,53016,/home/amos/media/tv/White.Collar.S01-S06.1080p.BluRay.x265-RARBG/White.Collar.S06.1080p.WEBRip.x265-RARBG/White.Collar.S06E04.1080p.WEBRip.x265-RARBG.mp4,6,4,1358522,data/encodings/1358522/1358522_S06E04_53016_0.npy
2650,1080,1920,0,1196,1619,218,640,178506,0.086,53040,/home/amos/media/tv/White.Collar.S01-S06.1080p.BluRay.x265-RARBG/White.Collar.S06.1080p.WEBRip.x265-RARBG/White.Collar.S06E04.1080p.WEBRip.x265-RARBG.mp4,6,4,1358522,data/encodings/1358522/1358522_S06E04_53040_0.npy
2651,1080,1920,0,1139,1491,244,596,123904,0.06,53064,/home/amos/media/tv/White.Collar.S01-S06.1080p.BluRay.x265-RARBG/White.Collar.S06.1080p.WEBRip.x265-RARBG/White.Collar.S06E04.1080p.WEBRip.x265-RARBG.mp4,6,4,1358522,data/encodings/1358522/1358522_S06E04_53064_0.npy
2652,1080,1920,0,1211,1563,279,632,124256,0.06,53088,/home/amos/media/tv/White.Collar.S01-S06.1080p.BluRay.x265-RARBG/White.Collar.S06.1080p.WEBRip.x265-RARBG/White.Collar.S06E04.1080p.WEBRip.x265-RARBG.mp4,6,4,1358522,data/encodings/1358522/1358522_S06E04_53088_0.npy
2653,1080,1920,0,497,849,244,596,123904,0.06,53112,/home/amos/media/tv/White.Collar.S01-S06.1080p.BluRay.x265-RARBG/White.Collar.S06.1080p.WEBRip.x265-RARBG/White.Collar.S06E04.1080p.WEBRip.x265-RARBG.mp4,6,4,1358522,data/encodings/1358522/1358522_S06E04_53112_0.npy
2654,1080,1920,0,497,849,244,596,123904,0.06,53136,/home/amos/media/tv/White.Collar.S01-S06.1080p.BluRay.x265-RARBG/White.Collar.S06.1080p.WEBRip.x265-RARBG/White.Collar.S06E04.1080p.WEBRip.x265-RARBG.mp4,6,4,1358522,data/encodings/1358522/1358522_S06E04_53136_0.npy
2655,1080,1920,0,1232,1402,181,351,28900,0.014,53160,/home/amos/media/tv/White.Collar.S01-S06.1080p.BluRay.x265-RARBG/White.Collar.S06.1080p.WEBRip.x265-RARBG/White.Collar.S06E04.1080p.WEBRip.x265-RARBG.mp4,6,4,1358522,data/encodings/1358522/1358522_S06E04_53160_0.npy
2656,1080,1920,0,1232,1402,181,351,28900,0.014,53184,/home/amos/media/tv/White.Collar.S01-S06.1080p.BluRay.x265-RARBG/White.Collar.S06.1080p.WEBRip.x265-RARBG/White.Collar.S06E04.1080p.WEBRip.x265-RARBG.mp4,6,4,1358522,data/encodings/1358522/1358522_S06E04_53184_0.npy
2657,1080,1920,0,558,762,99,303,41616,0.02,53208,/home/amos/media/tv/White.Collar.S01-S06.1080p.BluRay.x265-RARBG/White.Collar.S06.1080p.WEBRip.x265-RARBG/White.Collar.S06E04.1080p.WEBRip.x265-RARBG.mp4,6,4,1358522,data/encodings/1358522/1358522_S06E04_53208_0.npy
2658,1080,1920,0,558,803,107,351,59780,0.029,53232,/home/amos/media/tv/White.Collar.S01-S06.1080p.BluRay.x265-RARBG/White.Collar.S06.1080p.WEBRip.x265-RARBG/White.Collar.S06E04.1080p.WEBRip.x265-RARBG.mp4,6,4,1358522,data/encodings/1358522/1358522_S06E04_53232_0.npy
2659,1080,1920,0,578,782,140,344,41616,0.02,53256,/home/amos/media/tv/White.Collar.S01-S06.1080p.BluRay.x265-RARBG/White.Collar.S06.1080p.WEBRip.x265-RARBG/White.Collar.S06E04.1080p.WEBRip.x265-RARBG.mp4,6,4,1358522,data/encodings/1358522/1358522_S06E04_53256_0.npy
2660,1080,1920,0,462,814,244,596,123904,0.06,53280,/home/amos/media/tv/White.Collar.S01-S06.1080p.BluRay.x265-RARBG/White.Collar.S06.1080p.WEBRip.x265-RARBG/White.Collar.S06E04.1080p.WEBRip.x265-RARBG.mp4,6,4,1358522,data/encodings/1358522/1358522_S06E04_53280_0.npy
2661,1080,1920,0,462,814,208,560,123904,0.06,53304,/home/amos/media/tv/White.Collar.S01-S06.1080p.BluRay.x265-RARBG/White.Collar.S06.1080p.WEBRip.x265-RARBG/White.Collar.S06E04.1080p.WEBRip.x265-RARBG.mp4,6,4,1358522,data/encodings/1358522/1358522_S06E04_53304_0.npy
2662,1080,1920,0,497,849,244,596,123904,0.06,53328,/home/amos/media/tv/White.Collar.S01-S06.1080p.BluRay.x265-RARBG/White.Collar.S06.1080p.WEBRip.x265-RARBG/White.Collar.S06E04.1080p.WEBRip.x265-RARBG.mp4,6,4,1358522,data/encodings/1358522/1358522_S06E04_53328_0.npy
2663,1080,1920,0,961,1313,279,632,124256,0.06,53352,/home/amos/media/tv/White.Collar.S01-S06.1080p.BluRay.x265-RARBG/White.Collar.S06.1080p.WEBRip.x265-RARBG/White.Collar.S06E04.1080p.WEBRip.x265-RARBG.mp4,6,4,1358522,data/encodings/1358522/1358522_S06E04_53352_0.npy
2664,1080,1920,0,997,1349,279,632,124256,0.06,53376,/home/amos/media/tv/White.Collar.S01-S06.1080p.BluRay.x265-RARBG/White.Collar.S06.1080p.WEBRip.x265-RARBG/White.Collar.S06E04.1080p.WEBRip.x265-RARBG.mp4,6,4,1358522,data/encodings/1358522/1358522_S06E04_53376_0.npy
2665,1080,1920,0,997,1349,279,632,124256,0.06,53400,/home/amos/media/tv/White.Collar.S01-S06.1080p.BluRay.x265-RARBG/White.Collar.S06.1080p.WEBRip.x265-RARBG/White.Collar.S06E04.1080p.WEBRip.x265-RARBG.mp4,6,4,1358522,data/encodings/1358522/1358522_S06E04_53400_0.npy
2666,1080,1920,0,961,1313,279,632,124256,0.06,53424,/home/amos/media/tv/White.Collar.S01-S06.1080p.BluRay.x265-RARBG/White.Collar.S06.1080p.WEBRip.x265-RARBG/White.Collar.S06E04.1080p.WEBRip.x265-RARBG.mp4,6,4,1358522,data/encodings/1358522/1358522_S06E04_53424_0.npy
2667,1080,1920,0,940,1362,261,683,178084,0.086,53448,/home/amos/media/tv/White.Collar.S01-S06.1080p.BluRay.x265-RARBG/White.Collar.S06.1080p.WEBRip.x265-RARBG/White.Collar.S06E04.1080p.WEBRip.x265-RARBG.mp4,6,4,1358522,data/encodings/1358522/1358522_S06E04_53448_0.npy
2668,1080,1920,0,615,908,166,459,85849,0.041,53472,/home/amos/media/tv/White.Collar.S01-S06.1080p.BluRay.x265-RARBG/White.Collar.S06.1080p.WEBRip.x265-RARBG/White.Collar.S06E04.1080p.WEBRip.x265-RARBG.mp4,6,4,1358522,data/encodings/1358522/1358522_S06E04_53472_0.npy
2669,1080,1920,0,676,1028,315,667,123904,0.06,53496,/home/amos/media/tv/White.Collar.S01-S06.1080p.BluRay.x265-RARBG/White.Collar.S06.1080p.WEBRip.x265-RARBG/White.Collar.S06E04.1080p.WEBRip.x265-RARBG.mp4,6,4,1358522,data/encodings/1358522/1358522_S06E04_53496_0.npy
2670,1080,1920,0,533,885,208,560,123904,0.06,53520,/home/amos/media/tv/White.Collar.S01-S06.1080p.BluRay.x265-RARBG/White.Collar.S06.1080p.WEBRip.x265-RARBG/White.Collar.S06E04.1080p.WEBRip.x265-RARBG.mp4,6,4,1358522,data/encodings/1358522/1358522_S06E04_53520_0.npy
2671,1080,1920,0,1001,1295,314,608,86436,0.042,53544,/home/amos/media/tv/White.Collar.S01-S06.1080p.BluRay.x265-RARBG/White.Collar.S06.1080p.WEBRip.x265-RARBG/White.Collar.S06E04.1080p.WEBRip.x265-RARBG.mp4,6,4,1358522,data/encodings/1358522/1358522_S06E04_53544_0.npy
2672,1080,1920,0,178,685,313,820,257049,0.124,53664,/home/amos/media/tv/White.Collar.S01-S06.1080p.BluRay.x265-RARBG/White.Collar.S06.1080p.WEBRip.x265-RARBG/White.Collar.S06E04.1080p.WEBRip.x265-RARBG.mp4,6,4,1358522,data/encodings/1358522/1358522_S06E04_53664_0.npy
2673,1080,1920,0,298,720,89,512,178506,0.086,53688,/home/amos/media/tv/White.Collar.S01-S06.1080p.BluRay.x265-RARBG/White.Collar.S06.1080p.WEBRip.x265-RARBG/White.Collar.S06E04.1080p.WEBRip.x265-RARBG.mp4,6,4,1358522,data/encodings/1358522/1358522_S06E04_53688_0.npy
2674,1080,1920,0,512,934,218,640,178084,0.086,53712,/home/amos/media/tv/White.Collar.S01-S06.1080p.BluRay.x265-RARBG/White.Collar.S06.1080p.WEBRip.x265-RARBG/White.Collar.S06E04.1080p.WEBRip.x265-RARBG.mp4,6,4,1358522,data/encodings/1358522/1358522_S06E04_53712_0.npy
2675,1080,1920,0,1054,1153,645,744,9801,0.005,53736,/home/amos/media/tv/White.Collar.S01-S06.1080p.BluRay.x265-RARBG/White.Collar.S06.1080p.WEBRip.x265-RARBG/White.Collar.S06E04.1080p.WEBRip.x265-RARBG.mp4,6,4,1358522,data/encodings/1358522/1358522_S06E04_53736_0.npy
2676,1080,1920,0,1065,1147,652,734,6724,0.003,53760,/home/amos/media/tv/White.Collar.S01-S06.1080p.BluRay.x265-RARBG/White.Collar.S06.1080p.WEBRip.x265-RARBG/White.Collar.S06E04.1080p.WEBRip.x265-RARBG.mp4,6,4,1358522,data/encodings/1358522/1358522_S06E04_53760_0.npy
2677,1080,1920,0,1044,1143,645,744,9801,0.005,53784,/home/amos/media/tv/White.Collar.S01-S06.1080p.BluRay.x265-RARBG/White.Collar.S06.1080p.WEBRip.x265-RARBG/White.Collar.S06E04.1080p.WEBRip.x265-RARBG.mp4,6,4,1358522,data/encodings/1358522/1358522_S06E04_53784_0.npy
2678,1080,1920,0,1044,1143,645,744,9801,0.005,53808,/home/amos/media/tv/White.Collar.S01-S06.1080p.BluRay.x265-RARBG/White.Collar.S06.1080p.WEBRip.x265-RARBG/White.Collar.S06E04.1080p.WEBRip.x265-RARBG.mp4,6,4,1358522,data/encodings/1358522/1358522_S06E04_53808_0.npy
2679,1080,1920,0,426,849,303,726,178929,0.086,53832,/home/amos/media/tv/White.Collar.S01-S06.1080p.BluRay.x265-RARBG/White.Collar.S06.1080p.WEBRip.x265-RARBG/White.Collar.S06E04.1080p.WEBRip.x265-RARBG.mp4,6,4,1358522,data/encodings/1358522/1358522_S06E04_53832_0.npy
2680,1080,1920,0,426,849,175,598,178929,0.086,53856,/home/amos/media/tv/White.Collar.S01-S06.1080p.BluRay.x265-RARBG/White.Collar.S06.1080p.WEBRip.x265-RARBG/White.Collar.S06E04.1080p.WEBRip.x265-RARBG.mp4,6,4,1358522,data/encodings/1358522/1358522_S06E04_53856_0.npy
2681,1080,1920,0,383,806,261,683,178506,0.086,53880,/home/amos/media/tv/White.Collar.S01-S06.1080p.BluRay.x265-RARBG/White.Collar.S06.1080p.WEBRip.x265-RARBG/White.Collar.S06E04.1080p.WEBRip.x265-RARBG.mp4,6,4,1358522,data/encodings/1358522/1358522_S06E04_53880_0.npy
2682,1080,1920,0,1111,1533,303,726,178506,0.086,53904,/home/amos/media/tv/White.Collar.S01-S06.1080p.BluRay.x265-RARBG/White.Collar.S06.1080p.WEBRip.x265-RARBG/White.Collar.S06E04.1080p.WEBRip.x265-RARBG.mp4,6,4,1358522,data/encodings/1358522/1358522_S06E04_53904_0.npy
2683,1080,1920,0,1111,1533,303,726,178506,0.086,53928,/home/amos/media/tv/White.Collar.S01-S06.1080p.BluRay.x265-RARBG/White.Collar.S06.1080p.WEBRip.x265-RARBG/White.Collar.S06E04.1080p.WEBRip.x265-RARBG.mp4,6,4,1358522,data/encodings/1358522/1358522_S06E04_53928_0.npy
2684,1080,1920,0,1111,1533,303,726,178506,0.086,53952,/home/amos/media/tv/White.Collar.S01-S06.1080p.BluRay.x265-RARBG/White.Collar.S06.1080p.WEBRip.x265-RARBG/White.Collar.S06E04.1080p.WEBRip.x265-RARBG.mp4,6,4,1358522,data/encodings/1358522/1358522_S06E04_53952_0.npy
2685,1080,1920,0,615,908,195,489,86142,0.042,53976,/home/amos/media/tv/White.Collar.S01-S06.1080p.BluRay.x265-RARBG/White.Collar.S06.1080p.WEBRip.x265-RARBG/White.Collar.S06E04.1080p.WEBRip.x265-RARBG.mp4,6,4,1358522,data/encodings/1358522/1358522_S06E04_53976_0.npy
2686,1080,1920,0,633,877,255,500,59780,0.029,54000,/home/amos/media/tv/White.Collar.S01-S06.1080p.BluRay.x265-RARBG/White.Collar.S06.1080p.WEBRip.x265-RARBG/White.Collar.S06E04.1080p.WEBRip.x265-RARBG.mp4,6,4,1358522,data/encodings/1358522/1358522_S06E04_54000_0.npy
2687,1080,1920,0,583,828,231,475,59780,0.029,54024,/home/amos/media/tv/White.Collar.S01-S06.1080p.BluRay.x265-RARBG/White.Collar.S06.1080p.WEBRip.x265-RARBG/White.Collar.S06E04.1080p.WEBRip.x265-RARBG.mp4,6,4,1358522,data/encodings/1358522/1358522_S06E04_54024_0.npy
2688,1080,1920,0,558,803,132,376,59780,0.029,54048,/home/amos/media/tv/White.Collar.S01-S06.1080p.BluRay.x265-RARBG/White.Collar.S06.1080p.WEBRip.x265-RARBG/White.Collar.S06E04.1080p.WEBRip.x265-RARBG.mp4,6,4,1358522,data/encodings/1358522/1358522_S06E04_54048_0.npy
2689,1080,1920,0,1032,1384,351,703,123904,0.06,54072,/home/amos/media/tv/White.Collar.S01-S06.1080p.BluRay.x265-RARBG/White.Collar.S06.1080p.WEBRip.x265-RARBG/White.Collar.S06E04.1080p.WEBRip.x265-RARBG.mp4,6,4,1358522,data/encodings/1358522/1358522_S06E04_54072_0.npy
2690,1080,1920,0,1025,1448,303,726,178929,0.086,54096,/home/amos/media/tv/White.Collar.S01-S06.1080p.BluRay.x265-RARBG/White.Collar.S06.1080p.WEBRip.x265-RARBG/White.Collar.S06E04.1080p.WEBRip.x265-RARBG.mp4,6,4,1358522,data/encodings/1358522/1358522_S06E04_54096_0.npy
2691,1080,1920,0,509,753,181,426,59780,0.029,54120,/home/amos/media/tv/White.Collar.S01-S06.1080p.BluRay.x265-RARBG/White.Collar.S06.1080p.WEBRip.x265-RARBG/White.Collar.S06E04.1080p.WEBRip.x265-RARBG.mp4,6,4,1358522,data/encodings/1358522/1358522_S06E04_54120_0.npy
2692,1080,1920,0,578,782,223,427,41616,0.02,54144,/home/amos/media/tv/White.Collar.S01-S06.1080p.BluRay.x265-RARBG/White.Collar.S06.1080p.WEBRip.x265-RARBG/White.Collar.S06E04.1080p.WEBRip.x265-RARBG.mp4,6,4,1358522,data/encodings/1358522/1358522_S06E04_54144_0.npy
2693,1080,1920,0,455,658,202,406,41412,0.02,54168,/home/amos/media/tv/White.Collar.S01-S06.1080p.BluRay.x265-RARBG/White.Collar.S06.1080p.WEBRip.x265-RARBG/White.Collar.S06E04.1080p.WEBRip.x265-RARBG.mp4,6,4,1358522,data/encodings/1358522/1358522_S06E04_54168_0.npy
2694,1080,1920,0,1161,1302,341,482,19881,0.01,54192,/home/amos/media/tv/White.Collar.S01-S06.1080p.BluRay.x265-RARBG/White.Collar.S06.1080p.WEBRip.x265-RARBG/White.Collar.S06E04.1080p.WEBRip.x265-RARBG.mp4,6,4,1358522,data/encodings/1358522/1358522_S06E04_54192_0.npy
2695,1080,1920,0,785,989,264,468,41616,0.02,54216,/home/amos/media/tv/White.Collar.S01-S06.1080p.BluRay.x265-RARBG/White.Collar.S06.1080p.WEBRip.x265-RARBG/White.Collar.S06E04.1080p.WEBRip.x265-RARBG.mp4,6,4,1358522,data/encodings/1358522/1358522_S06E04_54216_0.npy
2696,1080,1920,0,507,605,347,445,9604,0.005,54240,/home/amos/media/tv/White.Collar.S01-S06.1080p.BluRay.x265-RARBG/White.Collar.S06.1080p.WEBRip.x265-RARBG/White.Collar.S06E04.1080p.WEBRip.x265-RARBG.mp4,6,4,1358522,data/encodings/1358522/1358522_S06E04_54240_0.npy
2697,1080,1920,0,975,1073,277,375,9604,0.005,54312,/home/amos/media/tv/White.Collar.S01-S06.1080p.BluRay.x265-RARBG/White.Collar.S06.1080p.WEBRip.x265-RARBG/White.Collar.S06E04.1080p.WEBRip.x265-RARBG.mp4,6,4,1358522,data/encodings/1358522/1358522_S06E04_54312_0.npy
2698,1080,1920,0,1061,1179,184,302,13924,0.007,54336,/home/amos/media/tv/White.Collar.S01-S06.1080p.BluRay.x265-RARBG/White.Collar.S06.1080p.WEBRip.x265-RARBG/White.Collar.S06E04.1080p.WEBRip.x265-RARBG.mp4,6,4,1358522,data/encodings/1358522/1358522_S06E04_54336_0.npy
2699,1080,1920,1,706,804,357,455,9604,0.005,54336,/home/amos/media/tv/White.Collar.S01-S06.1080p.BluRay.x265-RARBG/White.Collar.S06.1080p.WEBRip.x265-RARBG/White.Collar.S06E04.1080p.WEBRip.x265-RARBG.mp4,6,4,1358522,data/encodings/1358522/1358522_S06E04_54336_1.npy
2700,1080,1920,0,444,586,312,454,20164,0.01,54360,/home/amos/media/tv/White.Collar.S01-S06.1080p.BluRay.x265-RARBG/White.Collar.S06.1080p.WEBRip.x265-RARBG/White.Collar.S06E04.1080p.WEBRip.x265-RARBG.mp4,6,4,1358522,data/encodings/1358522/1358522_S06E04_54360_0.npy
2701,1080,1920,1,1487,1690,409,613,41412,0.02,54360,/home/amos/media/tv/White.Collar.S01-S06.1080p.BluRay.x265-RARBG/White.Collar.S06.1080p.WEBRip.x265-RARBG/White.Collar.S06E04.1080p.WEBRip.x265-RARBG.mp4,6,4,1358522,data/encodings/1358522/1358522_S06E04_54360_1.npy
2702,1080,1920,0,912,1205,374,667,85849,0.041,54384,/home/amos/media/tv/White.Collar.S01-S06.1080p.BluRay.x265-RARBG/White.Collar.S06.1080p.WEBRip.x265-RARBG/White.Collar.S06E04.1080p.WEBRip.x265-RARBG.mp4,6,4,1358522,data/encodings/1358522/1358522_S06E04_54384_0.npy
2703,1080,1920,0,517,599,187,269,6724,0.003,54408,/home/amos/media/tv/White.Collar.S01-S06.1080p.BluRay.x265-RARBG/White.Collar.S06.1080p.WEBRip.x265-RARBG/White.Collar.S06E04.1080p.WEBRip.x265-RARBG.mp4,6,4,1358522,data/encodings/1358522/1358522_S06E04_54408_0.npy
2704,1080,1920,0,303,351,245,292,2256,0.001,54432,/home/amos/media/tv/White.Collar.S01-S06.1080p.BluRay.x265-RARBG/White.Collar.S06.1080p.WEBRip.x265-RARBG/White.Collar.S06E04.1080p.WEBRip.x265-RARBG.mp4,6,4,1358522,data/encodings/1358522/1358522_S06E04_54432_0.npy
2705,1080,1920,0,1343,1441,247,346,9702,0.005,54480,/home/amos/media/tv/White.Collar.S01-S06.1080p.BluRay.x265-RARBG/White.Collar.S06.1080p.WEBRip.x265-RARBG/White.Collar.S06E04.1080p.WEBRip.x265-RARBG.mp4,6,4,1358522,data/encodings/1358522/1358522_S06E04_54480_0.npy
2706,1080,1920,1,960,1102,126,267,20022,0.01,54480,/home/amos/media/tv/White.Collar.S01-S06.1080p.BluRay.x265-RARBG/White.Collar.S06.1080p.WEBRip.x265-RARBG/White.Collar.S06E04.1080p.WEBRip.x265-RARBG.mp4,6,4,1358522,data/encodings/1358522/1358522_S06E04_54480_1.npy
2707,1080,1920,0,734,1027,166,459,85849,0.041,54504,/home/amos/media/tv/White.Collar.S01-S06.1080p.BluRay.x265-RARBG/White.Collar.S06.1080p.WEBRip.x265-RARBG/White.Collar.S06E04.1080p.WEBRip.x265-RARBG.mp4,6,4,1358522,data/encodings/1358522/1358522_S06E04_54504_0.npy
2708,1080,1920,0,1204,1345,212,353,19881,0.01,54528,/home/amos/media/tv/White.Collar.S01-S06.1080p.BluRay.x265-RARBG/White.Collar.S06.1080p.WEBRip.x265-RARBG/White.Collar.S06E04.1080p.WEBRip.x265-RARBG.mp4,6,4,1358522,data/encodings/1358522/1358522_S06E04_54528_0.npy
2709,1080,1920,0,875,973,208,306,9604,0.005,54552,/home/amos/media/tv/White.Collar.S01-S06.1080p.BluRay.x265-RARBG/White.Collar.S06.1080p.WEBRip.x265-RARBG/White.Collar.S06E04.1080p.WEBRip.x265-RARBG.mp4,6,4,1358522,data/encodings/1358522/1358522_S06E04_54552_0.npy
2710,1080,1920,1,750,832,220,302,6724,0.003,54552,/home/amos/media/tv/White.Collar.S01-S06.1080p.BluRay.x265-RARBG/White.Collar.S06.1080p.WEBRip.x265-RARBG/White.Collar.S06E04.1080p.WEBRip.x265-RARBG.mp4,6,4,1358522,data/encodings/1358522/1358522_S06E04_54552_1.npy
2711,1080,1920,0,915,1013,208,306,9604,0.005,54576,/home/amos/media/tv/White.Collar.S01-S06.1080p.BluRay.x265-RARBG/White.Collar.S06.1080p.WEBRip.x265-RARBG/White.Collar.S06E04.1080p.WEBRip.x265-RARBG.mp4,6,4,1358522,data/encodings/1358522/1358522_S06E04_54576_0.npy
2712,1080,1920,0,716,814,188,286,9604,0.005,54600,/home/amos/media/tv/White.Collar.S01-S06.1080p.BluRay.x265-RARBG/White.Collar.S06.1080p.WEBRip.x265-RARBG/White.Collar.S06E04.1080p.WEBRip.x265-RARBG.mp4,6,4,1358522,data/encodings/1358522/1358522_S06E04_54600_0.npy
2713,1080,1920,1,935,1033,208,306,9604,0.005,54600,/home/amos/media/tv/White.Collar.S01-S06.1080p.BluRay.x265-RARBG/White.Collar.S06.1080p.WEBRip.x265-RARBG/White.Collar.S06E04.1080p.WEBRip.x265-RARBG.mp4,6,4,1358522,data/encodings/1358522/1358522_S06E04_54600_1.npy
2714,1080,1920,0,696,794,188,286,9604,0.005,54624,/home/amos/media/tv/White.Collar.S01-S06.1080p.BluRay.x265-RARBG/White.Collar.S06.1080p.WEBRip.x265-RARBG/White.Collar.S06E04.1080p.WEBRip.x265-RARBG.mp4,6,4,1358522,data/encodings/1358522/1358522_S06E04_54624_0.npy
2715,1080,1920,1,955,1053,208,306,9604,0.005,54624,/home/amos/media/tv/White.Collar.S01-S06.1080p.BluRay.x265-RARBG/White.Collar.S06.1080p.WEBRip.x265-RARBG/White.Collar.S06E04.1080p.WEBRip.x265-RARBG.mp4,6,4,1358522,data/encodings/1358522/1358522_S06E04_54624_1.npy
2716,1080,1920,0,1239,1532,195,489,86142,0.042,54648,/home/amos/media/tv/White.Collar.S01-S06.1080p.BluRay.x265-RARBG/White.Collar.S06.1080p.WEBRip.x265-RARBG/White.Collar.S06E04.1080p.WEBRip.x265-RARBG.mp4,6,4,1358522,data/encodings/1358522/1358522_S06E04_54648_0.npy
2717,1080,1920,0,435,942,262,769,257049,0.124,54672,/home/amos/media/tv/White.Collar.S01-S06.1080p.BluRay.x265-RARBG/White.Collar.S06.1080p.WEBRip.x265-RARBG/White.Collar.S06E04.1080p.WEBRip.x265-RARBG.mp4,6,4,1358522,data/encodings/1358522/1358522_S06E04_54672_0.npy
2718,1080,1920,0,589,1096,210,717,257049,0.124,54696,/home/amos/media/tv/White.Collar.S01-S06.1080p.BluRay.x265-RARBG/White.Collar.S06.1080p.WEBRip.x265-RARBG/White.Collar.S06E04.1080p.WEBRip.x265-RARBG.mp4,6,4,1358522,data/encodings/1358522/1358522_S06E04_54696_0.npy
2719,1080,1920,0,1031,1324,166,459,85849,0.041,54720,/home/amos/media/tv/White.Collar.S01-S06.1080p.BluRay.x265-RARBG/White.Collar.S06.1080p.WEBRip.x265-RARBG/White.Collar.S06E04.1080p.WEBRip.x265-RARBG.mp4,6,4,1358522,data/encodings/1358522/1358522_S06E04_54720_0.npy
2720,1080,1920,1,426,778,137,489,123904,0.06,54720,/home/amos/media/tv/White.Collar.S01-S06.1080p.BluRay.x265-RARBG/White.Collar.S06.1080p.WEBRip.x265-RARBG/White.Collar.S06E04.1080p.WEBRip.x265-RARBG.mp4,6,4,1358522,data/encodings/1358522/1358522_S06E04_54720_1.npy
2721,1080,1920,0,818,1170,208,560,123904,0.06,54744,/home/amos/media/tv/White.Collar.S01-S06.1080p.BluRay.x265-RARBG/White.Collar.S06.1080p.WEBRip.x265-RARBG/White.Collar.S06E04.1080p.WEBRip.x265-RARBG.mp4,6,4,1358522,data/encodings/1358522/1358522_S06E04_54744_0.npy
2722,1080,1920,1,1358,1651,314,608,86142,0.042,54744,/home/amos/media/tv/White.Collar.S01-S06.1080p.BluRay.x265-RARBG/White.Collar.S06.1080p.WEBRip.x265-RARBG/White.Collar.S06E04.1080p.WEBRip.x265-RARBG.mp4,6,4,1358522,data/encodings/1358522/1358522_S06E04_54744_1.npy
2723,1080,1920,0,897,1319,218,640,178084,0.086,54768,/home/amos/media/tv/White.Collar.S01-S06.1080p.BluRay.x265-RARBG/White.Collar.S06.1080p.WEBRip.x265-RARBG/White.Collar.S06E04.1080p.WEBRip.x265-RARBG.mp4,6,4,1358522,data/encodings/1358522/1358522_S06E04_54768_0.npy
2724,1080,1920,1,1417,1711,344,637,86142,0.042,54768,/home/amos/media/tv/White.Collar.S01-S06.1080p.BluRay.x265-RARBG/White.Collar.S06.1080p.WEBRip.x265-RARBG/White.Collar.S06E04.1080p.WEBRip.x265-RARBG.mp4,6,4,1358522,data/encodings/1358522/1358522_S06E04_54768_1.npy
2725,1080,1920,0,1247,1388,197,339,20022,0.01,54792,/home/amos/media/tv/White.Collar.S01-S06.1080p.BluRay.x265-RARBG/White.Collar.S06.1080p.WEBRip.x265-RARBG/White.Collar.S06E04.1080p.WEBRip.x265-RARBG.mp4,6,4,1358522,data/encodings/1358522/1358522_S06E04_54792_0.npy
2726,1080,1920,0,286,530,231,475,59536,0.029,54816,/home/amos/media/tv/White.Collar.S01-S06.1080p.BluRay.x265-RARBG/White.Collar.S06.1080p.WEBRip.x265-RARBG/White.Collar.S06E04.1080p.WEBRip.x265-RARBG.mp4,6,4,1358522,data/encodings/1358522/1358522_S06E04_54816_0.npy
2727,1080,1920,1,823,1116,255,548,85849,0.041,54816,/home/amos/media/tv/White.Collar.S01-S06.1080p.BluRay.x265-RARBG/White.Collar.S06.1080p.WEBRip.x265-RARBG/White.Collar.S06E04.1080p.WEBRip.x265-RARBG.mp4,6,4,1358522,data/encodings/1358522/1358522_S06E04_54816_1.npy
2728,1080,1920,0,1179,1473,225,519,86436,0.042,54864,/home/amos/media/tv/White.Collar.S01-S06.1080p.BluRay.x265-RARBG/White.Collar.S06.1080p.WEBRip.x265-RARBG/White.Collar.S06E04.1080p.WEBRip.x265-RARBG.mp4,6,4,1358522,data/encodings/1358522/1358522_S06E04_54864_0.npy
2729,1080,1920,0,1150,1443,255,548,85849,0.041,54888,/home/amos/media/tv/White.Collar.S01-S06.1080p.BluRay.x265-RARBG/White.Collar.S06.1080p.WEBRip.x265-RARBG/White.Collar.S06E04.1080p.WEBRip.x265-RARBG.mp4,6,4,1358522,data/encodings/1358522/1358522_S06E04_54888_0.npy
2730,1080,1920,0,1104,1456,279,632,124256,0.06,54912,/home/amos/media/tv/White.Collar.S01-S06.1080p.BluRay.x265-RARBG/White.Collar.S06.1080p.WEBRip.x265-RARBG/White.Collar.S06E04.1080p.WEBRip.x265-RARBG.mp4,6,4,1358522,data/encodings/1358522/1358522_S06E04_54912_0.npy
2731,1080,1920,0,1175,1527,244,596,123904,0.06,54936,/home/amos/media/tv/White.Collar.S01-S06.1080p.BluRay.x265-RARBG/White.Collar.S06.1080p.WEBRip.x265-RARBG/White.Collar.S06E04.1080p.WEBRip.x265-RARBG.mp4,6,4,1358522,data/encodings/1358522/1358522_S06E04_54936_0.npy
2732,1080,1920,0,615,908,195,489,86142,0.042,54960,/home/amos/media/tv/White.Collar.S01-S06.1080p.BluRay.x265-RARBG/White.Collar.S06.1080p.WEBRip.x265-RARBG/White.Collar.S06E04.1080p.WEBRip.x265-RARBG.mp4,6,4,1358522,data/encodings/1358522/1358522_S06E04_54960_0.npy
2733,1080,1920,1,169,462,195,489,86142,0.042,54960,/home/amos/media/tv/White.Collar.S01-S06.1080p.BluRay.x265-RARBG/White.Collar.S06.1080p.WEBRip.x265-RARBG/White.Collar.S06E04.1080p.WEBRip.x265-RARBG.mp4,6,4,1358522,data/encodings/1358522/1358522_S06E04_54960_1.npy
2734,1080,1920,0,615,908,195,489,86142,0.042,54984,/home/amos/media/tv/White.Collar.S01-S06.1080p.BluRay.x265-RARBG/White.Collar.S06.1080p.WEBRip.x265-RARBG/White.Collar.S06E04.1080p.WEBRip.x265-RARBG.mp4,6,4,1358522,data/encodings/1358522/1358522_S06E04_54984_0.npy
2735,1080,1920,1,169,462,166,459,85849,0.041,54984,/home/amos/media/tv/White.Collar.S01-S06.1080p.BluRay.x265-RARBG/White.Collar.S06.1080p.WEBRip.x265-RARBG/White.Collar.S06E04.1080p.WEBRip.x265-RARBG.mp4,6,4,1358522,data/encodings/1358522/1358522_S06E04_54984_1.npy
2736,1080,1920,0,585,878,166,459,85849,0.041,55008,/home/amos/media/tv/White.Collar.S01-S06.1080p.BluRay.x265-RARBG/White.Collar.S06.1080p.WEBRip.x265-RARBG/White.Collar.S06E04.1080p.WEBRip.x265-RARBG.mp4,6,4,1358522,data/encodings/1358522/1358522_S06E04_55008_0.npy
2737,1080,1920,1,169,462,166,459,85849,0.041,55008,/home/amos/media/tv/White.Collar.S01-S06.1080p.BluRay.x265-RARBG/White.Collar.S06.1080p.WEBRip.x265-RARBG/White.Collar.S06E04.1080p.WEBRip.x265-RARBG.mp4,6,4,1358522,data/encodings/1358522/1358522_S06E04_55008_1.npy
2738,1080,1920,0,462,814,172,525,124256,0.06,55032,/home/amos/media/tv/White.Collar.S01-S06.1080p.BluRay.x265-RARBG/White.Collar.S06.1080p.WEBRip.x265-RARBG/White.Collar.S06E04.1080p.WEBRip.x265-RARBG.mp4,6,4,1358522,data/encodings/1358522/1358522_S06E04_55032_0.npy
2739,1080,1920,1,139,433,166,459,86142,0.042,55032,/home/amos/media/tv/White.Collar.S01-S06.1080p.BluRay.x265-RARBG/White.Collar.S06.1080p.WEBRip.x265-RARBG/White.Collar.S06E04.1080p.WEBRip.x265-RARBG.mp4,6,4,1358522,data/encodings/1358522/1358522_S06E04_55032_1.npy
2740,1080,1920,0,426,778,208,560,123904,0.06,55056,/home/amos/media/tv/White.Collar.S01-S06.1080p.BluRay.x265-RARBG/White.Collar.S06.1080p.WEBRip.x265-RARBG/White.Collar.S06E04.1080p.WEBRip.x265-RARBG.mp4,6,4,1358522,data/encodings/1358522/1358522_S06E04_55056_0.npy
2741,1080,1920,1,187,431,181,426,59780,0.029,55056,/home/amos/media/tv/White.Collar.S01-S06.1080p.BluRay.x265-RARBG/White.Collar.S06.1080p.WEBRip.x265-RARBG/White.Collar.S06E04.1080p.WEBRip.x265-RARBG.mp4,6,4,1358522,data/encodings/1358522/1358522_S06E04_55056_1.npy
2742,1080,1920,0,890,1242,351,703,123904,0.06,55080,/home/amos/media/tv/White.Collar.S01-S06.1080p.BluRay.x265-RARBG/White.Collar.S06.1080p.WEBRip.x265-RARBG/White.Collar.S06E04.1080p.WEBRip.x265-RARBG.mp4,6,4,1358522,data/encodings/1358522/1358522_S06E04_55080_0.npy
2743,1080,1920,0,169,462,136,429,85849,0.041,55104,/home/amos/media/tv/White.Collar.S01-S06.1080p.BluRay.x265-RARBG/White.Collar.S06.1080p.WEBRip.x265-RARBG/White.Collar.S06E04.1080p.WEBRip.x265-RARBG.mp4,6,4,1358522,data/encodings/1358522/1358522_S06E04_55104_0.npy
2744,1080,1920,0,633,877,280,525,59780,0.029,55152,/home/amos/media/tv/White.Collar.S01-S06.1080p.BluRay.x265-RARBG/White.Collar.S06.1080p.WEBRip.x265-RARBG/White.Collar.S06E04.1080p.WEBRip.x265-RARBG.mp4,6,4,1358522,data/encodings/1358522/1358522_S06E04_55152_0.npy
2745,1080,1920,0,486,993,210,717,257049,0.124,55176,/home/amos/media/tv/White.Collar.S01-S06.1080p.BluRay.x265-RARBG/White.Collar.S06.1080p.WEBRip.x265-RARBG/White.Collar.S06E04.1080p.WEBRip.x265-RARBG.mp4,6,4,1358522,data/encodings/1358522/1358522_S06E04_55176_0.npy
2746,1080,1920,0,207,411,367,571,41616,0.02,55200,/home/amos/media/tv/White.Collar.S01-S06.1080p.BluRay.x265-RARBG/White.Collar.S06.1080p.WEBRip.x265-RARBG/White.Collar.S06E04.1080p.WEBRip.x265-RARBG.mp4,6,4,1358522,data/encodings/1358522/1358522_S06E04_55200_0.npy
2747,1080,1920,1,599,803,244,447,41412,0.02,55200,/home/amos/media/tv/White.Collar.S01-S06.1080p.BluRay.x265-RARBG/White.Collar.S06.1080p.WEBRip.x265-RARBG/White.Collar.S06E04.1080p.WEBRip.x265-RARBG.mp4,6,4,1358522,data/encodings/1358522/1358522_S06E04_55200_1.npy
2748,1080,1920,0,207,411,388,592,41616,0.02,55224,/home/amos/media/tv/White.Collar.S01-S06.1080p.BluRay.x265-RARBG/White.Collar.S06.1080p.WEBRip.x265-RARBG/White.Collar.S06E04.1080p.WEBRip.x265-RARBG.mp4,6,4,1358522,data/encodings/1358522/1358522_S06E04_55224_0.npy
2749,1080,1920,1,558,803,255,500,60025,0.029,55224,/home/amos/media/tv/White.Collar.S01-S06.1080p.BluRay.x265-RARBG/White.Collar.S06.1080p.WEBRip.x265-RARBG/White.Collar.S06E04.1080p.WEBRip.x265-RARBG.mp4,6,4,1358522,data/encodings/1358522/1358522_S06E04_55224_1.npy
2750,1080,1920,2,1115,1319,388,592,41616,0.02,55224,/home/amos/media/tv/White.Collar.S01-S06.1080p.BluRay.x265-RARBG/White.Collar.S06.1080p.WEBRip.x265-RARBG/White.Collar.S06E04.1080p.WEBRip.x265-RARBG.mp4,6,4,1358522,data/encodings/1358522/1358522_S06E04_55224_2.npy
2751,1080,1920,0,613,783,216,385,28730,0.014,55392,/home/amos/media/tv/White.Collar.S01-S06.1080p.BluRay.x265-RARBG/White.Collar.S06.1080p.WEBRip.x265-RARBG/White.Collar.S06E04.1080p.WEBRip.x265-RARBG.mp4,6,4,1358522,data/encodings/1358522/1358522_S06E04_55392_0.npy
2752,1080,1920,0,768,938,216,385,28730,0.014,55416,/home/amos/media/tv/White.Collar.S01-S06.1080p.BluRay.x265-RARBG/White.Collar.S06.1080p.WEBRip.x265-RARBG/White.Collar.S06E04.1080p.WEBRip.x265-RARBG.mp4,6,4,1358522,data/encodings/1358522/1358522_S06E04_55416_0.npy
2753,1080,1920,0,903,1044,197,339,20022,0.01,55464,/home/amos/media/tv/White.Collar.S01-S06.1080p.BluRay.x265-RARBG/White.Collar.S06.1080p.WEBRip.x265-RARBG/White.Collar.S06E04.1080p.WEBRip.x265-RARBG.mp4,6,4,1358522,data/encodings/1358522/1358522_S06E04_55464_0.npy
2754,1080,1920,0,961,1313,244,596,123904,0.06,55488,/home/amos/media/tv/White.Collar.S01-S06.1080p.BluRay.x265-RARBG/White.Collar.S06.1080p.WEBRip.x265-RARBG/White.Collar.S06E04.1080p.WEBRip.x265-RARBG.mp4,6,4,1358522,data/encodings/1358522/1358522_S06E04_55488_0.npy
2755,1080,1920,0,1001,1295,195,489,86436,0.042,55512,/home/amos/media/tv/White.Collar.S01-S06.1080p.BluRay.x265-RARBG/White.Collar.S06.1080p.WEBRip.x265-RARBG/White.Collar.S06E04.1080p.WEBRip.x265-RARBG.mp4,6,4,1358522,data/encodings/1358522/1358522_S06E04_55512_0.npy
2756,1080,1920,0,942,1235,225,519,86142,0.042,55536,/home/amos/media/tv/White.Collar.S01-S06.1080p.BluRay.x265-RARBG/White.Collar.S06.1080p.WEBRip.x265-RARBG/White.Collar.S06E04.1080p.WEBRip.x265-RARBG.mp4,6,4,1358522,data/encodings/1358522/1358522_S06E04_55536_0.npy
2757,1080,1920,0,683,1105,261,683,178084,0.086,55560,/home/amos/media/tv/White.Collar.S01-S06.1080p.BluRay.x265-RARBG/White.Collar.S06.1080p.WEBRip.x265-RARBG/White.Collar.S06E04.1080p.WEBRip.x265-RARBG.mp4,6,4,1358522,data/encodings/1358522/1358522_S06E04_55560_0.npy
2758,1080,1920,0,676,1028,244,596,123904,0.06,55584,/home/amos/media/tv/White.Collar.S01-S06.1080p.BluRay.x265-RARBG/White.Collar.S06.1080p.WEBRip.x265-RARBG/White.Collar.S06E04.1080p.WEBRip.x265-RARBG.mp4,6,4,1358522,data/encodings/1358522/1358522_S06E04_55584_0.npy
2759,1080,1920,0,640,1063,218,640,178506,0.086,55608,/home/amos/media/tv/White.Collar.S01-S06.1080p.BluRay.x265-RARBG/White.Collar.S06.1080p.WEBRip.x265-RARBG/White.Collar.S06E04.1080p.WEBRip.x265-RARBG.mp4,6,4,1358522,data/encodings/1358522/1358522_S06E04_55608_0.npy
2760,1080,1920,0,1031,1324,225,519,86142,0.042,55632,/home/amos/media/tv/White.Collar.S01-S06.1080p.BluRay.x265-RARBG/White.Collar.S06.1080p.WEBRip.x265-RARBG/White.Collar.S06E04.1080p.WEBRip.x265-RARBG.mp4,6,4,1358522,data/encodings/1358522/1358522_S06E04_55632_0.npy
2761,1080,1920,0,1061,1354,195,489,86142,0.042,55656,/home/amos/media/tv/White.Collar.S01-S06.1080p.BluRay.x265-RARBG/White.Collar.S06.1080p.WEBRip.x265-RARBG/White.Collar.S06E04.1080p.WEBRip.x265-RARBG.mp4,6,4,1358522,data/encodings/1358522/1358522_S06E04_55656_0.npy
2762,1080,1920,0,793,1087,195,489,86436,0.042,55680,/home/amos/media/tv/White.Collar.S01-S06.1080p.BluRay.x265-RARBG/White.Collar.S06.1080p.WEBRip.x265-RARBG/White.Collar.S06E04.1080p.WEBRip.x265-RARBG.mp4,6,4,1358522,data/encodings/1358522/1358522_S06E04_55680_0.npy
2763,1080,1920,0,783,1135,208,560,123904,0.06,55704,/home/amos/media/tv/White.Collar.S01-S06.1080p.BluRay.x265-RARBG/White.Collar.S06.1080p.WEBRip.x265-RARBG/White.Collar.S06E04.1080p.WEBRip.x265-RARBG.mp4,6,4,1358522,data/encodings/1358522/1358522_S06E04_55704_0.npy
2764,1080,1920,0,768,1191,218,640,178506,0.086,55800,/home/amos/media/tv/White.Collar.S01-S06.1080p.BluRay.x265-RARBG/White.Collar.S06.1080p.WEBRip.x265-RARBG/White.Collar.S06E04.1080p.WEBRip.x265-RARBG.mp4,6,4,1358522,data/encodings/1358522/1358522_S06E04_55800_0.npy
2765,1080,1920,0,683,1105,218,640,178084,0.086,55824,/home/amos/media/tv/White.Collar.S01-S06.1080p.BluRay.x265-RARBG/White.Collar.S06.1080p.WEBRip.x265-RARBG/White.Collar.S06E04.1080p.WEBRip.x265-RARBG.mp4,6,4,1358522,data/encodings/1358522/1358522_S06E04_55824_0.npy
2766,1080,1920,0,961,1313,172,525,124256,0.06,55848,/home/amos/media/tv/White.Collar.S01-S06.1080p.BluRay.x265-RARBG/White.Collar.S06.1080p.WEBRip.x265-RARBG/White.Collar.S06E04.1080p.WEBRip.x265-RARBG.mp4,6,4,1358522,data/encodings/1358522/1358522_S06E04_55848_0.npy
2767,1080,1920,0,683,1105,175,598,178506,0.086,55872,/home/amos/media/tv/White.Collar.S01-S06.1080p.BluRay.x265-RARBG/White.Collar.S06.1080p.WEBRip.x265-RARBG/White.Collar.S06E04.1080p.WEBRip.x265-RARBG.mp4,6,4,1358522,data/encodings/1358522/1358522_S06E04_55872_0.npy
2768,1080,1920,0,759,901,298,439,20022,0.01,55896,/home/amos/media/tv/White.Collar.S01-S06.1080p.BluRay.x265-RARBG/White.Collar.S06.1080p.WEBRip.x265-RARBG/White.Collar.S06E04.1080p.WEBRip.x265-RARBG.mp4,6,4,1358522,data/encodings/1358522/1358522_S06E04_55896_0.npy
2769,1080,1920,0,989,1130,312,454,20022,0.01,55920,/home/amos/media/tv/White.Collar.S01-S06.1080p.BluRay.x265-RARBG/White.Collar.S06.1080p.WEBRip.x265-RARBG/White.Collar.S06E04.1080p.WEBRip.x265-RARBG.mp4,6,4,1358522,data/encodings/1358522/1358522_S06E04_55920_0.npy
2770,1080,1920,1,558,762,78,282,41616,0.02,55920,/home/amos/media/tv/White.Collar.S01-S06.1080p.BluRay.x265-RARBG/White.Collar.S06.1080p.WEBRip.x265-RARBG/White.Collar.S06E04.1080p.WEBRip.x265-RARBG.mp4,6,4,1358522,data/encodings/1358522/1358522_S06E04_55920_1.npy
2771,1080,1920,0,1118,1259,298,439,19881,0.01,55944,/home/amos/media/tv/White.Collar.S01-S06.1080p.BluRay.x265-RARBG/White.Collar.S06.1080p.WEBRip.x265-RARBG/White.Collar.S06E04.1080p.WEBRip.x265-RARBG.mp4,6,4,1358522,data/encodings/1358522/1358522_S06E04_55944_0.npy
2772,1080,1920,0,946,1087,269,411,20022,0.01,55968,/home/amos/media/tv/White.Collar.S01-S06.1080p.BluRay.x265-RARBG/White.Collar.S06.1080p.WEBRip.x265-RARBG/White.Collar.S06E04.1080p.WEBRip.x265-RARBG.mp4,6,4,1358522,data/encodings/1358522/1358522_S06E04_55968_0.npy
2773,1080,1920,0,1142,1199,407,464,3249,0.002,56040,/home/amos/media/tv/White.Collar.S01-S06.1080p.BluRay.x265-RARBG/White.Collar.S06.1080p.WEBRip.x265-RARBG/White.Collar.S06E04.1080p.WEBRip.x265-RARBG.mp4,6,4,1358522,data/encodings/1358522/1358522_S06E04_56040_0.npy
2774,1080,1920,1,758,840,245,327,6724,0.003,56040,/home/amos/media/tv/White.Collar.S01-S06.1080p.BluRay.x265-RARBG/White.Collar.S06.1080p.WEBRip.x265-RARBG/White.Collar.S06E04.1080p.WEBRip.x265-RARBG.mp4,6,4,1358522,data/encodings/1358522/1358522_S06E04_56040_1.npy
2775,1080,1920,0,631,749,267,385,13924,0.007,56064,/home/amos/media/tv/White.Collar.S01-S06.1080p.BluRay.x265-RARBG/White.Collar.S06.1080p.WEBRip.x265-RARBG/White.Collar.S06E04.1080p.WEBRip.x265-RARBG.mp4,6,4,1358522,data/encodings/1358522/1358522_S06E04_56064_0.npy
2776,1080,1920,1,908,976,346,414,4624,0.002,56064,/home/amos/media/tv/White.Collar.S01-S06.1080p.BluRay.x265-RARBG/White.Collar.S06.1080p.WEBRip.x265-RARBG/White.Collar.S06E04.1080p.WEBRip.x265-RARBG.mp4,6,4,1358522,data/encodings/1358522/1358522_S06E04_56064_1.npy
2777,1080,1920,0,1351,1595,33,277,59536,0.029,56088,/home/amos/media/tv/White.Collar.S01-S06.1080p.BluRay.x265-RARBG/White.Collar.S06.1080p.WEBRip.x265-RARBG/White.Collar.S06E04.1080p.WEBRip.x265-RARBG.mp4,6,4,1358522,data/encodings/1358522/1358522_S06E04_56088_0.npy
2778,1080,1920,1,578,748,198,368,28900,0.014,56088,/home/amos/media/tv/White.Collar.S01-S06.1080p.BluRay.x265-RARBG/White.Collar.S06.1080p.WEBRip.x265-RARBG/White.Collar.S06E04.1080p.WEBRip.x265-RARBG.mp4,6,4,1358522,data/encodings/1358522/1358522_S06E04_56088_1.npy
2779,1080,1920,0,1277,1521,156,401,59780,0.029,56112,/home/amos/media/tv/White.Collar.S01-S06.1080p.BluRay.x265-RARBG/White.Collar.S06.1080p.WEBRip.x265-RARBG/White.Collar.S06E04.1080p.WEBRip.x265-RARBG.mp4,6,4,1358522,data/encodings/1358522/1358522_S06E04_56112_0.npy
2780,1080,1920,1,744,947,202,406,41412,0.02,56112,/home/amos/media/tv/White.Collar.S01-S06.1080p.BluRay.x265-RARBG/White.Collar.S06.1080p.WEBRip.x265-RARBG/White.Collar.S06E04.1080p.WEBRip.x265-RARBG.mp4,6,4,1358522,data/encodings/1358522/1358522_S06E04_56112_1.npy
2781,1080,1920,0,1012,1216,326,530,41616,0.02,56136,/home/amos/media/tv/White.Collar.S01-S06.1080p.BluRay.x265-RARBG/White.Collar.S06.1080p.WEBRip.x265-RARBG/White.Collar.S06E04.1080p.WEBRip.x265-RARBG.mp4,6,4,1358522,data/encodings/1358522/1358522_S06E04_56136_0.npy
2782,1080,1920,0,537,741,78,282,41616,0.02,56160,/home/amos/media/tv/White.Collar.S01-S06.1080p.BluRay.x265-RARBG/White.Collar.S06.1080p.WEBRip.x265-RARBG/White.Collar.S06E04.1080p.WEBRip.x265-RARBG.mp4,6,4,1358522,data/encodings/1358522/1358522_S06E04_56160_0.npy
2783,1080,1920,1,971,1174,306,509,41209,0.02,56160,/home/amos/media/tv/White.Collar.S01-S06.1080p.BluRay.x265-RARBG/White.Collar.S06.1080p.WEBRip.x265-RARBG/White.Collar.S06E04.1080p.WEBRip.x265-RARBG.mp4,6,4,1358522,data/encodings/1358522/1358522_S06E04_56160_1.npy
2784,1080,1920,0,785,989,244,447,41412,0.02,56184,/home/amos/media/tv/White.Collar.S01-S06.1080p.BluRay.x265-RARBG/White.Collar.S06.1080p.WEBRip.x265-RARBG/White.Collar.S06E04.1080p.WEBRip.x265-RARBG.mp4,6,4,1358522,data/encodings/1358522/1358522_S06E04_56184_0.npy
2785,1080,1920,1,0,184,388,592,37536,0.018,56184,/home/amos/media/tv/White.Collar.S01-S06.1080p.BluRay.x265-RARBG/White.Collar.S06.1080p.WEBRip.x265-RARBG/White.Collar.S06E04.1080p.WEBRip.x265-RARBG.mp4,6,4,1358522,data/encodings/1358522/1358522_S06E04_56184_1.npy
2786,1080,1920,0,950,1154,244,447,41412,0.02,56208,/home/amos/media/tv/White.Collar.S01-S06.1080p.BluRay.x265-RARBG/White.Collar.S06.1080p.WEBRip.x265-RARBG/White.Collar.S06E04.1080p.WEBRip.x265-RARBG.mp4,6,4,1358522,data/encodings/1358522/1358522_S06E04_56208_0.npy
2787,1080,1920,1,236,481,330,574,59780,0.029,56208,/home/amos/media/tv/White.Collar.S01-S06.1080p.BluRay.x265-RARBG/White.Collar.S06.1080p.WEBRip.x265-RARBG/White.Collar.S06E04.1080p.WEBRip.x265-RARBG.mp4,6,4,1358522,data/encodings/1358522/1358522_S06E04_56208_1.npy
2788,1080,1920,0,979,1224,206,450,59780,0.029,56232,/home/amos/media/tv/White.Collar.S01-S06.1080p.BluRay.x265-RARBG/White.Collar.S06.1080p.WEBRip.x265-RARBG/White.Collar.S06E04.1080p.WEBRip.x265-RARBG.mp4,6,4,1358522,data/encodings/1358522/1358522_S06E04_56232_0.npy
2789,1080,1920,1,261,506,280,525,60025,0.029,56232,/home/amos/media/tv/White.Collar.S01-S06.1080p.BluRay.x265-RARBG/White.Collar.S06.1080p.WEBRip.x265-RARBG/White.Collar.S06E04.1080p.WEBRip.x265-RARBG.mp4,6,4,1358522,data/encodings/1358522/1358522_S06E04_56232_1.npy
2790,1080,1920,2,716,858,613,755,20164,0.01,56232,/home/amos/media/tv/White.Collar.S01-S06.1080p.BluRay.x265-RARBG/White.Collar.S06.1080p.WEBRip.x265-RARBG/White.Collar.S06E04.1080p.WEBRip.x265-RARBG.mp4,6,4,1358522,data/encodings/1358522/1358522_S06E04_56232_2.npy
2791,1080,1920,0,1198,1401,285,489,41412,0.02,56256,/home/amos/media/tv/White.Collar.S01-S06.1080p.BluRay.x265-RARBG/White.Collar.S06.1080p.WEBRip.x265-RARBG/White.Collar.S06E04.1080p.WEBRip.x265-RARBG.mp4,6,4,1358522,data/encodings/1358522/1358522_S06E04_56256_0.npy
2792,1080,1920,1,583,828,8,252,59780,0.029,56256,/home/amos/media/tv/White.Collar.S01-S06.1080p.BluRay.x265-RARBG/White.Collar.S06.1080p.WEBRip.x265-RARBG/White.Collar.S06E04.1080p.WEBRip.x265-RARBG.mp4,6,4,1358522,data/encodings/1358522/1358522_S06E04_56256_1.npy
2793,1080,1920,0,1202,1447,107,351,59780,0.029,56280,/home/amos/media/tv/White.Collar.S01-S06.1080p.BluRay.x265-RARBG/White.Collar.S06.1080p.WEBRip.x265-RARBG/White.Collar.S06E04.1080p.WEBRip.x265-RARBG.mp4,6,4,1358522,data/encodings/1358522/1358522_S06E04_56280_0.npy
2794,1080,1920,0,1301,1546,82,327,60025,0.029,56304,/home/amos/media/tv/White.Collar.S01-S06.1080p.BluRay.x265-RARBG/White.Collar.S06.1080p.WEBRip.x265-RARBG/White.Collar.S06E04.1080p.WEBRip.x265-RARBG.mp4,6,4,1358522,data/encodings/1358522/1358522_S06E04_56304_0.npy
2795,1080,1920,0,1321,1525,223,427,41616,0.02,56328,/home/amos/media/tv/White.Collar.S01-S06.1080p.BluRay.x265-RARBG/White.Collar.S06.1080p.WEBRip.x265-RARBG/White.Collar.S06E04.1080p.WEBRip.x265-RARBG.mp4,6,4,1358522,data/encodings/1358522/1358522_S06E04_56328_0.npy
2796,1080,1920,0,1043,1213,284,454,28900,0.014,56352,/home/amos/media/tv/White.Collar.S01-S06.1080p.BluRay.x265-RARBG/White.Collar.S06.1080p.WEBRip.x265-RARBG/White.Collar.S06E04.1080p.WEBRip.x265-RARBG.mp4,6,4,1358522,data/encodings/1358522/1358522_S06E04_56352_0.npy
2797,1080,1920,0,1068,1491,261,683,178506,0.086,56376,/home/amos/media/tv/White.Collar.S01-S06.1080p.BluRay.x265-RARBG/White.Collar.S06.1080p.WEBRip.x265-RARBG/White.Collar.S06E04.1080p.WEBRip.x265-RARBG.mp4,6,4,1358522,data/encodings/1358522/1358522_S06E04_56376_0.npy
2798,1080,1920,0,1111,1533,218,640,178084,0.086,56400,/home/amos/media/tv/White.Collar.S01-S06.1080p.BluRay.x265-RARBG/White.Collar.S06.1080p.WEBRip.x265-RARBG/White.Collar.S06E04.1080p.WEBRip.x265-RARBG.mp4,6,4,1358522,data/encodings/1358522/1358522_S06E04_56400_0.npy
2799,1080,1920,1,585,878,285,578,85849,0.041,56400,/home/amos/media/tv/White.Collar.S01-S06.1080p.BluRay.x265-RARBG/White.Collar.S06.1080p.WEBRip.x265-RARBG/White.Collar.S06E04.1080p.WEBRip.x265-RARBG.mp4,6,4,1358522,data/encodings/1358522/1358522_S06E04_56400_1.npy
2800,1080,1920,0,512,934,218,640,178084,0.086,56424,/home/amos/media/tv/White.Collar.S01-S06.1080p.BluRay.x265-RARBG/White.Collar.S06.1080p.WEBRip.x265-RARBG/White.Collar.S06E04.1080p.WEBRip.x265-RARBG.mp4,6,4,1358522,data/encodings/1358522/1358522_S06E04_56424_0.npy
2801,1080,1920,1,1154,1576,218,640,178084,0.086,56424,/home/amos/media/tv/White.Collar.S01-S06.1080p.BluRay.x265-RARBG/White.Collar.S06.1080p.WEBRip.x265-RARBG/White.Collar.S06E04.1080p.WEBRip.x265-RARBG.mp4,6,4,1358522,data/encodings/1358522/1358522_S06E04_56424_1.npy
2802,1080,1920,0,818,1170,244,596,123904,0.06,56448,/home/amos/media/tv/White.Collar.S01-S06.1080p.BluRay.x265-RARBG/White.Collar.S06.1080p.WEBRip.x265-RARBG/White.Collar.S06E04.1080p.WEBRip.x265-RARBG.mp4,6,4,1358522,data/encodings/1358522/1358522_S06E04_56448_0.npy
2803,1080,1920,1,1111,1533,218,640,178084,0.086,56448,/home/amos/media/tv/White.Collar.S01-S06.1080p.BluRay.x265-RARBG/White.Collar.S06.1080p.WEBRip.x265-RARBG/White.Collar.S06E04.1080p.WEBRip.x265-RARBG.mp4,6,4,1358522,data/encodings/1358522/1358522_S06E04_56448_1.npy
2804,1080,1920,0,554,977,175,598,178929,0.086,56472,/home/amos/media/tv/White.Collar.S01-S06.1080p.BluRay.x265-RARBG/White.Collar.S06.1080p.WEBRip.x265-RARBG/White.Collar.S06E04.1080p.WEBRip.x265-RARBG.mp4,6,4,1358522,data/encodings/1358522/1358522_S06E04_56472_0.npy
2805,1080,1920,1,1025,1448,261,683,178506,0.086,56472,/home/amos/media/tv/White.Collar.S01-S06.1080p.BluRay.x265-RARBG/White.Collar.S06.1080p.WEBRip.x265-RARBG/White.Collar.S06E04.1080p.WEBRip.x265-RARBG.mp4,6,4,1358522,data/encodings/1358522/1358522_S06E04_56472_1.npy
2806,1080,1920,0,1111,1533,175,598,178506,0.086,56496,/home/amos/media/tv/White.Collar.S01-S06.1080p.BluRay.x265-RARBG/White.Collar.S06.1080p.WEBRip.x265-RARBG/White.Collar.S06E04.1080p.WEBRip.x265-RARBG.mp4,6,4,1358522,data/encodings/1358522/1358522_S06E04_56496_0.npy
2807,1080,1920,0,1111,1533,175,598,178506,0.086,56520,/home/amos/media/tv/White.Collar.S01-S06.1080p.BluRay.x265-RARBG/White.Collar.S06.1080p.WEBRip.x265-RARBG/White.Collar.S06E04.1080p.WEBRip.x265-RARBG.mp4,6,4,1358522,data/encodings/1358522/1358522_S06E04_56520_0.npy
2808,1080,1920,0,1032,1384,172,525,124256,0.06,56544,/home/amos/media/tv/White.Collar.S01-S06.1080p.BluRay.x265-RARBG/White.Collar.S06.1080p.WEBRip.x265-RARBG/White.Collar.S06E04.1080p.WEBRip.x265-RARBG.mp4,6,4,1358522,data/encodings/1358522/1358522_S06E04_56544_0.npy
2809,1080,1920,0,1111,1533,175,598,178506,0.086,56568,/home/amos/media/tv/White.Collar.S01-S06.1080p.BluRay.x265-RARBG/White.Collar.S06.1080p.WEBRip.x265-RARBG/White.Collar.S06E04.1080p.WEBRip.x265-RARBG.mp4,6,4,1358522,data/encodings/1358522/1358522_S06E04_56568_0.npy
2810,1080,1920,0,1025,1448,132,555,178929,0.086,56592,/home/amos/media/tv/White.Collar.S01-S06.1080p.BluRay.x265-RARBG/White.Collar.S06.1080p.WEBRip.x265-RARBG/White.Collar.S06E04.1080p.WEBRip.x265-RARBG.mp4,6,4,1358522,data/encodings/1358522/1358522_S06E04_56592_0.npy
2811,1080,1920,0,982,1405,175,598,178929,0.086,56616,/home/amos/media/tv/White.Collar.S01-S06.1080p.BluRay.x265-RARBG/White.Collar.S06.1080p.WEBRip.x265-RARBG/White.Collar.S06E04.1080p.WEBRip.x265-RARBG.mp4,6,4,1358522,data/encodings/1358522/1358522_S06E04_56616_0.npy
2812,1080,1920,0,512,934,218,640,178084,0.086,56640,/home/amos/media/tv/White.Collar.S01-S06.1080p.BluRay.x265-RARBG/White.Collar.S06.1080p.WEBRip.x265-RARBG/White.Collar.S06E04.1080p.WEBRip.x265-RARBG.mp4,6,4,1358522,data/encodings/1358522/1358522_S06E04_56640_0.npy
2813,1080,1920,0,469,891,261,683,178084,0.086,56664,/home/amos/media/tv/White.Collar.S01-S06.1080p.BluRay.x265-RARBG/White.Collar.S06.1080p.WEBRip.x265-RARBG/White.Collar.S06E04.1080p.WEBRip.x265-RARBG.mp4,6,4,1358522,data/encodings/1358522/1358522_S06E04_56664_0.npy
2814,1080,1920,0,497,849,279,632,124256,0.06,56688,/home/amos/media/tv/White.Collar.S01-S06.1080p.BluRay.x265-RARBG/White.Collar.S06.1080p.WEBRip.x265-RARBG/White.Collar.S06E04.1080p.WEBRip.x265-RARBG.mp4,6,4,1358522,data/encodings/1358522/1358522_S06E04_56688_0.npy
2815,1080,1920,0,640,992,279,632,124256,0.06,56712,/home/amos/media/tv/White.Collar.S01-S06.1080p.BluRay.x265-RARBG/White.Collar.S06.1080p.WEBRip.x265-RARBG/White.Collar.S06E04.1080p.WEBRip.x265-RARBG.mp4,6,4,1358522,data/encodings/1358522/1358522_S06E04_56712_0.npy
2816,1080,1920,0,747,1099,208,560,123904,0.06,56736,/home/amos/media/tv/White.Collar.S01-S06.1080p.BluRay.x265-RARBG/White.Collar.S06.1080p.WEBRip.x265-RARBG/White.Collar.S06E04.1080p.WEBRip.x265-RARBG.mp4,6,4,1358522,data/encodings/1358522/1358522_S06E04_56736_0.npy
2817,1080,1920,0,360,605,107,351,59780,0.029,56760,/home/amos/media/tv/White.Collar.S01-S06.1080p.BluRay.x265-RARBG/White.Collar.S06.1080p.WEBRip.x265-RARBG/White.Collar.S06E04.1080p.WEBRip.x265-RARBG.mp4,6,4,1358522,data/encodings/1358522/1358522_S06E04_56760_0.npy
2818,1080,1920,0,360,605,107,351,59780,0.029,56784,/home/amos/media/tv/White.Collar.S01-S06.1080p.BluRay.x265-RARBG/White.Collar.S06.1080p.WEBRip.x265-RARBG/White.Collar.S06E04.1080p.WEBRip.x265-RARBG.mp4,6,4,1358522,data/encodings/1358522/1358522_S06E04_56784_0.npy
2819,1080,1920,1,929,1133,388,592,41616,0.02,56784,/home/amos/media/tv/White.Collar.S01-S06.1080p.BluRay.x265-RARBG/White.Collar.S06.1080p.WEBRip.x265-RARBG/White.Collar.S06E04.1080p.WEBRip.x265-RARBG.mp4,6,4,1358522,data/encodings/1358522/1358522_S06E04_56784_1.npy
2820,1080,1920,0,286,530,156,401,59780,0.029,56880,/home/amos/media/tv/White.Collar.S01-S06.1080p.BluRay.x265-RARBG/White.Collar.S06.1080p.WEBRip.x265-RARBG/White.Collar.S06E04.1080p.WEBRip.x265-RARBG.mp4,6,4,1358522,data/encodings/1358522/1358522_S06E04_56880_0.npy
2821,1080,1920,1,867,1071,306,509,41412,0.02,56880,/home/amos/media/tv/White.Collar.S01-S06.1080p.BluRay.x265-RARBG/White.Collar.S06.1080p.WEBRip.x265-RARBG/White.Collar.S06E04.1080p.WEBRip.x265-RARBG.mp4,6,4,1358522,data/encodings/1358522/1358522_S06E04_56880_1.npy
2822,1080,1920,0,261,506,107,351,59780,0.029,56904,/home/amos/media/tv/White.Collar.S01-S06.1080p.BluRay.x265-RARBG/White.Collar.S06.1080p.WEBRip.x265-RARBG/White.Collar.S06E04.1080p.WEBRip.x265-RARBG.mp4,6,4,1358522,data/encodings/1358522/1358522_S06E04_56904_0.npy
2823,1080,1920,1,867,1071,285,489,41616,0.02,56904,/home/amos/media/tv/White.Collar.S01-S06.1080p.BluRay.x265-RARBG/White.Collar.S06.1080p.WEBRip.x265-RARBG/White.Collar.S06E04.1080p.WEBRip.x265-RARBG.mp4,6,4,1358522,data/encodings/1358522/1358522_S06E04_56904_1.npy
2824,1080,1920,0,734,1027,136,429,85849,0.041,56928,/home/amos/media/tv/White.Collar.S01-S06.1080p.BluRay.x265-RARBG/White.Collar.S06.1080p.WEBRip.x265-RARBG/White.Collar.S06E04.1080p.WEBRip.x265-RARBG.mp4,6,4,1358522,data/encodings/1358522/1358522_S06E04_56928_0.npy
2825,1080,1920,1,1090,1384,195,489,86436,0.042,56928,/home/amos/media/tv/White.Collar.S01-S06.1080p.BluRay.x265-RARBG/White.Collar.S06.1080p.WEBRip.x265-RARBG/White.Collar.S06E04.1080p.WEBRip.x265-RARBG.mp4,6,4,1358522,data/encodings/1358522/1358522_S06E04_56928_1.npy
2826,1080,1920,0,674,968,166,459,86142,0.042,56952,/home/amos/media/tv/White.Collar.S01-S06.1080p.BluRay.x265-RARBG/White.Collar.S06.1080p.WEBRip.x265-RARBG/White.Collar.S06E04.1080p.WEBRip.x265-RARBG.mp4,6,4,1358522,data/encodings/1358522/1358522_S06E04_56952_0.npy
2827,1080,1920,0,459,704,206,450,59780,0.029,56976,/home/amos/media/tv/White.Collar.S01-S06.1080p.BluRay.x265-RARBG/White.Collar.S06.1080p.WEBRip.x265-RARBG/White.Collar.S06E04.1080p.WEBRip.x265-RARBG.mp4,6,4,1358522,data/encodings/1358522/1358522_S06E04_56976_0.npy
2828,1080,1920,1,961,1313,244,596,123904,0.06,56976,/home/amos/media/tv/White.Collar.S01-S06.1080p.BluRay.x265-RARBG/White.Collar.S06.1080p.WEBRip.x265-RARBG/White.Collar.S06E04.1080p.WEBRip.x265-RARBG.mp4,6,4,1358522,data/encodings/1358522/1358522_S06E04_56976_1.npy
2829,1080,1920,0,558,803,280,525,60025,0.029,57000,/home/amos/media/tv/White.Collar.S01-S06.1080p.BluRay.x265-RARBG/White.Collar.S06.1080p.WEBRip.x265-RARBG/White.Collar.S06E04.1080p.WEBRip.x265-RARBG.mp4,6,4,1358522,data/encodings/1358522/1358522_S06E04_57000_0.npy
2830,1080,1920,0,982,1405,132,555,178929,0.086,57048,/home/amos/media/tv/White.Collar.S01-S06.1080p.BluRay.x265-RARBG/White.Collar.S06.1080p.WEBRip.x265-RARBG/White.Collar.S06E04.1080p.WEBRip.x265-RARBG.mp4,6,4,1358522,data/encodings/1358522/1358522_S06E04_57048_0.npy
2831,1080,1920,0,691,809,231,349,13924,0.007,57096,/home/amos/media/tv/White.Collar.S01-S06.1080p.BluRay.x265-RARBG/White.Collar.S06.1080p.WEBRip.x265-RARBG/White.Collar.S06E04.1080p.WEBRip.x265-RARBG.mp4,6,4,1358522,data/encodings/1358522/1358522_S06E04_57096_0.npy
2832,1080,1920,0,1049,1167,196,314,13924,0.007,57120,/home/amos/media/tv/White.Collar.S01-S06.1080p.BluRay.x265-RARBG/White.Collar.S06.1080p.WEBRip.x265-RARBG/White.Collar.S06E04.1080p.WEBRip.x265-RARBG.mp4,6,4,1358522,data/encodings/1358522/1358522_S06E04_57120_0.npy
2833,1080,1920,0,1103,1245,212,353,20022,0.01,57144,/home/amos/media/tv/White.Collar.S01-S06.1080p.BluRay.x265-RARBG/White.Collar.S06.1080p.WEBRip.x265-RARBG/White.Collar.S06E04.1080p.WEBRip.x265-RARBG.mp4,6,4,1358522,data/encodings/1358522/1358522_S06E04_57144_0.npy
2834,1080,1920,0,1124,1222,287,385,9604,0.005,57168,/home/amos/media/tv/White.Collar.S01-S06.1080p.BluRay.x265-RARBG/White.Collar.S06.1080p.WEBRip.x265-RARBG/White.Collar.S06E04.1080p.WEBRip.x265-RARBG.mp4,6,4,1358522,data/encodings/1358522/1358522_S06E04_57168_0.npy
2835,1080,1920,0,1081,1163,287,369,6724,0.003,57192,/home/amos/media/tv/White.Collar.S01-S06.1080p.BluRay.x265-RARBG/White.Collar.S06.1080p.WEBRip.x265-RARBG/White.Collar.S06E04.1080p.WEBRip.x265-RARBG.mp4,6,4,1358522,data/encodings/1358522/1358522_S06E04_57192_0.npy
2836,1080,1920,1,930,1048,172,290,13924,0.007,57192,/home/amos/media/tv/White.Collar.S01-S06.1080p.BluRay.x265-RARBG/White.Collar.S06.1080p.WEBRip.x265-RARBG/White.Collar.S06E04.1080p.WEBRip.x265-RARBG.mp4,6,4,1358522,data/encodings/1358522/1358522_S06E04_57192_1.npy
2837,1080,1920,0,1073,1155,295,377,6724,0.003,57216,/home/amos/media/tv/White.Collar.S01-S06.1080p.BluRay.x265-RARBG/White.Collar.S06.1080p.WEBRip.x265-RARBG/White.Collar.S06E04.1080p.WEBRip.x265-RARBG.mp4,6,4,1358522,data/encodings/1358522/1358522_S06E04_57216_0.npy
2838,1080,1920,1,918,1036,160,278,13924,0.007,57216,/home/amos/media/tv/White.Collar.S01-S06.1080p.BluRay.x265-RARBG/White.Collar.S06.1080p.WEBRip.x265-RARBG/White.Collar.S06E04.1080p.WEBRip.x265-RARBG.mp4,6,4,1358522,data/encodings/1358522/1358522_S06E04_57216_1.npy
2839,1080,1920,0,906,1024,160,278,13924,0.007,57240,/home/amos/media/tv/White.Collar.S01-S06.1080p.BluRay.x265-RARBG/White.Collar.S06.1080p.WEBRip.x265-RARBG/White.Collar.S06E04.1080p.WEBRip.x265-RARBG.mp4,6,4,1358522,data/encodings/1358522/1358522_S06E04_57240_0.npy
2840,1080,1920,1,1049,1167,267,385,13924,0.007,57240,/home/amos/media/tv/White.Collar.S01-S06.1080p.BluRay.x265-RARBG/White.Collar.S06.1080p.WEBRip.x265-RARBG/White.Collar.S06E04.1080p.WEBRip.x265-RARBG.mp4,6,4,1358522,data/encodings/1358522/1358522_S06E04_57240_1.npy
2841,1080,1920,0,1065,1147,295,377,6724,0.003,57264,/home/amos/media/tv/White.Collar.S01-S06.1080p.BluRay.x265-RARBG/White.Collar.S06.1080p.WEBRip.x265-RARBG/White.Collar.S06E04.1080p.WEBRip.x265-RARBG.mp4,6,4,1358522,data/encodings/1358522/1358522_S06E04_57264_0.npy
2842,1080,1920,0,856,1100,231,475,59536,0.029,57288,/home/amos/media/tv/White.Collar.S01-S06.1080p.BluRay.x265-RARBG/White.Collar.S06.1080p.WEBRip.x265-RARBG/White.Collar.S06E04.1080p.WEBRip.x265-RARBG.mp4,6,4,1358522,data/encodings/1358522/1358522_S06E04_57288_0.npy
2843,1080,1920,0,856,1100,181,426,59780,0.029,57312,/home/amos/media/tv/White.Collar.S01-S06.1080p.BluRay.x265-RARBG/White.Collar.S06.1080p.WEBRip.x265-RARBG/White.Collar.S06E04.1080p.WEBRip.x265-RARBG.mp4,6,4,1358522,data/encodings/1358522/1358522_S06E04_57312_0.npy
2844,1080,1920,0,971,1174,285,489,41412,0.02,57336,/home/amos/media/tv/White.Collar.S01-S06.1080p.BluRay.x265-RARBG/White.Collar.S06.1080p.WEBRip.x265-RARBG/White.Collar.S06E04.1080p.WEBRip.x265-RARBG.mp4,6,4,1358522,data/encodings/1358522/1358522_S06E04_57336_0.npy
2845,1080,1920,0,955,1199,255,500,59780,0.029,57360,/home/amos/media/tv/White.Collar.S01-S06.1080p.BluRay.x265-RARBG/White.Collar.S06.1080p.WEBRip.x265-RARBG/White.Collar.S06E04.1080p.WEBRip.x265-RARBG.mp4,6,4,1358522,data/encodings/1358522/1358522_S06E04_57360_0.npy
2846,1080,1920,0,704,997,255,548,85849,0.041,57384,/home/amos/media/tv/White.Collar.S01-S06.1080p.BluRay.x265-RARBG/White.Collar.S06.1080p.WEBRip.x265-RARBG/White.Collar.S06E04.1080p.WEBRip.x265-RARBG.mp4,6,4,1358522,data/encodings/1358522/1358522_S06E04_57384_0.npy
2847,1080,1920,0,633,877,280,525,59780,0.029,57408,/home/amos/media/tv/White.Collar.S01-S06.1080p.BluRay.x265-RARBG/White.Collar.S06.1080p.WEBRip.x265-RARBG/White.Collar.S06E04.1080p.WEBRip.x265-RARBG.mp4,6,4,1358522,data/encodings/1358522/1358522_S06E04_57408_0.npy
2848,1080,1920,0,644,938,255,548,86142,0.042,57432,/home/amos/media/tv/White.Collar.S01-S06.1080p.BluRay.x265-RARBG/White.Collar.S06.1080p.WEBRip.x265-RARBG/White.Collar.S06E04.1080p.WEBRip.x265-RARBG.mp4,6,4,1358522,data/encodings/1358522/1358522_S06E04_57432_0.npy
2849,1080,1920,0,726,1148,218,640,178084,0.086,57456,/home/amos/media/tv/White.Collar.S01-S06.1080p.BluRay.x265-RARBG/White.Collar.S06.1080p.WEBRip.x265-RARBG/White.Collar.S06E04.1080p.WEBRip.x265-RARBG.mp4,6,4,1358522,data/encodings/1358522/1358522_S06E04_57456_0.npy
2850,1080,1920,0,640,992,279,632,124256,0.06,57480,/home/amos/media/tv/White.Collar.S01-S06.1080p.BluRay.x265-RARBG/White.Collar.S06.1080p.WEBRip.x265-RARBG/White.Collar.S06E04.1080p.WEBRip.x265-RARBG.mp4,6,4,1358522,data/encodings/1358522/1358522_S06E04_57480_0.npy
2851,1080,1920,0,711,1063,279,632,124256,0.06,57504,/home/amos/media/tv/White.Collar.S01-S06.1080p.BluRay.x265-RARBG/White.Collar.S06.1080p.WEBRip.x265-RARBG/White.Collar.S06E04.1080p.WEBRip.x265-RARBG.mp4,6,4,1358522,data/encodings/1358522/1358522_S06E04_57504_0.npy
2852,1080,1920,0,683,1105,261,683,178084,0.086,57528,/home/amos/media/tv/White.Collar.S01-S06.1080p.BluRay.x265-RARBG/White.Collar.S06.1080p.WEBRip.x265-RARBG/White.Collar.S06E04.1080p.WEBRip.x265-RARBG.mp4,6,4,1358522,data/encodings/1358522/1358522_S06E04_57528_0.npy
2853,1080,1920,0,854,1277,261,683,178506,0.086,57552,/home/amos/media/tv/White.Collar.S01-S06.1080p.BluRay.x265-RARBG/White.Collar.S06.1080p.WEBRip.x265-RARBG/White.Collar.S06E04.1080p.WEBRip.x265-RARBG.mp4,6,4,1358522,data/encodings/1358522/1358522_S06E04_57552_0.npy
2854,1080,1920,0,811,1234,218,640,178506,0.086,57576,/home/amos/media/tv/White.Collar.S01-S06.1080p.BluRay.x265-RARBG/White.Collar.S06.1080p.WEBRip.x265-RARBG/White.Collar.S06E04.1080p.WEBRip.x265-RARBG.mp4,6,4,1358522,data/encodings/1358522/1358522_S06E04_57576_0.npy
2855,1080,1920,0,818,1170,315,667,123904,0.06,57600,/home/amos/media/tv/White.Collar.S01-S06.1080p.BluRay.x265-RARBG/White.Collar.S06.1080p.WEBRip.x265-RARBG/White.Collar.S06E04.1080p.WEBRip.x265-RARBG.mp4,6,4,1358522,data/encodings/1358522/1358522_S06E04_57600_0.npy
2856,1080,1920,0,811,1234,218,640,178506,0.086,57624,/home/amos/media/tv/White.Collar.S01-S06.1080p.BluRay.x265-RARBG/White.Collar.S06.1080p.WEBRip.x265-RARBG/White.Collar.S06E04.1080p.WEBRip.x265-RARBG.mp4,6,4,1358522,data/encodings/1358522/1358522_S06E04_57624_0.npy
2857,1080,1920,0,747,1099,279,632,124256,0.06,57648,/home/amos/media/tv/White.Collar.S01-S06.1080p.BluRay.x265-RARBG/White.Collar.S06.1080p.WEBRip.x265-RARBG/White.Collar.S06E04.1080p.WEBRip.x265-RARBG.mp4,6,4,1358522,data/encodings/1358522/1358522_S06E04_57648_0.npy
2858,1080,1920,0,726,1148,175,598,178506,0.086,57672,/home/amos/media/tv/White.Collar.S01-S06.1080p.BluRay.x265-RARBG/White.Collar.S06.1080p.WEBRip.x265-RARBG/White.Collar.S06E04.1080p.WEBRip.x265-RARBG.mp4,6,4,1358522,data/encodings/1358522/1358522_S06E04_57672_0.npy
2859,1080,1920,0,726,1148,218,640,178084,0.086,57696,/home/amos/media/tv/White.Collar.S01-S06.1080p.BluRay.x265-RARBG/White.Collar.S06.1080p.WEBRip.x265-RARBG/White.Collar.S06E04.1080p.WEBRip.x265-RARBG.mp4,6,4,1358522,data/encodings/1358522/1358522_S06E04_57696_0.npy
2860,1080,1920,0,845,1353,262,769,257556,0.124,57720,/home/amos/media/tv/White.Collar.S01-S06.1080p.BluRay.x265-RARBG/White.Collar.S06.1080p.WEBRip.x265-RARBG/White.Collar.S06E04.1080p.WEBRip.x265-RARBG.mp4,6,4,1358522,data/encodings/1358522/1358522_S06E04_57720_0.npy
2861,1080,1920,0,961,1313,315,667,123904,0.06,57744,/home/amos/media/tv/White.Collar.S01-S06.1080p.BluRay.x265-RARBG/White.Collar.S06.1080p.WEBRip.x265-RARBG/White.Collar.S06E04.1080p.WEBRip.x265-RARBG.mp4,6,4,1358522,data/encodings/1358522/1358522_S06E04_57744_0.npy
2862,1080,1920,0,683,1105,218,640,178084,0.086,57768,/home/amos/media/tv/White.Collar.S01-S06.1080p.BluRay.x265-RARBG/White.Collar.S06.1080p.WEBRip.x265-RARBG/White.Collar.S06E04.1080p.WEBRip.x265-RARBG.mp4,6,4,1358522,data/encodings/1358522/1358522_S06E04_57768_0.npy
2863,1080,1920,1,1256,1763,0,461,233727,0.113,57768,/home/amos/media/tv/White.Collar.S01-S06.1080p.BluRay.x265-RARBG/White.Collar.S06.1080p.WEBRip.x265-RARBG/White.Collar.S06E04.1080p.WEBRip.x265-RARBG.mp4,6,4,1358522,data/encodings/1358522/1358522_S06E04_57768_1.npy
2864,1080,1920,0,726,1148,261,683,178084,0.086,57792,/home/amos/media/tv/White.Collar.S01-S06.1080p.BluRay.x265-RARBG/White.Collar.S06.1080p.WEBRip.x265-RARBG/White.Collar.S06E04.1080p.WEBRip.x265-RARBG.mp4,6,4,1358522,data/encodings/1358522/1358522_S06E04_57792_0.npy
2865,1080,1920,1,1325,1747,4,426,178084,0.086,57792,/home/amos/media/tv/White.Collar.S01-S06.1080p.BluRay.x265-RARBG/White.Collar.S06.1080p.WEBRip.x265-RARBG/White.Collar.S06E04.1080p.WEBRip.x265-RARBG.mp4,6,4,1358522,data/encodings/1358522/1358522_S06E04_57792_1.npy
2866,1080,1920,0,783,1135,315,667,123904,0.06,57816,/home/amos/media/tv/White.Collar.S01-S06.1080p.BluRay.x265-RARBG/White.Collar.S06.1080p.WEBRip.x265-RARBG/White.Collar.S06E04.1080p.WEBRip.x265-RARBG.mp4,6,4,1358522,data/encodings/1358522/1358522_S06E04_57816_0.npy
2867,1080,1920,0,783,1135,315,667,123904,0.06,57840,/home/amos/media/tv/White.Collar.S01-S06.1080p.BluRay.x265-RARBG/White.Collar.S06.1080p.WEBRip.x265-RARBG/White.Collar.S06E04.1080p.WEBRip.x265-RARBG.mp4,6,4,1358522,data/encodings/1358522/1358522_S06E04_57840_0.npy
2868,1080,1920,0,486,993,210,717,257049,0.124,57864,/home/amos/media/tv/White.Collar.S01-S06.1080p.BluRay.x265-RARBG/White.Collar.S06.1080p.WEBRip.x265-RARBG/White.Collar.S06E04.1080p.WEBRip.x265-RARBG.mp4,6,4,1358522,data/encodings/1358522/1358522_S06E04_57864_0.npy
2869,1080,1920,0,486,993,262,769,257049,0.124,57888,/home/amos/media/tv/White.Collar.S01-S06.1080p.BluRay.x265-RARBG/White.Collar.S06.1080p.WEBRip.x265-RARBG/White.Collar.S06E04.1080p.WEBRip.x265-RARBG.mp4,6,4,1358522,data/encodings/1358522/1358522_S06E04_57888_0.npy
2870,1080,1920,0,486,993,210,717,257049,0.124,57912,/home/amos/media/tv/White.Collar.S01-S06.1080p.BluRay.x265-RARBG/White.Collar.S06.1080p.WEBRip.x265-RARBG/White.Collar.S06E04.1080p.WEBRip.x265-RARBG.mp4,6,4,1358522,data/encodings/1358522/1358522_S06E04_57912_0.npy
2871,1080,1920,0,486,993,262,769,257049,0.124,57936,/home/amos/media/tv/White.Collar.S01-S06.1080p.BluRay.x265-RARBG/White.Collar.S06.1080p.WEBRip.x265-RARBG/White.Collar.S06E04.1080p.WEBRip.x265-RARBG.mp4,6,4,1358522,data/encodings/1358522/1358522_S06E04_57936_0.npy
2872,1080,1920,0,426,849,303,726,178929,0.086,57960,/home/amos/media/tv/White.Collar.S01-S06.1080p.BluRay.x265-RARBG/White.Collar.S06.1080p.WEBRip.x265-RARBG/White.Collar.S06E04.1080p.WEBRip.x265-RARBG.mp4,6,4,1358522,data/encodings/1358522/1358522_S06E04_57960_0.npy
2873,1080,1920,0,383,890,210,717,257049,0.124,57984,/home/amos/media/tv/White.Collar.S01-S06.1080p.BluRay.x265-RARBG/White.Collar.S06.1080p.WEBRip.x265-RARBG/White.Collar.S06E04.1080p.WEBRip.x265-RARBG.mp4,6,4,1358522,data/encodings/1358522/1358522_S06E04_57984_0.npy
2874,1080,1920,0,469,891,303,726,178506,0.086,58008,/home/amos/media/tv/White.Collar.S01-S06.1080p.BluRay.x265-RARBG/White.Collar.S06.1080p.WEBRip.x265-RARBG/White.Collar.S06E04.1080p.WEBRip.x265-RARBG.mp4,6,4,1358522,data/encodings/1358522/1358522_S06E04_58008_0.npy
2875,1080,1920,0,486,993,262,769,257049,0.124,58032,/home/amos/media/tv/White.Collar.S01-S06.1080p.BluRay.x265-RARBG/White.Collar.S06.1080p.WEBRip.x265-RARBG/White.Collar.S06E04.1080p.WEBRip.x265-RARBG.mp4,6,4,1358522,data/encodings/1358522/1358522_S06E04_58032_0.npy
2876,1080,1920,0,897,1319,303,726,178506,0.086,58056,/home/amos/media/tv/White.Collar.S01-S06.1080p.BluRay.x265-RARBG/White.Collar.S06.1080p.WEBRip.x265-RARBG/White.Collar.S06E04.1080p.WEBRip.x265-RARBG.mp4,6,4,1358522,data/encodings/1358522/1358522_S06E04_58056_0.npy
2877,1080,1920,0,743,1250,210,717,257049,0.124,58080,/home/amos/media/tv/White.Collar.S01-S06.1080p.BluRay.x265-RARBG/White.Collar.S06.1080p.WEBRip.x265-RARBG/White.Collar.S06E04.1080p.WEBRip.x265-RARBG.mp4,6,4,1358522,data/encodings/1358522/1358522_S06E04_58080_0.npy
2878,1080,1920,0,743,1250,210,717,257049,0.124,58104,/home/amos/media/tv/White.Collar.S01-S06.1080p.BluRay.x265-RARBG/White.Collar.S06.1080p.WEBRip.x265-RARBG/White.Collar.S06E04.1080p.WEBRip.x265-RARBG.mp4,6,4,1358522,data/encodings/1358522/1358522_S06E04_58104_0.npy
2879,1080,1920,0,512,934,261,683,178084,0.086,58128,/home/amos/media/tv/White.Collar.S01-S06.1080p.BluRay.x265-RARBG/White.Collar.S06.1080p.WEBRip.x265-RARBG/White.Collar.S06E04.1080p.WEBRip.x265-RARBG.mp4,6,4,1358522,data/encodings/1358522/1358522_S06E04_58128_0.npy
2880,1080,1920,0,512,934,261,683,178084,0.086,58152,/home/amos/media/tv/White.Collar.S01-S06.1080p.BluRay.x265-RARBG/White.Collar.S06.1080p.WEBRip.x265-RARBG/White.Collar.S06E04.1080p.WEBRip.x265-RARBG.mp4,6,4,1358522,data/encodings/1358522/1358522_S06E04_58152_0.npy
2881,1080,1920,0,469,891,303,726,178506,0.086,58176,/home/amos/media/tv/White.Collar.S01-S06.1080p.BluRay.x265-RARBG/White.Collar.S06.1080p.WEBRip.x265-RARBG/White.Collar.S06E04.1080p.WEBRip.x265-RARBG.mp4,6,4,1358522,data/encodings/1358522/1358522_S06E04_58176_0.npy
2882,1080,1920,0,469,891,261,683,178084,0.086,58200,/home/amos/media/tv/White.Collar.S01-S06.1080p.BluRay.x265-RARBG/White.Collar.S06.1080p.WEBRip.x265-RARBG/White.Collar.S06E04.1080p.WEBRip.x265-RARBG.mp4,6,4,1358522,data/encodings/1358522/1358522_S06E04_58200_0.npy
2883,1080,1920,0,383,890,262,769,257049,0.124,58224,/home/amos/media/tv/White.Collar.S01-S06.1080p.BluRay.x265-RARBG/White.Collar.S06.1080p.WEBRip.x265-RARBG/White.Collar.S06E04.1080p.WEBRip.x265-RARBG.mp4,6,4,1358522,data/encodings/1358522/1358522_S06E04_58224_0.npy
2884,1080,1920,0,691,1198,210,717,257049,0.124,58248,/home/amos/media/tv/White.Collar.S01-S06.1080p.BluRay.x265-RARBG/White.Collar.S06.1080p.WEBRip.x265-RARBG/White.Collar.S06E04.1080p.WEBRip.x265-RARBG.mp4,6,4,1358522,data/encodings/1358522/1358522_S06E04_58248_0.npy
2885,1080,1920,0,691,1198,210,717,257049,0.124,58272,/home/amos/media/tv/White.Collar.S01-S06.1080p.BluRay.x265-RARBG/White.Collar.S06.1080p.WEBRip.x265-RARBG/White.Collar.S06E04.1080p.WEBRip.x265-RARBG.mp4,6,4,1358522,data/encodings/1358522/1358522_S06E04_58272_0.npy
2886,1080,1920,0,743,1250,210,717,257049,0.124,58296,/home/amos/media/tv/White.Collar.S01-S06.1080p.BluRay.x265-RARBG/White.Collar.S06.1080p.WEBRip.x265-RARBG/White.Collar.S06E04.1080p.WEBRip.x265-RARBG.mp4,6,4,1358522,data/encodings/1358522/1358522_S06E04_58296_0.npy
2887,1080,1920,0,486,993,262,769,257049,0.124,58320,/home/amos/media/tv/White.Collar.S01-S06.1080p.BluRay.x265-RARBG/White.Collar.S06.1080p.WEBRip.x265-RARBG/White.Collar.S06E04.1080p.WEBRip.x265-RARBG.mp4,6,4,1358522,data/encodings/1358522/1358522_S06E04_58320_0.npy
2888,1080,1920,0,578,634,713,770,3192,0.002,58512,/home/amos/media/tv/White.Collar.S01-S06.1080p.BluRay.x265-RARBG/White.Collar.S06.1080p.WEBRip.x265-RARBG/White.Collar.S06E04.1080p.WEBRip.x265-RARBG.mp4,6,4,1358522,data/encodings/1358522/1358522_S06E04_58512_0.npy
2889,1080,1920,0,590,658,719,787,4624,0.002,58536,/home/amos/media/tv/White.Collar.S01-S06.1080p.BluRay.x265-RARBG/White.Collar.S06.1080p.WEBRip.x265-RARBG/White.Collar.S06E04.1080p.WEBRip.x265-RARBG.mp4,6,4,1358522,data/encodings/1358522/1358522_S06E04_58536_0.npy
2890,1080,1920,0,607,725,219,337,13924,0.007,58560,/home/amos/media/tv/White.Collar.S01-S06.1080p.BluRay.x265-RARBG/White.Collar.S06.1080p.WEBRip.x265-RARBG/White.Collar.S06E04.1080p.WEBRip.x265-RARBG.mp4,6,4,1358522,data/encodings/1358522/1358522_S06E04_58560_0.npy
2891,1080,1920,0,487,629,312,454,20164,0.01,58584,/home/amos/media/tv/White.Collar.S01-S06.1080p.BluRay.x265-RARBG/White.Collar.S06.1080p.WEBRip.x265-RARBG/White.Collar.S06E04.1080p.WEBRip.x265-RARBG.mp4,6,4,1358522,data/encodings/1358522/1358522_S06E04_58584_0.npy
2892,1080,1920,1,954,1071,291,409,13806,0.007,58584,/home/amos/media/tv/White.Collar.S01-S06.1080p.BluRay.x265-RARBG/White.Collar.S06.1080p.WEBRip.x265-RARBG/White.Collar.S06E04.1080p.WEBRip.x265-RARBG.mp4,6,4,1358522,data/encodings/1358522/1358522_S06E04_58584_1.npy
2893,1080,1920,0,501,643,298,439,20022,0.01,58608,/home/amos/media/tv/White.Collar.S01-S06.1080p.BluRay.x265-RARBG/White.Collar.S06.1080p.WEBRip.x265-RARBG/White.Collar.S06E04.1080p.WEBRip.x265-RARBG.mp4,6,4,1358522,data/encodings/1358522/1358522_S06E04_58608_0.npy
2894,1080,1920,1,942,1060,339,457,13924,0.007,58608,/home/amos/media/tv/White.Collar.S01-S06.1080p.BluRay.x265-RARBG/White.Collar.S06.1080p.WEBRip.x265-RARBG/White.Collar.S06E04.1080p.WEBRip.x265-RARBG.mp4,6,4,1358522,data/encodings/1358522/1358522_S06E04_58608_1.npy
2895,1080,1920,0,602,743,183,325,20022,0.01,58632,/home/amos/media/tv/White.Collar.S01-S06.1080p.BluRay.x265-RARBG/White.Collar.S06.1080p.WEBRip.x265-RARBG/White.Collar.S06E04.1080p.WEBRip.x265-RARBG.mp4,6,4,1358522,data/encodings/1358522/1358522_S06E04_58632_0.npy
2896,1080,1920,0,616,758,183,325,20164,0.01,58656,/home/amos/media/tv/White.Collar.S01-S06.1080p.BluRay.x265-RARBG/White.Collar.S06.1080p.WEBRip.x265-RARBG/White.Collar.S06E04.1080p.WEBRip.x265-RARBG.mp4,6,4,1358522,data/encodings/1358522/1358522_S06E04_58656_0.npy
2897,1080,1920,0,960,1102,312,454,20164,0.01,58680,/home/amos/media/tv/White.Collar.S01-S06.1080p.BluRay.x265-RARBG/White.Collar.S06.1080p.WEBRip.x265-RARBG/White.Collar.S06E04.1080p.WEBRip.x265-RARBG.mp4,6,4,1358522,data/encodings/1358522/1358522_S06E04_58680_0.npy
2898,1080,1920,0,960,1102,312,454,20164,0.01,58704,/home/amos/media/tv/White.Collar.S01-S06.1080p.BluRay.x265-RARBG/White.Collar.S06.1080p.WEBRip.x265-RARBG/White.Collar.S06E04.1080p.WEBRip.x265-RARBG.mp4,6,4,1358522,data/encodings/1358522/1358522_S06E04_58704_0.npy
2899,1080,1920,0,616,758,197,339,20164,0.01,58752,/home/amos/media/tv/White.Collar.S01-S06.1080p.BluRay.x265-RARBG/White.Collar.S06.1080p.WEBRip.x265-RARBG/White.Collar.S06E04.1080p.WEBRip.x265-RARBG.mp4,6,4,1358522,data/encodings/1358522/1358522_S06E04_58752_0.npy
2900,1080,1920,0,616,758,197,339,20164,0.01,58776,/home/amos/media/tv/White.Collar.S01-S06.1080p.BluRay.x265-RARBG/White.Collar.S06.1080p.WEBRip.x265-RARBG/White.Collar.S06E04.1080p.WEBRip.x265-RARBG.mp4,6,4,1358522,data/encodings/1358522/1358522_S06E04_58776_0.npy
2901,1080,1920,0,630,772,183,325,20164,0.01,58800,/home/amos/media/tv/White.Collar.S01-S06.1080p.BluRay.x265-RARBG/White.Collar.S06.1080p.WEBRip.x265-RARBG/White.Collar.S06E04.1080p.WEBRip.x265-RARBG.mp4,6,4,1358522,data/encodings/1358522/1358522_S06E04_58800_0.npy
2902,1080,1920,0,645,786,183,325,20022,0.01,58824,/home/amos/media/tv/White.Collar.S01-S06.1080p.BluRay.x265-RARBG/White.Collar.S06.1080p.WEBRip.x265-RARBG/White.Collar.S06E04.1080p.WEBRip.x265-RARBG.mp4,6,4,1358522,data/encodings/1358522/1358522_S06E04_58824_0.npy
2903,1080,1920,0,473,614,341,482,19881,0.01,58848,/home/amos/media/tv/White.Collar.S01-S06.1080p.BluRay.x265-RARBG/White.Collar.S06.1080p.WEBRip.x265-RARBG/White.Collar.S06E04.1080p.WEBRip.x265-RARBG.mp4,6,4,1358522,data/encodings/1358522/1358522_S06E04_58848_0.npy
2904,1080,1920,1,931,1073,341,482,20022,0.01,58848,/home/amos/media/tv/White.Collar.S01-S06.1080p.BluRay.x265-RARBG/White.Collar.S06.1080p.WEBRip.x265-RARBG/White.Collar.S06E04.1080p.WEBRip.x265-RARBG.mp4,6,4,1358522,data/encodings/1358522/1358522_S06E04_58848_1.npy
2905,1080,1920,0,473,614,341,482,19881,0.01,58872,/home/amos/media/tv/White.Collar.S01-S06.1080p.BluRay.x265-RARBG/White.Collar.S06.1080p.WEBRip.x265-RARBG/White.Collar.S06E04.1080p.WEBRip.x265-RARBG.mp4,6,4,1358522,data/encodings/1358522/1358522_S06E04_58872_0.npy
2906,1080,1920,1,931,1073,341,482,20022,0.01,58872,/home/amos/media/tv/White.Collar.S01-S06.1080p.BluRay.x265-RARBG/White.Collar.S06.1080p.WEBRip.x265-RARBG/White.Collar.S06E04.1080p.WEBRip.x265-RARBG.mp4,6,4,1358522,data/encodings/1358522/1358522_S06E04_58872_1.npy
2907,1080,1920,0,444,586,326,468,20164,0.01,58896,/home/amos/media/tv/White.Collar.S01-S06.1080p.BluRay.x265-RARBG/White.Collar.S06.1080p.WEBRip.x265-RARBG/White.Collar.S06E04.1080p.WEBRip.x265-RARBG.mp4,6,4,1358522,data/encodings/1358522/1358522_S06E04_58896_0.npy
2908,1080,1920,1,931,1073,355,497,20164,0.01,58896,/home/amos/media/tv/White.Collar.S01-S06.1080p.BluRay.x265-RARBG/White.Collar.S06.1080p.WEBRip.x265-RARBG/White.Collar.S06E04.1080p.WEBRip.x265-RARBG.mp4,6,4,1358522,data/encodings/1358522/1358522_S06E04_58896_1.npy
2909,1080,1920,0,931,1073,312,454,20164,0.01,58920,/home/amos/media/tv/White.Collar.S01-S06.1080p.BluRay.x265-RARBG/White.Collar.S06.1080p.WEBRip.x265-RARBG/White.Collar.S06E04.1080p.WEBRip.x265-RARBG.mp4,6,4,1358522,data/encodings/1358522/1358522_S06E04_58920_0.npy
2910,1080,1920,0,931,1073,355,497,20164,0.01,58968,/home/amos/media/tv/White.Collar.S01-S06.1080p.BluRay.x265-RARBG/White.Collar.S06.1080p.WEBRip.x265-RARBG/White.Collar.S06E04.1080p.WEBRip.x265-RARBG.mp4,6,4,1358522,data/encodings/1358522/1358522_S06E04_58968_0.npy
2911,1080,1920,0,541,610,705,774,4761,0.002,58992,/home/amos/media/tv/White.Collar.S01-S06.1080p.BluRay.x265-RARBG/White.Collar.S06.1080p.WEBRip.x265-RARBG/White.Collar.S06E04.1080p.WEBRip.x265-RARBG.mp4,6,4,1358522,data/encodings/1358522/1358522_S06E04_58992_0.npy
2912,1080,1920,1,756,813,736,793,3249,0.002,58992,/home/amos/media/tv/White.Collar.S01-S06.1080p.BluRay.x265-RARBG/White.Collar.S06.1080p.WEBRip.x265-RARBG/White.Collar.S06E04.1080p.WEBRip.x265-RARBG.mp4,6,4,1358522,data/encodings/1358522/1358522_S06E04_58992_1.npy
2913,1080,1920,0,548,617,712,780,4692,0.002,59016,/home/amos/media/tv/White.Collar.S01-S06.1080p.BluRay.x265-RARBG/White.Collar.S06.1080p.WEBRip.x265-RARBG/White.Collar.S06E04.1080p.WEBRip.x265-RARBG.mp4,6,4,1358522,data/encodings/1358522/1358522_S06E04_59016_0.npy
2914,1080,1920,0,555,624,726,794,4692,0.002,59040,/home/amos/media/tv/White.Collar.S01-S06.1080p.BluRay.x265-RARBG/White.Collar.S06.1080p.WEBRip.x265-RARBG/White.Collar.S06E04.1080p.WEBRip.x265-RARBG.mp4,6,4,1358522,data/encodings/1358522/1358522_S06E04_59040_0.npy
2915,1080,1920,1,756,813,736,793,3249,0.002,59040,/home/amos/media/tv/White.Collar.S01-S06.1080p.BluRay.x265-RARBG/White.Collar.S06.1080p.WEBRip.x265-RARBG/White.Collar.S06E04.1080p.WEBRip.x265-RARBG.mp4,6,4,1358522,data/encodings/1358522/1358522_S06E04_59040_1.npy
2916,1080,1920,0,1312,1430,243,361,13924,0.007,59064,/home/amos/media/tv/White.Collar.S01-S06.1080p.BluRay.x265-RARBG/White.Collar.S06.1080p.WEBRip.x265-RARBG/White.Collar.S06E04.1080p.WEBRip.x265-RARBG.mp4,6,4,1358522,data/encodings/1358522/1358522_S06E04_59064_0.npy
2917,1080,1920,1,535,603,719,787,4624,0.002,59064,/home/amos/media/tv/White.Collar.S01-S06.1080p.BluRay.x265-RARBG/White.Collar.S06.1080p.WEBRip.x265-RARBG/White.Collar.S06E04.1080p.WEBRip.x265-RARBG.mp4,6,4,1358522,data/encodings/1358522/1358522_S06E04_59064_1.npy
2918,1080,1920,0,890,1242,172,525,124256,0.06,59208,/home/amos/media/tv/White.Collar.S01-S06.1080p.BluRay.x265-RARBG/White.Collar.S06.1080p.WEBRip.x265-RARBG/White.Collar.S06E04.1080p.WEBRip.x265-RARBG.mp4,6,4,1358522,data/encodings/1358522/1358522_S06E04_59208_0.npy
2919,1080,1920,0,811,1234,175,598,178929,0.086,59232,/home/amos/media/tv/White.Collar.S01-S06.1080p.BluRay.x265-RARBG/White.Collar.S06.1080p.WEBRip.x265-RARBG/White.Collar.S06E04.1080p.WEBRip.x265-RARBG.mp4,6,4,1358522,data/encodings/1358522/1358522_S06E04_59232_0.npy
2920,1080,1920,0,533,885,208,560,123904,0.06,59256,/home/amos/media/tv/White.Collar.S01-S06.1080p.BluRay.x265-RARBG/White.Collar.S06.1080p.WEBRip.x265-RARBG/White.Collar.S06E04.1080p.WEBRip.x265-RARBG.mp4,6,4,1358522,data/encodings/1358522/1358522_S06E04_59256_0.npy
2921,1080,1920,0,569,921,208,560,123904,0.06,59280,/home/amos/media/tv/White.Collar.S01-S06.1080p.BluRay.x265-RARBG/White.Collar.S06.1080p.WEBRip.x265-RARBG/White.Collar.S06E04.1080p.WEBRip.x265-RARBG.mp4,6,4,1358522,data/encodings/1358522/1358522_S06E04_59280_0.npy
2922,1080,1920,0,587,729,183,325,20164,0.01,59304,/home/amos/media/tv/White.Collar.S01-S06.1080p.BluRay.x265-RARBG/White.Collar.S06.1080p.WEBRip.x265-RARBG/White.Collar.S06E04.1080p.WEBRip.x265-RARBG.mp4,6,4,1358522,data/encodings/1358522/1358522_S06E04_59304_0.npy
2923,1080,1920,0,645,786,212,353,19881,0.01,59328,/home/amos/media/tv/White.Collar.S01-S06.1080p.BluRay.x265-RARBG/White.Collar.S06.1080p.WEBRip.x265-RARBG/White.Collar.S06E04.1080p.WEBRip.x265-RARBG.mp4,6,4,1358522,data/encodings/1358522/1358522_S06E04_59328_0.npy
2924,1080,1920,0,679,797,219,337,13924,0.007,59352,/home/amos/media/tv/White.Collar.S01-S06.1080p.BluRay.x265-RARBG/White.Collar.S06.1080p.WEBRip.x265-RARBG/White.Collar.S06E04.1080p.WEBRip.x265-RARBG.mp4,6,4,1358522,data/encodings/1358522/1358522_S06E04_59352_0.npy
2925,1080,1920,0,569,921,208,560,123904,0.06,59376,/home/amos/media/tv/White.Collar.S01-S06.1080p.BluRay.x265-RARBG/White.Collar.S06.1080p.WEBRip.x265-RARBG/White.Collar.S06E04.1080p.WEBRip.x265-RARBG.mp4,6,4,1358522,data/encodings/1358522/1358522_S06E04_59376_0.npy
2926,1080,1920,0,604,956,208,560,123904,0.06,59400,/home/amos/media/tv/White.Collar.S01-S06.1080p.BluRay.x265-RARBG/White.Collar.S06.1080p.WEBRip.x265-RARBG/White.Collar.S06E04.1080p.WEBRip.x265-RARBG.mp4,6,4,1358522,data/encodings/1358522/1358522_S06E04_59400_0.npy
2927,1080,1920,0,569,921,244,596,123904,0.06,59424,/home/amos/media/tv/White.Collar.S01-S06.1080p.BluRay.x265-RARBG/White.Collar.S06.1080p.WEBRip.x265-RARBG/White.Collar.S06E04.1080p.WEBRip.x265-RARBG.mp4,6,4,1358522,data/encodings/1358522/1358522_S06E04_59424_0.npy
2928,1080,1920,0,811,1234,261,683,178506,0.086,59448,/home/amos/media/tv/White.Collar.S01-S06.1080p.BluRay.x265-RARBG/White.Collar.S06.1080p.WEBRip.x265-RARBG/White.Collar.S06E04.1080p.WEBRip.x265-RARBG.mp4,6,4,1358522,data/encodings/1358522/1358522_S06E04_59448_0.npy
2929,1080,1920,0,533,885,244,596,123904,0.06,59472,/home/amos/media/tv/White.Collar.S01-S06.1080p.BluRay.x265-RARBG/White.Collar.S06.1080p.WEBRip.x265-RARBG/White.Collar.S06E04.1080p.WEBRip.x265-RARBG.mp4,6,4,1358522,data/encodings/1358522/1358522_S06E04_59472_0.npy
2930,1080,1920,0,512,934,218,640,178084,0.086,59496,/home/amos/media/tv/White.Collar.S01-S06.1080p.BluRay.x265-RARBG/White.Collar.S06.1080p.WEBRip.x265-RARBG/White.Collar.S06E04.1080p.WEBRip.x265-RARBG.mp4,6,4,1358522,data/encodings/1358522/1358522_S06E04_59496_0.npy
2931,1080,1920,0,569,921,244,596,123904,0.06,59520,/home/amos/media/tv/White.Collar.S01-S06.1080p.BluRay.x265-RARBG/White.Collar.S06.1080p.WEBRip.x265-RARBG/White.Collar.S06E04.1080p.WEBRip.x265-RARBG.mp4,6,4,1358522,data/encodings/1358522/1358522_S06E04_59520_0.npy
2932,1080,1920,0,569,921,208,560,123904,0.06,59544,/home/amos/media/tv/White.Collar.S01-S06.1080p.BluRay.x265-RARBG/White.Collar.S06.1080p.WEBRip.x265-RARBG/White.Collar.S06E04.1080p.WEBRip.x265-RARBG.mp4,6,4,1358522,data/encodings/1358522/1358522_S06E04_59544_0.npy
2933,1080,1920,0,569,921,279,632,124256,0.06,59568,/home/amos/media/tv/White.Collar.S01-S06.1080p.BluRay.x265-RARBG/White.Collar.S06.1080p.WEBRip.x265-RARBG/White.Collar.S06E04.1080p.WEBRip.x265-RARBG.mp4,6,4,1358522,data/encodings/1358522/1358522_S06E04_59568_0.npy
2934,1080,1920,0,640,992,279,632,124256,0.06,59592,/home/amos/media/tv/White.Collar.S01-S06.1080p.BluRay.x265-RARBG/White.Collar.S06.1080p.WEBRip.x265-RARBG/White.Collar.S06E04.1080p.WEBRip.x265-RARBG.mp4,6,4,1358522,data/encodings/1358522/1358522_S06E04_59592_0.npy
2935,1080,1920,0,897,1319,261,683,178084,0.086,59616,/home/amos/media/tv/White.Collar.S01-S06.1080p.BluRay.x265-RARBG/White.Collar.S06.1080p.WEBRip.x265-RARBG/White.Collar.S06E04.1080p.WEBRip.x265-RARBG.mp4,6,4,1358522,data/encodings/1358522/1358522_S06E04_59616_0.npy
2936,1080,1920,0,897,1319,261,683,178084,0.086,59640,/home/amos/media/tv/White.Collar.S01-S06.1080p.BluRay.x265-RARBG/White.Collar.S06.1080p.WEBRip.x265-RARBG/White.Collar.S06E04.1080p.WEBRip.x265-RARBG.mp4,6,4,1358522,data/encodings/1358522/1358522_S06E04_59640_0.npy
2937,1080,1920,0,462,814,208,560,123904,0.06,59664,/home/amos/media/tv/White.Collar.S01-S06.1080p.BluRay.x265-RARBG/White.Collar.S06.1080p.WEBRip.x265-RARBG/White.Collar.S06E04.1080p.WEBRip.x265-RARBG.mp4,6,4,1358522,data/encodings/1358522/1358522_S06E04_59664_0.npy
2938,1080,1920,0,462,814,244,596,123904,0.06,59688,/home/amos/media/tv/White.Collar.S01-S06.1080p.BluRay.x265-RARBG/White.Collar.S06.1080p.WEBRip.x265-RARBG/White.Collar.S06E04.1080p.WEBRip.x265-RARBG.mp4,6,4,1358522,data/encodings/1358522/1358522_S06E04_59688_0.npy
2939,1080,1920,0,462,814,244,596,123904,0.06,59712,/home/amos/media/tv/White.Collar.S01-S06.1080p.BluRay.x265-RARBG/White.Collar.S06.1080p.WEBRip.x265-RARBG/White.Collar.S06E04.1080p.WEBRip.x265-RARBG.mp4,6,4,1358522,data/encodings/1358522/1358522_S06E04_59712_0.npy
2940,1080,1920,0,390,742,244,596,123904,0.06,59736,/home/amos/media/tv/White.Collar.S01-S06.1080p.BluRay.x265-RARBG/White.Collar.S06.1080p.WEBRip.x265-RARBG/White.Collar.S06E04.1080p.WEBRip.x265-RARBG.mp4,6,4,1358522,data/encodings/1358522/1358522_S06E04_59736_0.npy
2941,1080,1920,0,817,958,183,325,20022,0.01,59760,/home/amos/media/tv/White.Collar.S01-S06.1080p.BluRay.x265-RARBG/White.Collar.S06.1080p.WEBRip.x265-RARBG/White.Collar.S06E04.1080p.WEBRip.x265-RARBG.mp4,6,4,1358522,data/encodings/1358522/1358522_S06E04_59760_0.npy
2942,1080,1920,0,745,887,212,353,20022,0.01,59784,/home/amos/media/tv/White.Collar.S01-S06.1080p.BluRay.x265-RARBG/White.Collar.S06.1080p.WEBRip.x265-RARBG/White.Collar.S06E04.1080p.WEBRip.x265-RARBG.mp4,6,4,1358522,data/encodings/1358522/1358522_S06E04_59784_0.npy
2943,1080,1920,0,745,887,212,353,20022,0.01,59808,/home/amos/media/tv/White.Collar.S01-S06.1080p.BluRay.x265-RARBG/White.Collar.S06.1080p.WEBRip.x265-RARBG/White.Collar.S06E04.1080p.WEBRip.x265-RARBG.mp4,6,4,1358522,data/encodings/1358522/1358522_S06E04_59808_0.npy
2944,1080,1920,0,745,887,212,353,20022,0.01,59832,/home/amos/media/tv/White.Collar.S01-S06.1080p.BluRay.x265-RARBG/White.Collar.S06.1080p.WEBRip.x265-RARBG/White.Collar.S06E04.1080p.WEBRip.x265-RARBG.mp4,6,4,1358522,data/encodings/1358522/1358522_S06E04_59832_0.npy
2945,1080,1920,0,558,762,202,406,41616,0.02,59856,/home/amos/media/tv/White.Collar.S01-S06.1080p.BluRay.x265-RARBG/White.Collar.S06.1080p.WEBRip.x265-RARBG/White.Collar.S06E04.1080p.WEBRip.x265-RARBG.mp4,6,4,1358522,data/encodings/1358522/1358522_S06E04_59856_0.npy
2946,1080,1920,1,1198,1367,216,385,28561,0.014,59856,/home/amos/media/tv/White.Collar.S01-S06.1080p.BluRay.x265-RARBG/White.Collar.S06.1080p.WEBRip.x265-RARBG/White.Collar.S06E04.1080p.WEBRip.x265-RARBG.mp4,6,4,1358522,data/encodings/1358522/1358522_S06E04_59856_1.npy
2947,1080,1920,0,578,748,216,385,28730,0.014,59880,/home/amos/media/tv/White.Collar.S01-S06.1080p.BluRay.x265-RARBG/White.Collar.S06.1080p.WEBRip.x265-RARBG/White.Collar.S06E04.1080p.WEBRip.x265-RARBG.mp4,6,4,1358522,data/encodings/1358522/1358522_S06E04_59880_0.npy
2948,1080,1920,1,1215,1385,233,403,28900,0.014,59880,/home/amos/media/tv/White.Collar.S01-S06.1080p.BluRay.x265-RARBG/White.Collar.S06.1080p.WEBRip.x265-RARBG/White.Collar.S06E04.1080p.WEBRip.x265-RARBG.mp4,6,4,1358522,data/encodings/1358522/1358522_S06E04_59880_1.npy
2949,1080,1920,0,578,782,223,427,41616,0.02,59904,/home/amos/media/tv/White.Collar.S01-S06.1080p.BluRay.x265-RARBG/White.Collar.S06.1080p.WEBRip.x265-RARBG/White.Collar.S06E04.1080p.WEBRip.x265-RARBG.mp4,6,4,1358522,data/encodings/1358522/1358522_S06E04_59904_0.npy
2950,1080,1920,1,1215,1385,233,403,28900,0.014,59904,/home/amos/media/tv/White.Collar.S01-S06.1080p.BluRay.x265-RARBG/White.Collar.S06.1080p.WEBRip.x265-RARBG/White.Collar.S06E04.1080p.WEBRip.x265-RARBG.mp4,6,4,1358522,data/encodings/1358522/1358522_S06E04_59904_1.npy
2951,1080,1920,0,599,803,223,427,41616,0.02,59928,/home/amos/media/tv/White.Collar.S01-S06.1080p.BluRay.x265-RARBG/White.Collar.S06.1080p.WEBRip.x265-RARBG/White.Collar.S06E04.1080p.WEBRip.x265-RARBG.mp4,6,4,1358522,data/encodings/1358522/1358522_S06E04_59928_0.npy
2952,1080,1920,1,1232,1402,233,403,28900,0.014,59928,/home/amos/media/tv/White.Collar.S01-S06.1080p.BluRay.x265-RARBG/White.Collar.S06.1080p.WEBRip.x265-RARBG/White.Collar.S06E04.1080p.WEBRip.x265-RARBG.mp4,6,4,1358522,data/encodings/1358522/1358522_S06E04_59928_1.npy
2953,1080,1920,0,578,782,244,447,41412,0.02,59952,/home/amos/media/tv/White.Collar.S01-S06.1080p.BluRay.x265-RARBG/White.Collar.S06.1080p.WEBRip.x265-RARBG/White.Collar.S06E04.1080p.WEBRip.x265-RARBG.mp4,6,4,1358522,data/encodings/1358522/1358522_S06E04_59952_0.npy
2954,1080,1920,1,1232,1402,216,385,28730,0.014,59952,/home/amos/media/tv/White.Collar.S01-S06.1080p.BluRay.x265-RARBG/White.Collar.S06.1080p.WEBRip.x265-RARBG/White.Collar.S06E04.1080p.WEBRip.x265-RARBG.mp4,6,4,1358522,data/encodings/1358522/1358522_S06E04_59952_1.npy
2955,1080,1920,0,854,1277,261,683,178506,0.086,59976,/home/amos/media/tv/White.Collar.S01-S06.1080p.BluRay.x265-RARBG/White.Collar.S06.1080p.WEBRip.x265-RARBG/White.Collar.S06E04.1080p.WEBRip.x265-RARBG.mp4,6,4,1358522,data/encodings/1358522/1358522_S06E04_59976_0.npy
2956,1080,1920,0,854,1277,261,683,178506,0.086,60000,/home/amos/media/tv/White.Collar.S01-S06.1080p.BluRay.x265-RARBG/White.Collar.S06.1080p.WEBRip.x265-RARBG/White.Collar.S06E04.1080p.WEBRip.x265-RARBG.mp4,6,4,1358522,data/encodings/1358522/1358522_S06E04_60000_0.npy
2957,1080,1920,0,1060,1230,147,317,28900,0.014,60024,/home/amos/media/tv/White.Collar.S01-S06.1080p.BluRay.x265-RARBG/White.Collar.S06.1080p.WEBRip.x265-RARBG/White.Collar.S06E04.1080p.WEBRip.x265-RARBG.mp4,6,4,1358522,data/encodings/1358522/1358522_S06E04_60024_0.npy
2958,1080,1920,0,1094,1264,147,317,28900,0.014,60048,/home/amos/media/tv/White.Collar.S01-S06.1080p.BluRay.x265-RARBG/White.Collar.S06.1080p.WEBRip.x265-RARBG/White.Collar.S06E04.1080p.WEBRip.x265-RARBG.mp4,6,4,1358522,data/encodings/1358522/1358522_S06E04_60048_0.npy
2959,1080,1920,0,1074,1278,120,324,41616,0.02,60072,/home/amos/media/tv/White.Collar.S01-S06.1080p.BluRay.x265-RARBG/White.Collar.S06.1080p.WEBRip.x265-RARBG/White.Collar.S06E04.1080p.WEBRip.x265-RARBG.mp4,6,4,1358522,data/encodings/1358522/1358522_S06E04_60072_0.npy
2960,1080,1920,0,897,1319,261,683,178084,0.086,60096,/home/amos/media/tv/White.Collar.S01-S06.1080p.BluRay.x265-RARBG/White.Collar.S06.1080p.WEBRip.x265-RARBG/White.Collar.S06E04.1080p.WEBRip.x265-RARBG.mp4,6,4,1358522,data/encodings/1358522/1358522_S06E04_60096_0.npy
2961,1080,1920,0,854,1277,261,683,178506,0.086,60120,/home/amos/media/tv/White.Collar.S01-S06.1080p.BluRay.x265-RARBG/White.Collar.S06.1080p.WEBRip.x265-RARBG/White.Collar.S06E04.1080p.WEBRip.x265-RARBG.mp4,6,4,1358522,data/encodings/1358522/1358522_S06E04_60120_0.npy
2962,1080,1920,0,385,630,156,401,60025,0.029,60144,/home/amos/media/tv/White.Collar.S01-S06.1080p.BluRay.x265-RARBG/White.Collar.S06.1080p.WEBRip.x265-RARBG/White.Collar.S06E04.1080p.WEBRip.x265-RARBG.mp4,6,4,1358522,data/encodings/1358522/1358522_S06E04_60144_0.npy
2963,1080,1920,1,1129,1299,181,351,28900,0.014,60144,/home/amos/media/tv/White.Collar.S01-S06.1080p.BluRay.x265-RARBG/White.Collar.S06.1080p.WEBRip.x265-RARBG/White.Collar.S06E04.1080p.WEBRip.x265-RARBG.mp4,6,4,1358522,data/encodings/1358522/1358522_S06E04_60144_1.npy
2964,1080,1920,0,385,630,181,426,60025,0.029,60168,/home/amos/media/tv/White.Collar.S01-S06.1080p.BluRay.x265-RARBG/White.Collar.S06.1080p.WEBRip.x265-RARBG/White.Collar.S06E04.1080p.WEBRip.x265-RARBG.mp4,6,4,1358522,data/encodings/1358522/1358522_S06E04_60168_0.npy
2965,1080,1920,1,1156,1360,182,385,41412,0.02,60168,/home/amos/media/tv/White.Collar.S01-S06.1080p.BluRay.x265-RARBG/White.Collar.S06.1080p.WEBRip.x265-RARBG/White.Collar.S06E04.1080p.WEBRip.x265-RARBG.mp4,6,4,1358522,data/encodings/1358522/1358522_S06E04_60168_1.npy
2966,1080,1920,0,385,630,181,426,60025,0.029,60192,/home/amos/media/tv/White.Collar.S01-S06.1080p.BluRay.x265-RARBG/White.Collar.S06.1080p.WEBRip.x265-RARBG/White.Collar.S06E04.1080p.WEBRip.x265-RARBG.mp4,6,4,1358522,data/encodings/1358522/1358522_S06E04_60192_0.npy
2967,1080,1920,1,1156,1360,161,365,41616,0.02,60192,/home/amos/media/tv/White.Collar.S01-S06.1080p.BluRay.x265-RARBG/White.Collar.S06.1080p.WEBRip.x265-RARBG/White.Collar.S06E04.1080p.WEBRip.x265-RARBG.mp4,6,4,1358522,data/encodings/1358522/1358522_S06E04_60192_1.npy
2968,1080,1920,0,794,1301,210,717,257049,0.124,60216,/home/amos/media/tv/White.Collar.S01-S06.1080p.BluRay.x265-RARBG/White.Collar.S06.1080p.WEBRip.x265-RARBG/White.Collar.S06E04.1080p.WEBRip.x265-RARBG.mp4,6,4,1358522,data/encodings/1358522/1358522_S06E04_60216_0.npy
2969,1080,1920,0,845,1353,262,769,257556,0.124,60240,/home/amos/media/tv/White.Collar.S01-S06.1080p.BluRay.x265-RARBG/White.Collar.S06.1080p.WEBRip.x265-RARBG/White.Collar.S06E04.1080p.WEBRip.x265-RARBG.mp4,6,4,1358522,data/encodings/1358522/1358522_S06E04_60240_0.npy
2970,1080,1920,0,604,956,244,596,123904,0.06,60264,/home/amos/media/tv/White.Collar.S01-S06.1080p.BluRay.x265-RARBG/White.Collar.S06.1080p.WEBRip.x265-RARBG/White.Collar.S06E04.1080p.WEBRip.x265-RARBG.mp4,6,4,1358522,data/encodings/1358522/1358522_S06E04_60264_0.npy
2971,1080,1920,0,604,956,279,632,124256,0.06,60288,/home/amos/media/tv/White.Collar.S01-S06.1080p.BluRay.x265-RARBG/White.Collar.S06.1080p.WEBRip.x265-RARBG/White.Collar.S06E04.1080p.WEBRip.x265-RARBG.mp4,6,4,1358522,data/encodings/1358522/1358522_S06E04_60288_0.npy
2972,1080,1920,0,604,956,244,596,123904,0.06,60312,/home/amos/media/tv/White.Collar.S01-S06.1080p.BluRay.x265-RARBG/White.Collar.S06.1080p.WEBRip.x265-RARBG/White.Collar.S06E04.1080p.WEBRip.x265-RARBG.mp4,6,4,1358522,data/encodings/1358522/1358522_S06E04_60312_0.npy
2973,1080,1920,0,845,1353,210,717,257556,0.124,60336,/home/amos/media/tv/White.Collar.S01-S06.1080p.BluRay.x265-RARBG/White.Collar.S06.1080p.WEBRip.x265-RARBG/White.Collar.S06E04.1080p.WEBRip.x265-RARBG.mp4,6,4,1358522,data/encodings/1358522/1358522_S06E04_60336_0.npy
2974,1080,1920,0,794,1301,210,717,257049,0.124,60360,/home/amos/media/tv/White.Collar.S01-S06.1080p.BluRay.x265-RARBG/White.Collar.S06.1080p.WEBRip.x265-RARBG/White.Collar.S06E04.1080p.WEBRip.x265-RARBG.mp4,6,4,1358522,data/encodings/1358522/1358522_S06E04_60360_0.npy
2975,1080,1920,0,1260,1463,223,427,41412,0.02,60384,/home/amos/media/tv/White.Collar.S01-S06.1080p.BluRay.x265-RARBG/White.Collar.S06.1080p.WEBRip.x265-RARBG/White.Collar.S06E04.1080p.WEBRip.x265-RARBG.mp4,6,4,1358522,data/encodings/1358522/1358522_S06E04_60384_0.npy
2976,1080,1920,0,1260,1463,202,406,41412,0.02,60408,/home/amos/media/tv/White.Collar.S01-S06.1080p.BluRay.x265-RARBG/White.Collar.S06.1080p.WEBRip.x265-RARBG/White.Collar.S06E04.1080p.WEBRip.x265-RARBG.mp4,6,4,1358522,data/encodings/1358522/1358522_S06E04_60408_0.npy
2977,1080,1920,1,558,803,181,426,60025,0.029,60408,/home/amos/media/tv/White.Collar.S01-S06.1080p.BluRay.x265-RARBG/White.Collar.S06.1080p.WEBRip.x265-RARBG/White.Collar.S06E04.1080p.WEBRip.x265-RARBG.mp4,6,4,1358522,data/encodings/1358522/1358522_S06E04_60408_1.npy
2978,1080,1920,0,484,729,181,426,60025,0.029,60432,/home/amos/media/tv/White.Collar.S01-S06.1080p.BluRay.x265-RARBG/White.Collar.S06.1080p.WEBRip.x265-RARBG/White.Collar.S06E04.1080p.WEBRip.x265-RARBG.mp4,6,4,1358522,data/encodings/1358522/1358522_S06E04_60432_0.npy
2979,1080,1920,1,1280,1484,202,406,41616,0.02,60432,/home/amos/media/tv/White.Collar.S01-S06.1080p.BluRay.x265-RARBG/White.Collar.S06.1080p.WEBRip.x265-RARBG/White.Collar.S06E04.1080p.WEBRip.x265-RARBG.mp4,6,4,1358522,data/encodings/1358522/1358522_S06E04_60432_1.npy
2980,1080,1920,0,794,1301,210,717,257049,0.124,60456,/home/amos/media/tv/White.Collar.S01-S06.1080p.BluRay.x265-RARBG/White.Collar.S06.1080p.WEBRip.x265-RARBG/White.Collar.S06E04.1080p.WEBRip.x265-RARBG.mp4,6,4,1358522,data/encodings/1358522/1358522_S06E04_60456_0.npy
2981,1080,1920,0,845,1353,210,717,257556,0.124,60480,/home/amos/media/tv/White.Collar.S01-S06.1080p.BluRay.x265-RARBG/White.Collar.S06.1080p.WEBRip.x265-RARBG/White.Collar.S06E04.1080p.WEBRip.x265-RARBG.mp4,6,4,1358522,data/encodings/1358522/1358522_S06E04_60480_0.npy
2982,1080,1920,0,794,1301,210,717,257049,0.124,60504,/home/amos/media/tv/White.Collar.S01-S06.1080p.BluRay.x265-RARBG/White.Collar.S06.1080p.WEBRip.x265-RARBG/White.Collar.S06E04.1080p.WEBRip.x265-RARBG.mp4,6,4,1358522,data/encodings/1358522/1358522_S06E04_60504_0.npy
2983,1080,1920,0,794,1301,210,717,257049,0.124,60528,/home/amos/media/tv/White.Collar.S01-S06.1080p.BluRay.x265-RARBG/White.Collar.S06.1080p.WEBRip.x265-RARBG/White.Collar.S06E04.1080p.WEBRip.x265-RARBG.mp4,6,4,1358522,data/encodings/1358522/1358522_S06E04_60528_0.npy
2984,1080,1920,0,753,1362,160,769,370881,0.179,60552,/home/amos/media/tv/White.Collar.S01-S06.1080p.BluRay.x265-RARBG/White.Collar.S06.1080p.WEBRip.x265-RARBG/White.Collar.S06E04.1080p.WEBRip.x265-RARBG.mp4,6,4,1358522,data/encodings/1358522/1358522_S06E04_60552_0.npy
2985,1080,1920,0,1073,1112,449,489,1560,0.001,60696,/home/amos/media/tv/White.Collar.S01-S06.1080p.BluRay.x265-RARBG/White.Collar.S06.1080p.WEBRip.x265-RARBG/White.Collar.S06E04.1080p.WEBRip.x265-RARBG.mp4,6,4,1358522,data/encodings/1358522/1358522_S06E04_60696_0.npy
2986,1080,1920,0,1040,1122,627,709,6724,0.003,60720,/home/amos/media/tv/White.Collar.S01-S06.1080p.BluRay.x265-RARBG/White.Collar.S06.1080p.WEBRip.x265-RARBG/White.Collar.S06E04.1080p.WEBRip.x265-RARBG.mp4,6,4,1358522,data/encodings/1358522/1358522_S06E04_60720_0.npy
2987,1080,1920,0,1040,1122,627,709,6724,0.003,60744,/home/amos/media/tv/White.Collar.S01-S06.1080p.BluRay.x265-RARBG/White.Collar.S06.1080p.WEBRip.x265-RARBG/White.Collar.S06E04.1080p.WEBRip.x265-RARBG.mp4,6,4,1358522,data/encodings/1358522/1358522_S06E04_60744_0.npy
2988,1080,1920,0,822,940,327,445,13924,0.007,60768,/home/amos/media/tv/White.Collar.S01-S06.1080p.BluRay.x265-RARBG/White.Collar.S06.1080p.WEBRip.x265-RARBG/White.Collar.S06E04.1080p.WEBRip.x265-RARBG.mp4,6,4,1358522,data/encodings/1358522/1358522_S06E04_60768_0.npy
2989,1080,1920,0,834,952,327,445,13924,0.007,60792,/home/amos/media/tv/White.Collar.S01-S06.1080p.BluRay.x265-RARBG/White.Collar.S06.1080p.WEBRip.x265-RARBG/White.Collar.S06E04.1080p.WEBRip.x265-RARBG.mp4,6,4,1358522,data/encodings/1358522/1358522_S06E04_60792_0.npy
2990,1080,1920,0,846,964,315,433,13924,0.007,60816,/home/amos/media/tv/White.Collar.S01-S06.1080p.BluRay.x265-RARBG/White.Collar.S06.1080p.WEBRip.x265-RARBG/White.Collar.S06E04.1080p.WEBRip.x265-RARBG.mp4,6,4,1358522,data/encodings/1358522/1358522_S06E04_60816_0.npy
2991,1080,1920,0,834,952,315,433,13924,0.007,60840,/home/amos/media/tv/White.Collar.S01-S06.1080p.BluRay.x265-RARBG/White.Collar.S06.1080p.WEBRip.x265-RARBG/White.Collar.S06E04.1080p.WEBRip.x265-RARBG.mp4,6,4,1358522,data/encodings/1358522/1358522_S06E04_60840_0.npy
2992,1080,1920,0,906,1024,291,409,13924,0.007,60864,/home/amos/media/tv/White.Collar.S01-S06.1080p.BluRay.x265-RARBG/White.Collar.S06.1080p.WEBRip.x265-RARBG/White.Collar.S06E04.1080p.WEBRip.x265-RARBG.mp4,6,4,1358522,data/encodings/1358522/1358522_S06E04_60864_0.npy
2993,1080,1920,0,759,901,197,339,20164,0.01,60888,/home/amos/media/tv/White.Collar.S01-S06.1080p.BluRay.x265-RARBG/White.Collar.S06.1080p.WEBRip.x265-RARBG/White.Collar.S06E04.1080p.WEBRip.x265-RARBG.mp4,6,4,1358522,data/encodings/1358522/1358522_S06E04_60888_0.npy
2994,1080,1920,0,699,869,181,351,28900,0.014,60912,/home/amos/media/tv/White.Collar.S01-S06.1080p.BluRay.x265-RARBG/White.Collar.S06.1080p.WEBRip.x265-RARBG/White.Collar.S06E04.1080p.WEBRip.x265-RARBG.mp4,6,4,1358522,data/encodings/1358522/1358522_S06E04_60912_0.npy
2995,1080,1920,0,1012,1216,244,447,41412,0.02,60936,/home/amos/media/tv/White.Collar.S01-S06.1080p.BluRay.x265-RARBG/White.Collar.S06.1080p.WEBRip.x265-RARBG/White.Collar.S06E04.1080p.WEBRip.x265-RARBG.mp4,6,4,1358522,data/encodings/1358522/1358522_S06E04_60936_0.npy
2996,1080,1920,0,1026,1195,267,437,28730,0.014,60960,/home/amos/media/tv/White.Collar.S01-S06.1080p.BluRay.x265-RARBG/White.Collar.S06.1080p.WEBRip.x265-RARBG/White.Collar.S06E04.1080p.WEBRip.x265-RARBG.mp4,6,4,1358522,data/encodings/1358522/1358522_S06E04_60960_0.npy
2997,1080,1920,0,991,1195,244,447,41412,0.02,60984,/home/amos/media/tv/White.Collar.S01-S06.1080p.BluRay.x265-RARBG/White.Collar.S06.1080p.WEBRip.x265-RARBG/White.Collar.S06E04.1080p.WEBRip.x265-RARBG.mp4,6,4,1358522,data/encodings/1358522/1358522_S06E04_60984_0.npy
2998,1080,1920,0,599,803,182,385,41412,0.02,61008,/home/amos/media/tv/White.Collar.S01-S06.1080p.BluRay.x265-RARBG/White.Collar.S06.1080p.WEBRip.x265-RARBG/White.Collar.S06E04.1080p.WEBRip.x265-RARBG.mp4,6,4,1358522,data/encodings/1358522/1358522_S06E04_61008_0.npy
2999,1080,1920,0,599,803,202,406,41616,0.02,61032,/home/amos/media/tv/White.Collar.S01-S06.1080p.BluRay.x265-RARBG/White.Collar.S06.1080p.WEBRip.x265-RARBG/White.Collar.S06E04.1080p.WEBRip.x265-RARBG.mp4,6,4,1358522,data/encodings/1358522/1358522_S06E04_61032_0.npy
3000,1080,1920,0,620,824,182,385,41412,0.02,61056,/home/amos/media/tv/White.Collar.S01-S06.1080p.BluRay.x265-RARBG/White.Collar.S06.1080p.WEBRip.x265-RARBG/White.Collar.S06E04.1080p.WEBRip.x265-RARBG.mp4,6,4,1358522,data/encodings/1358522/1358522_S06E04_61056_0.npy
3001,1080,1920,0,583,828,181,426,60025,0.029,61080,/home/amos/media/tv/White.Collar.S01-S06.1080p.BluRay.x265-RARBG/White.Collar.S06.1080p.WEBRip.x265-RARBG/White.Collar.S06E04.1080p.WEBRip.x265-RARBG.mp4,6,4,1358522,data/encodings/1358522/1358522_S06E04_61080_0.npy
3002,1080,1920,0,946,1087,455,597,20022,0.01,61104,/home/amos/media/tv/White.Collar.S01-S06.1080p.BluRay.x265-RARBG/White.Collar.S06.1080p.WEBRip.x265-RARBG/White.Collar.S06E04.1080p.WEBRip.x265-RARBG.mp4,6,4,1358522,data/encodings/1358522/1358522_S06E04_61104_0.npy
3003,1080,1920,0,989,1130,441,583,20022,0.01,61128,/home/amos/media/tv/White.Collar.S01-S06.1080p.BluRay.x265-RARBG/White.Collar.S06.1080p.WEBRip.x265-RARBG/White.Collar.S06E04.1080p.WEBRip.x265-RARBG.mp4,6,4,1358522,data/encodings/1358522/1358522_S06E04_61128_0.npy
3004,1080,1920,0,888,1058,370,540,28900,0.014,61152,/home/amos/media/tv/White.Collar.S01-S06.1080p.BluRay.x265-RARBG/White.Collar.S06.1080p.WEBRip.x265-RARBG/White.Collar.S06E04.1080p.WEBRip.x265-RARBG.mp4,6,4,1358522,data/encodings/1358522/1358522_S06E04_61152_0.npy
3005,1080,1920,0,888,1058,353,523,28900,0.014,61176,/home/amos/media/tv/White.Collar.S01-S06.1080p.BluRay.x265-RARBG/White.Collar.S06.1080p.WEBRip.x265-RARBG/White.Collar.S06E04.1080p.WEBRip.x265-RARBG.mp4,6,4,1358522,data/encodings/1358522/1358522_S06E04_61176_0.npy
3006,1080,1920,0,922,1092,336,506,28900,0.014,61200,/home/amos/media/tv/White.Collar.S01-S06.1080p.BluRay.x265-RARBG/White.Collar.S06.1080p.WEBRip.x265-RARBG/White.Collar.S06E04.1080p.WEBRip.x265-RARBG.mp4,6,4,1358522,data/encodings/1358522/1358522_S06E04_61200_0.npy
3007,1080,1920,0,940,1110,302,471,28730,0.014,61224,/home/amos/media/tv/White.Collar.S01-S06.1080p.BluRay.x265-RARBG/White.Collar.S06.1080p.WEBRip.x265-RARBG/White.Collar.S06E04.1080p.WEBRip.x265-RARBG.mp4,6,4,1358522,data/encodings/1358522/1358522_S06E04_61224_0.npy
3008,1080,1920,0,909,1113,264,468,41616,0.02,61248,/home/amos/media/tv/White.Collar.S01-S06.1080p.BluRay.x265-RARBG/White.Collar.S06.1080p.WEBRip.x265-RARBG/White.Collar.S06E04.1080p.WEBRip.x265-RARBG.mp4,6,4,1358522,data/encodings/1358522/1358522_S06E04_61248_0.npy
3009,1080,1920,0,909,1113,223,427,41616,0.02,61272,/home/amos/media/tv/White.Collar.S01-S06.1080p.BluRay.x265-RARBG/White.Collar.S06.1080p.WEBRip.x265-RARBG/White.Collar.S06E04.1080p.WEBRip.x265-RARBG.mp4,6,4,1358522,data/encodings/1358522/1358522_S06E04_61272_0.npy
3010,1080,1920,0,585,878,195,489,86142,0.042,61296,/home/amos/media/tv/White.Collar.S01-S06.1080p.BluRay.x265-RARBG/White.Collar.S06.1080p.WEBRip.x265-RARBG/White.Collar.S06E04.1080p.WEBRip.x265-RARBG.mp4,6,4,1358522,data/encodings/1358522/1358522_S06E04_61296_0.npy
3011,1080,1920,0,585,878,225,519,86142,0.042,61320,/home/amos/media/tv/White.Collar.S01-S06.1080p.BluRay.x265-RARBG/White.Collar.S06.1080p.WEBRip.x265-RARBG/White.Collar.S06E04.1080p.WEBRip.x265-RARBG.mp4,6,4,1358522,data/encodings/1358522/1358522_S06E04_61320_0.npy
3012,1080,1920,0,585,878,225,519,86142,0.042,61344,/home/amos/media/tv/White.Collar.S01-S06.1080p.BluRay.x265-RARBG/White.Collar.S06.1080p.WEBRip.x265-RARBG/White.Collar.S06E04.1080p.WEBRip.x265-RARBG.mp4,6,4,1358522,data/encodings/1358522/1358522_S06E04_61344_0.npy
3013,1080,1920,0,569,921,208,560,123904,0.06,61368,/home/amos/media/tv/White.Collar.S01-S06.1080p.BluRay.x265-RARBG/White.Collar.S06.1080p.WEBRip.x265-RARBG/White.Collar.S06E04.1080p.WEBRip.x265-RARBG.mp4,6,4,1358522,data/encodings/1358522/1358522_S06E04_61368_0.npy
3014,1080,1920,0,604,956,172,525,124256,0.06,61392,/home/amos/media/tv/White.Collar.S01-S06.1080p.BluRay.x265-RARBG/White.Collar.S06.1080p.WEBRip.x265-RARBG/White.Collar.S06E04.1080p.WEBRip.x265-RARBG.mp4,6,4,1358522,data/encodings/1358522/1358522_S06E04_61392_0.npy
