,series_id,episode_id,season,episode,frame_num,face_num,img_height,img_width,x1,y1,x2,y2,area,pct_of_frame,encoding_path,confidence
711392,1442437,1583904,1,15,72,0,1080,1920,731,197,872,339,20022,0.01,,
711393,1442437,1583904,1,15,96,0,1080,1920,630,147,800,317,28900,0.014,,
711394,1442437,1583904,1,15,96,1,1080,1920,918,196,1036,314,13924,0.007,,
711395,1442437,1583904,1,15,120,0,1080,1920,1008,112,1178,282,28900,0.014,,
711396,1442437,1583904,1,15,120,1,1080,1920,527,181,697,351,28900,0.014,,
711397,1442437,1583904,1,15,144,0,1080,1920,1012,120,1216,324,41616,0.02,,
711398,1442437,1583904,1,15,168,0,1080,1920,1129,198,1299,368,28900,0.014,,
711399,1442437,1583904,1,15,168,1,1080,1920,389,284,559,454,28900,0.014,,
711400,1442437,1583904,1,15,192,0,1080,1920,475,284,645,454,28900,0.014,,
711401,1442437,1583904,1,15,192,1,1080,1920,1136,161,1340,365,41616,0.02,,
711402,1442437,1583904,1,15,216,0,1080,1920,406,267,576,437,28900,0.014,,
711403,1442437,1583904,1,15,216,1,1080,1920,1077,198,1247,368,28900,0.014,,
711404,1442437,1583904,1,15,240,0,1080,1920,819,319,989,489,28900,0.014,,
711405,1442437,1583904,1,15,240,1,1080,1920,1112,181,1281,351,28730,0.014,,
711406,1442437,1583904,1,15,264,0,1080,1920,774,355,915,497,20022,0.01,,
711407,1442437,1583904,1,15,264,1,1080,1920,1074,182,1278,385,41412,0.02,,
711408,1442437,1583904,1,15,288,0,1080,1920,774,341,915,482,19881,0.01,,
711409,1442437,1583904,1,15,288,1,1080,1920,1053,182,1257,385,41412,0.02,,
711410,1442437,1583904,1,15,312,0,1080,1920,750,284,920,454,28900,0.014,,
711411,1442437,1583904,1,15,336,0,1080,1920,871,284,1041,454,28900,0.014,,
711412,1442437,1583904,1,15,360,0,1080,1920,659,341,801,482,20022,0.01,,
711413,1442437,1583904,1,15,384,0,1080,1920,1252,280,1496,525,59780,0.029,,
711414,1442437,1583904,1,15,384,1,1080,1920,187,330,431,574,59536,0.029,,
711415,1442437,1583904,1,15,408,0,1080,1920,1227,206,1472,450,59780,0.029,,
711416,1442437,1583904,1,15,408,1,1080,1920,169,314,462,608,86142,0.042,,
711417,1442437,1583904,1,15,432,0,1080,1920,509,305,753,550,59780,0.029,,
711418,1442437,1583904,1,15,504,0,1080,1920,559,111,700,253,20022,0.01,,
711419,1442437,1583904,1,15,528,0,1080,1920,573,140,715,282,20164,0.01,,
711420,1442437,1583904,1,15,552,0,1080,1920,616,111,758,253,20164,0.01,,
711421,1442437,1583904,1,15,576,0,1080,1920,1094,181,1264,351,28900,0.014,,
711422,1442437,1583904,1,15,600,0,1080,1920,1033,182,1236,385,41209,0.02,,
711423,1442437,1583904,1,15,624,0,1080,1920,1094,182,1298,385,41412,0.02,,
711424,1442437,1583904,1,15,648,0,1080,1920,1043,181,1213,351,28900,0.014,,
711425,1442437,1583904,1,15,672,0,1080,1920,1053,182,1257,385,41412,0.02,,
711426,1442437,1583904,1,15,696,0,1080,1920,1033,223,1236,427,41412,0.02,,
711427,1442437,1583904,1,15,720,0,1080,1920,578,181,748,351,28900,0.014,,
711428,1442437,1583904,1,15,768,0,1080,1920,1078,181,1323,426,60025,0.029,,
711429,1442437,1583904,1,15,792,0,1080,1920,1054,107,1298,351,59536,0.029,,
711430,1442437,1583904,1,15,816,0,1080,1920,1103,206,1348,450,59780,0.029,,
711431,1442437,1583904,1,15,840,0,1080,1920,979,181,1224,426,60025,0.029,,
711432,1442437,1583904,1,15,888,0,1080,1920,1004,156,1249,401,60025,0.029,,
711433,1442437,1583904,1,15,912,0,1080,1920,979,280,1224,525,60025,0.029,,
711434,1442437,1583904,1,15,936,0,1080,1920,1004,305,1249,550,60025,0.029,,
711435,1442437,1583904,1,15,960,0,1080,1920,604,172,956,525,124256,0.06,,
711436,1442437,1583904,1,15,984,0,1080,1920,569,208,921,560,123904,0.06,,
711437,1442437,1583904,1,15,1008,0,1080,1920,882,77,1176,370,86142,0.042,,
711438,1442437,1583904,1,15,1032,0,1080,1920,955,181,1199,426,59780,0.029,,
711439,1442437,1583904,1,15,1056,0,1080,1920,558,202,762,406,41616,0.02,,
711440,1442437,1583904,1,15,1080,0,1080,1920,657,181,902,426,60025,0.029,,
711441,1442437,1583904,1,15,1104,0,1080,1920,1061,195,1354,489,86142,0.042,,
711442,1442437,1583904,1,15,1128,0,1080,1920,971,195,1265,489,86436,0.042,,
711443,1442437,1583904,1,15,1152,0,1080,1920,1004,156,1249,401,60025,0.029,,
711444,1442437,1583904,1,15,1176,0,1080,1920,1029,255,1273,500,59780,0.029,,
711445,1442437,1583904,1,15,1200,0,1080,1920,682,99,885,303,41412,0.02,,
711446,1442437,1583904,1,15,1224,0,1080,1920,744,120,947,324,41412,0.02,,
711447,1442437,1583904,1,15,1248,0,1080,1920,661,78,865,282,41616,0.02,,
711448,1442437,1583904,1,15,1272,0,1080,1920,925,244,1277,596,123904,0.06,,
711449,1442437,1583904,1,15,1296,0,1080,1920,925,208,1277,560,123904,0.06,,
711450,1442437,1583904,1,15,1320,0,1080,1920,961,208,1313,560,123904,0.06,,
711451,1442437,1583904,1,15,1344,0,1080,1920,558,181,803,426,60025,0.029,,
711452,1442437,1583904,1,15,1368,0,1080,1920,608,181,852,426,59780,0.029,,
711453,1442437,1583904,1,15,1392,0,1080,1920,961,172,1313,525,124256,0.06,,
711454,1442437,1583904,1,15,1416,0,1080,1920,633,206,877,450,59536,0.029,,
711455,1442437,1583904,1,15,1440,0,1080,1920,633,280,877,525,59780,0.029,,
711456,1442437,1583904,1,15,1488,0,1080,1920,890,172,1242,525,124256,0.06,,
711457,1442437,1583904,1,15,1512,0,1080,1920,942,195,1235,489,86142,0.042,,
711458,1442437,1583904,1,15,1536,0,1080,1920,925,172,1277,525,124256,0.06,,
711459,1442437,1583904,1,15,1560,0,1080,1920,1031,195,1324,489,86142,0.042,,
711460,1442437,1583904,1,15,1584,0,1080,1920,997,172,1349,525,124256,0.06,,
711461,1442437,1583904,1,15,1608,0,1080,1920,604,315,956,667,123904,0.06,,
711462,1442437,1583904,1,15,1632,0,1080,1920,604,244,956,596,123904,0.06,,
711463,1442437,1583904,1,15,1656,0,1080,1920,961,137,1313,489,123904,0.06,,
711464,1442437,1583904,1,15,1680,0,1080,1920,1001,166,1295,459,86142,0.042,,
711465,1442437,1583904,1,15,1704,0,1080,1920,997,172,1349,525,124256,0.06,,
711466,1442437,1583904,1,15,1728,0,1080,1920,707,156,952,401,60025,0.029,,
711467,1442437,1583904,1,15,1752,0,1080,1920,955,255,1199,500,59780,0.029,,
711468,1442437,1583904,1,15,1776,0,1080,1920,925,172,1277,525,124256,0.06,,
711469,1442437,1583904,1,15,1800,0,1080,1920,633,231,877,475,59536,0.029,,
711470,1442437,1583904,1,15,1824,0,1080,1920,1001,225,1295,519,86436,0.042,,
711471,1442437,1583904,1,15,1848,0,1080,1920,971,195,1265,489,86436,0.042,,
711472,1442437,1583904,1,15,1872,0,1080,1920,912,195,1205,489,86142,0.042,,
711473,1442437,1583904,1,15,1896,0,1080,1920,942,195,1235,489,86142,0.042,,
711474,1442437,1583904,1,15,1920,0,1080,1920,657,280,902,525,60025,0.029,,
711475,1442437,1583904,1,15,1944,0,1080,1920,971,195,1265,489,86436,0.042,,
711476,1442437,1583904,1,15,1968,0,1080,1920,961,172,1313,525,124256,0.06,,
711477,1442437,1583904,1,15,1968,1,1080,1920,991,223,1195,427,41616,0.02,,
711478,1442437,1583904,1,15,1992,0,1080,1920,555,195,849,489,86436,0.042,,
711479,1442437,1583904,1,15,2016,0,1080,1920,558,107,803,351,59780,0.029,,
711480,1442437,1583904,1,15,2040,0,1080,1920,633,280,877,525,59780,0.029,,
711481,1442437,1583904,1,15,2064,0,1080,1920,526,225,819,519,86142,0.042,,
711482,1442437,1583904,1,15,2088,0,1080,1920,997,244,1349,596,123904,0.06,,
711483,1442437,1583904,1,15,2112,0,1080,1920,569,208,921,560,123904,0.06,,
711484,1442437,1583904,1,15,2160,0,1080,1920,469,303,891,726,178506,0.086,,
711485,1442437,1583904,1,15,2184,0,1080,1920,554,261,977,683,178506,0.086,,
711486,1442437,1583904,1,15,2208,0,1080,1920,683,261,1105,683,178084,0.086,,
711487,1442437,1583904,1,15,2232,0,1080,1920,683,303,1105,726,178506,0.086,,
711488,1442437,1583904,1,15,2256,0,1080,1920,683,303,1105,726,178506,0.086,,
711489,1442437,1583904,1,15,2280,0,1080,1920,793,344,1087,637,86142,0.042,,
711490,1442437,1583904,1,15,2280,1,1080,1920,691,262,1198,769,257049,0.124,,
711491,1442437,1583904,1,15,2304,0,1080,1920,793,374,1087,667,86142,0.042,,
711492,1442437,1583904,1,15,2304,1,1080,1920,691,262,1198,769,257049,0.124,,
711493,1442437,1583904,1,15,2328,0,1080,1920,882,285,1176,578,86142,0.042,,
711494,1442437,1583904,1,15,2352,0,1080,1920,882,285,1176,578,86142,0.042,,
711495,1442437,1583904,1,15,2376,0,1080,1920,436,285,730,578,86142,0.042,,
711496,1442437,1583904,1,15,2376,1,1080,1920,1128,280,1373,525,60025,0.029,,
711497,1442437,1583904,1,15,2400,0,1080,1920,347,255,641,548,86142,0.042,,
711498,1442437,1583904,1,15,2400,1,1080,1920,1202,280,1447,525,60025,0.029,,
711499,1442437,1583904,1,15,2424,0,1080,1920,496,225,789,519,86142,0.042,,
711500,1442437,1583904,1,15,2424,1,1080,1920,1202,280,1447,525,60025,0.029,,
711501,1442437,1583904,1,15,2448,0,1080,1920,377,225,670,519,86142,0.042,,
711502,1442437,1583904,1,15,2448,1,1080,1920,1252,305,1496,550,59780,0.029,,
711503,1442437,1583904,1,15,2472,0,1080,1920,435,305,679,550,59780,0.029,,
711504,1442437,1583904,1,15,2472,1,1080,1920,1280,326,1484,530,41616,0.02,,
711505,1442437,1583904,1,15,2496,0,1080,1920,496,285,789,578,85849,0.041,,
711506,1442437,1583904,1,15,2496,1,1080,1920,1202,280,1447,525,60025,0.029,,
711507,1442437,1583904,1,15,2520,0,1080,1920,466,285,760,578,86142,0.042,,
711508,1442437,1583904,1,15,2520,1,1080,1920,1198,326,1401,530,41412,0.02,,
711509,1442437,1583904,1,15,2592,0,1080,1920,763,344,1057,637,86142,0.042,,
711510,1442437,1583904,1,15,2616,0,1080,1920,871,181,1041,351,28900,0.014,,
711511,1442437,1583904,1,15,2640,0,1080,1920,750,233,920,403,28900,0.014,,
711512,1442437,1583904,1,15,2664,0,1080,1920,854,181,1024,351,28900,0.014,,
711513,1442437,1583904,1,15,2664,1,1080,1920,1025,267,1143,385,13924,0.007,,
711514,1442437,1583904,1,15,2688,0,1080,1920,806,140,1009,344,41412,0.02,,
711515,1442437,1583904,1,15,2688,1,1080,1920,1073,243,1191,361,13924,0.007,,
711516,1442437,1583904,1,15,2688,2,1080,1920,846,172,964,290,13924,0.007,,
711517,1442437,1583904,1,15,2736,0,1080,1920,852,225,1146,519,86436,0.042,,
711518,1442437,1583904,1,15,2736,1,1080,1920,1335,370,1505,540,28900,0.014,,
711519,1442437,1583904,1,15,2760,0,1080,1920,823,195,1116,489,86142,0.042,,
711520,1442437,1583904,1,15,2760,1,1080,1920,1301,326,1505,530,41616,0.02,,
711521,1442437,1583904,1,15,2784,0,1080,1920,856,255,1100,500,59780,0.029,,
711522,1442437,1583904,1,15,2784,1,1080,1920,1215,370,1385,540,28900,0.014,,
711523,1442437,1583904,1,15,2808,0,1080,1920,1218,326,1422,530,41616,0.02,,
711524,1442437,1583904,1,15,2808,1,1080,1920,793,195,1087,489,86436,0.042,,
711525,1442437,1583904,1,15,2832,0,1080,1920,682,285,885,489,41412,0.02,,
711526,1442437,1583904,1,15,2880,0,1080,1920,734,195,1027,489,86142,0.042,,
711527,1442437,1583904,1,15,2880,1,1080,1920,1198,347,1401,551,41412,0.02,,
711528,1442437,1583904,1,15,2904,0,1080,1920,1198,422,1367,592,28730,0.014,,
711529,1442437,1583904,1,15,2904,1,1080,1920,704,225,997,519,86142,0.042,,
711530,1442437,1583904,1,15,2928,0,1080,1920,674,255,968,548,86142,0.042,,
711531,1442437,1583904,1,15,2952,0,1080,1920,912,403,1205,697,86142,0.042,,
711532,1442437,1583904,1,15,2976,0,1080,1920,781,206,1026,450,59780,0.029,,
711533,1442437,1583904,1,15,2976,1,1080,1920,1204,427,1345,568,19881,0.01,,
711534,1442437,1583904,1,15,3000,0,1080,1920,930,231,1174,475,59536,0.029,,
711535,1442437,1583904,1,15,3000,1,1080,1920,1333,427,1474,568,19881,0.01,,
711536,1442437,1583904,1,15,3024,0,1080,1920,723,182,927,385,41412,0.02,,
711537,1442437,1583904,1,15,3048,0,1080,1920,781,255,1026,500,60025,0.029,,
711538,1442437,1583904,1,15,3072,0,1080,1920,1284,405,1453,575,28730,0.014,,
711539,1442437,1583904,1,15,3072,1,1080,1920,880,231,1125,475,59780,0.029,,
711540,1442437,1583904,1,15,3072,2,1080,1920,169,255,462,548,85849,0.041,,
711541,1442437,1583904,1,15,3096,0,1080,1920,1301,422,1471,592,28900,0.014,,
711542,1442437,1583904,1,15,3096,1,1080,1920,882,225,1176,519,86436,0.042,,
711543,1442437,1583904,1,15,3120,0,1080,1920,1321,409,1525,613,41616,0.02,,
711544,1442437,1583904,1,15,3120,1,1080,1920,912,195,1205,489,86142,0.042,,
711545,1442437,1583904,1,15,3144,0,1080,1920,1218,388,1422,592,41616,0.02,,
711546,1442437,1583904,1,15,3144,1,1080,1920,831,206,1075,450,59536,0.029,,
711547,1442437,1583904,1,15,3168,0,1080,1920,852,195,1146,489,86436,0.042,,
711548,1442437,1583904,1,15,3168,1,1080,1920,1249,370,1419,540,28900,0.014,,
711549,1442437,1583904,1,15,3192,0,1080,1920,880,255,1125,500,60025,0.029,,
711550,1442437,1583904,1,15,3192,1,1080,1920,1215,370,1385,540,28900,0.014,,
711551,1442437,1583904,1,15,3216,0,1080,1920,644,255,938,548,86142,0.042,,
711552,1442437,1583904,1,15,3240,0,1080,1920,882,403,1176,697,86436,0.042,,
711553,1442437,1583904,1,15,3264,0,1080,1920,1247,427,1388,568,19881,0.01,,
711554,1442437,1583904,1,15,3264,1,1080,1920,880,305,1125,550,60025,0.029,,
711555,1442437,1583904,1,15,3288,0,1080,1920,1060,370,1230,540,28900,0.014,,
711556,1442437,1583904,1,15,3312,0,1080,1920,615,255,908,548,85849,0.041,,
711557,1442437,1583904,1,15,3336,0,1080,1920,526,285,819,578,85849,0.041,,
711558,1442437,1583904,1,15,3360,0,1080,1920,644,314,938,608,86436,0.042,,
711559,1442437,1583904,1,15,3384,0,1080,1920,569,244,921,596,123904,0.06,,
711560,1442437,1583904,1,15,3408,0,1080,1920,644,285,938,578,86142,0.042,,
711561,1442437,1583904,1,15,3432,0,1080,1920,674,374,968,667,86142,0.042,,
711562,1442437,1583904,1,15,3456,0,1080,1920,615,225,908,519,86142,0.042,,
711563,1442437,1583904,1,15,3456,1,1080,1920,1053,388,1257,592,41616,0.02,,
711564,1442437,1583904,1,15,3480,0,1080,1920,1026,422,1195,592,28730,0.014,,
711565,1442437,1583904,1,15,3504,0,1080,1920,599,223,803,427,41616,0.02,,
711566,1442437,1583904,1,15,3528,0,1080,1920,608,206,852,450,59536,0.029,,
711567,1442437,1583904,1,15,3552,0,1080,1920,682,244,885,447,41209,0.02,,
711568,1442437,1583904,1,15,3576,0,1080,1920,707,206,952,450,59780,0.029,,
711569,1442437,1583904,1,15,3600,0,1080,1920,1333,384,1474,525,19881,0.01,,
711570,1442437,1583904,1,15,3600,1,1080,1920,991,182,1195,385,41412,0.02,,
711571,1442437,1583904,1,15,3624,0,1080,1920,1347,355,1489,497,20164,0.01,,
711572,1442437,1583904,1,15,3624,1,1080,1920,979,156,1224,401,60025,0.029,,
711573,1442437,1583904,1,15,3648,0,1080,1920,661,244,865,447,41412,0.02,,
711574,1442437,1583904,1,15,3672,0,1080,1920,1029,132,1273,376,59536,0.029,,
711575,1442437,1583904,1,15,3672,1,1080,1920,1347,326,1489,468,20164,0.01,,
711576,1442437,1583904,1,15,3696,0,1080,1920,1054,132,1298,376,59536,0.029,,
711577,1442437,1583904,1,15,3696,1,1080,1920,1333,326,1474,468,20022,0.01,,
711578,1442437,1583904,1,15,3720,0,1080,1920,1004,181,1249,426,60025,0.029,,
711579,1442437,1583904,1,15,3720,1,1080,1920,1275,341,1417,482,20022,0.01,,
711580,1442437,1583904,1,15,3720,2,1080,1920,335,156,580,401,60025,0.029,,
711581,1442437,1583904,1,15,3744,0,1080,1920,950,223,1154,427,41616,0.02,,
711582,1442437,1583904,1,15,3744,1,1080,1920,407,166,700,459,85849,0.041,,
711583,1442437,1583904,1,15,3744,2,1080,1920,1180,387,1298,505,13924,0.007,,
711584,1442437,1583904,1,15,3768,0,1080,1920,682,285,885,489,41412,0.02,,
711585,1442437,1583904,1,15,3768,1,1080,1920,918,423,1036,540,13806,0.007,,
711586,1442437,1583904,1,15,3792,0,1080,1920,682,367,885,571,41412,0.02,,
711587,1442437,1583904,1,15,3792,1,1080,1920,960,427,1102,568,20022,0.01,,
711588,1442437,1583904,1,15,3816,0,1080,1920,723,244,927,447,41412,0.02,,
711589,1442437,1583904,1,15,3816,1,1080,1920,1026,336,1195,506,28730,0.014,,
711590,1442437,1583904,1,15,3888,0,1080,1920,1132,40,1274,181,20022,0.01,,
711591,1442437,1583904,1,15,3912,0,1080,1920,1118,183,1259,325,20022,0.01,,
711592,1442437,1583904,1,15,3936,0,1080,1920,527,250,697,420,28900,0.014,,
711593,1442437,1583904,1,15,3960,0,1080,1920,1180,95,1350,265,28900,0.014,,
711594,1442437,1583904,1,15,3984,0,1080,1920,1347,140,1489,282,20164,0.01,,
711595,1442437,1583904,1,15,4008,0,1080,1920,1318,181,1488,351,28900,0.014,,
711596,1442437,1583904,1,15,4032,0,1080,1920,1275,169,1417,310,20022,0.01,,
711597,1442437,1583904,1,15,4056,0,1080,1920,1232,169,1374,310,20022,0.01,,
711598,1442437,1583904,1,15,4080,0,1080,1920,1352,147,1522,317,28900,0.014,,
711599,1442437,1583904,1,15,4104,0,1080,1920,1301,130,1471,299,28730,0.014,,
711600,1442437,1583904,1,15,4128,0,1080,1920,1404,112,1574,282,28900,0.014,,
711601,1442437,1583904,1,15,4128,1,1080,1920,578,250,748,420,28900,0.014,,
711602,1442437,1583904,1,15,4152,0,1080,1920,1370,181,1539,351,28730,0.014,,
711603,1442437,1583904,1,15,4176,0,1080,1920,1363,78,1567,282,41616,0.02,,
711604,1442437,1583904,1,15,4176,1,1080,1920,733,250,903,420,28900,0.014,,
711605,1442437,1583904,1,15,4248,0,1080,1920,917,283,1059,425,20164,0.01,,
711606,1442437,1583904,1,15,4272,0,1080,1920,989,243,1107,361,13924,0.007,,
711607,1442437,1583904,1,15,4272,1,1080,1920,1648,269,1790,411,20164,0.01,,
711608,1442437,1583904,1,15,4320,0,1080,1920,1097,231,1215,349,13924,0.007,,
711609,1442437,1583904,1,15,4344,0,1080,1920,1180,219,1298,337,13924,0.007,,
711610,1442437,1583904,1,15,4368,0,1080,1920,1218,183,1360,325,20164,0.01,,
711611,1442437,1583904,1,15,4392,0,1080,1920,1118,169,1259,310,19881,0.01,,
711612,1442437,1583904,1,15,4416,0,1080,1920,874,183,1016,325,20164,0.01,,
711613,1442437,1583904,1,15,4440,0,1080,1920,1145,124,1263,242,13924,0.007,,
711614,1442437,1583904,1,15,4464,0,1080,1920,1013,136,1131,254,13924,0.007,,
711615,1442437,1583904,1,15,4464,1,1080,1920,1025,423,1143,540,13806,0.007,,
711616,1442437,1583904,1,15,4488,0,1080,1920,537,202,741,406,41616,0.02,,
711617,1442437,1583904,1,15,4488,1,1080,1920,1094,336,1264,506,28900,0.014,,
711618,1442437,1583904,1,15,4512,0,1080,1920,558,244,762,447,41412,0.02,,
711619,1442437,1583904,1,15,4512,1,1080,1920,1129,336,1299,506,28900,0.014,,
711620,1442437,1583904,1,15,4536,0,1080,1920,1109,148,1227,266,13924,0.007,,
711621,1442437,1583904,1,15,4536,1,1080,1920,960,369,1102,511,20164,0.01,,
711622,1442437,1583904,1,15,4536,2,1080,1920,129,140,270,282,20022,0.01,,
711623,1442437,1583904,1,15,4560,0,1080,1920,1275,154,1417,296,20164,0.01,,
711624,1442437,1583904,1,15,4560,1,1080,1920,401,226,543,368,20164,0.01,,
711625,1442437,1583904,1,15,4560,2,1080,1920,1121,351,1239,469,13924,0.007,,
711626,1442437,1583904,1,15,4584,0,1080,1920,1118,140,1259,282,20022,0.01,,
711627,1442437,1583904,1,15,4584,1,1080,1920,954,351,1071,469,13806,0.007,,
711628,1442437,1583904,1,15,4584,2,1080,1920,1488,450,1557,518,4692,0.002,,
711629,1442437,1583904,1,15,4584,3,1080,1920,1546,428,1628,510,6724,0.003,,
711630,1442437,1583904,1,15,4584,4,1080,1920,200,44,370,213,28730,0.014,,
711631,1442437,1583904,1,15,4608,0,1080,1920,888,95,1058,265,28900,0.014,,
711632,1442437,1583904,1,15,4608,1,1080,1920,1281,443,1349,511,4624,0.002,,
711633,1442437,1583904,1,15,4608,2,1080,1920,1347,419,1429,501,6724,0.003,,
711634,1442437,1583904,1,15,4608,3,1080,1920,762,327,880,445,13924,0.007,,
711635,1442437,1583904,1,15,4632,0,1080,1920,1276,458,1394,576,13924,0.007,,
711636,1442437,1583904,1,15,4632,1,1080,1920,1184,466,1282,565,9702,0.005,,
711637,1442437,1583904,1,15,4656,0,1080,1920,867,140,1071,344,41616,0.02,,
711638,1442437,1583904,1,15,4656,1,1080,1920,1383,655,1481,754,9702,0.005,,
711639,1442437,1583904,1,15,4656,2,1080,1920,1293,665,1391,764,9702,0.005,,
711640,1442437,1583904,1,15,4656,3,1080,1920,596,439,766,609,28900,0.014,,
711641,1442437,1583904,1,15,4680,0,1080,1920,608,206,852,450,59536,0.029,,
711642,1442437,1583904,1,15,4680,1,1080,1920,1301,422,1471,592,28900,0.014,,
711643,1442437,1583904,1,15,4704,0,1080,1920,558,206,803,450,59780,0.029,,
711644,1442437,1583904,1,15,4704,1,1080,1920,1284,405,1453,575,28730,0.014,,
711645,1442437,1583904,1,15,4728,0,1080,1920,599,202,803,406,41616,0.02,,
711646,1442437,1583904,1,15,4728,1,1080,1920,1284,422,1453,592,28730,0.014,,
711647,1442437,1583904,1,15,4752,0,1080,1920,1078,181,1323,426,60025,0.029,,
711648,1442437,1583904,1,15,4752,1,1080,1920,640,656,844,860,41616,0.02,,
711649,1442437,1583904,1,15,4776,0,1080,1920,1094,202,1298,406,41616,0.02,,
711650,1442437,1583904,1,15,4800,0,1080,1920,1033,182,1236,385,41209,0.02,,
711651,1442437,1583904,1,15,4824,0,1080,1920,657,255,902,500,60025,0.029,,
711652,1442437,1583904,1,15,4824,1,1080,1920,1202,280,1447,525,60025,0.029,,
711653,1442437,1583904,1,15,4848,0,1080,1920,1301,409,1505,613,41616,0.02,,
711654,1442437,1583904,1,15,4848,1,1080,1920,555,255,849,548,86142,0.042,,
711655,1442437,1583904,1,15,4872,0,1080,1920,1218,388,1422,592,41616,0.02,,
711656,1442437,1583904,1,15,4872,1,1080,1920,534,330,778,574,59536,0.029,,
711657,1442437,1583904,1,15,4896,0,1080,1920,1198,326,1401,530,41412,0.02,,
711658,1442437,1583904,1,15,4896,1,1080,1920,509,255,753,500,59780,0.029,,
711659,1442437,1583904,1,15,4920,0,1080,1920,918,327,1036,445,13924,0.007,,
711660,1442437,1583904,1,15,4920,1,1080,1920,1049,160,1167,278,13924,0.007,,
711661,1442437,1583904,1,15,4920,2,1080,1920,1412,519,1481,587,4692,0.002,,
711662,1442437,1583904,1,15,4920,3,1080,1920,1475,505,1543,573,4624,0.002,,
711663,1442437,1583904,1,15,4920,4,1080,1920,148,112,318,282,28900,0.014,,
711664,1442437,1583904,1,15,4944,0,1080,1920,1003,183,1145,325,20164,0.01,,
711665,1442437,1583904,1,15,4944,1,1080,1920,817,355,958,497,20022,0.01,,
711666,1442437,1583904,1,15,4944,2,1080,1920,1350,574,1418,642,4624,0.002,,
711667,1442437,1583904,1,15,4944,3,1080,1920,1412,567,1481,635,4692,0.002,,
711668,1442437,1583904,1,15,4968,0,1080,1920,991,164,1161,334,28900,0.014,,
711669,1442437,1583904,1,15,4968,1,1080,1920,845,412,987,554,20164,0.01,,
711670,1442437,1583904,1,15,4992,0,1080,1920,1060,181,1230,351,28900,0.014,,
711671,1442437,1583904,1,15,5016,0,1080,1920,1026,181,1195,351,28730,0.014,,
711672,1442437,1583904,1,15,5040,0,1080,1920,971,161,1174,365,41412,0.02,,
711673,1442437,1583904,1,15,5040,1,1080,1920,688,441,829,583,20022,0.01,,
711674,1442437,1583904,1,15,5040,2,1080,1920,989,208,1107,325,13806,0.007,,
711675,1442437,1583904,1,15,5064,0,1080,1920,1094,405,1264,575,28900,0.014,,
711676,1442437,1583904,1,15,5064,1,1080,1920,1275,169,1417,310,20022,0.01,,
711677,1442437,1583904,1,15,5064,2,1080,1920,234,233,404,403,28900,0.014,,
711678,1442437,1583904,1,15,5088,0,1080,1920,1421,130,1591,299,28730,0.014,,
711679,1442437,1583904,1,15,5088,1,1080,1920,1121,387,1239,505,13924,0.007,,
711680,1442437,1583904,1,15,5112,0,1080,1920,1290,183,1431,325,20022,0.01,,
711681,1442437,1583904,1,15,5112,1,1080,1920,888,369,1030,511,20164,0.01,,
711682,1442437,1583904,1,15,5136,0,1080,1920,1075,140,1216,282,20022,0.01,,
711683,1442437,1583904,1,15,5136,1,1080,1920,918,387,1036,505,13924,0.007,,
711684,1442437,1583904,1,15,5136,2,1080,1920,234,198,404,368,28900,0.014,,
711685,1442437,1583904,1,15,5160,0,1080,1920,1089,169,1231,310,20022,0.01,,
711686,1442437,1583904,1,15,5160,1,1080,1920,1003,384,1145,525,20022,0.01,,
711687,1442437,1583904,1,15,5160,2,1080,1920,104,58,308,262,41616,0.02,,
711688,1442437,1583904,1,15,5184,0,1080,1920,608,206,852,450,59536,0.029,,
711689,1442437,1583904,1,15,5184,1,1080,1920,1218,388,1422,592,41616,0.02,,
711690,1442437,1583904,1,15,5208,0,1080,1920,1218,388,1422,592,41616,0.02,,
711691,1442437,1583904,1,15,5232,0,1080,1920,880,132,1125,376,59780,0.029,,
711692,1442437,1583904,1,15,5256,0,1080,1920,406,61,576,231,28900,0.014,,
711693,1442437,1583904,1,15,5280,0,1080,1920,1048,195,1130,277,6724,0.003,,
711694,1442437,1583904,1,15,5280,1,1080,1920,1114,148,1212,246,9604,0.005,,
711695,1442437,1583904,1,15,5304,0,1080,1920,929,182,1133,385,41412,0.02,,
711696,1442437,1583904,1,15,5328,0,1080,1920,856,206,1100,450,59536,0.029,,
711697,1442437,1583904,1,15,5352,0,1080,1920,880,206,1125,450,59780,0.029,,
711698,1442437,1583904,1,15,5376,0,1080,1920,929,182,1133,385,41412,0.02,,
711699,1442437,1583904,1,15,5400,0,1080,1920,909,223,1113,427,41616,0.02,,
711700,1442437,1583904,1,15,5400,1,1080,1920,818,172,1170,525,124256,0.06,,
711701,1442437,1583904,1,15,5424,0,1080,1920,880,132,1125,376,59780,0.029,,
711702,1442437,1583904,1,15,5448,0,1080,1920,888,223,1092,427,41616,0.02,,
711703,1442437,1583904,1,15,5472,0,1080,1920,823,195,1116,489,86142,0.042,,
711704,1442437,1583904,1,15,5496,0,1080,1920,888,202,1092,406,41616,0.02,,
711705,1442437,1583904,1,15,5520,0,1080,1920,905,181,1150,426,60025,0.029,,
711706,1442437,1583904,1,15,5544,0,1080,1920,880,156,1125,401,60025,0.029,,
711707,1442437,1583904,1,15,5568,0,1080,1920,880,156,1125,401,60025,0.029,,
711708,1442437,1583904,1,15,5592,0,1080,1920,856,206,1100,450,59536,0.029,,
711709,1442437,1583904,1,15,5616,0,1080,1920,909,202,1113,406,41616,0.02,,
711710,1442437,1583904,1,15,5640,0,1080,1920,1184,307,1282,405,9604,0.005,,
711711,1442437,1583904,1,15,5640,1,1080,1920,882,363,1000,481,13924,0.007,,
711712,1442437,1583904,1,15,5640,2,1080,1920,905,685,1003,784,9702,0.005,,
711713,1442437,1583904,1,15,5640,3,1080,1920,547,496,645,594,9604,0.005,,
711714,1442437,1583904,1,15,5640,4,1080,1920,855,237,954,336,9801,0.005,,
711715,1442437,1583904,1,15,5640,5,1080,1920,1323,227,1421,326,9702,0.005,,
711716,1442437,1583904,1,15,5664,0,1080,1920,894,387,1012,505,13924,0.007,,
711717,1442437,1583904,1,15,5664,1,1080,1920,905,685,1003,784,9702,0.005,,
711718,1442437,1583904,1,15,5664,2,1080,1920,870,208,988,325,13806,0.007,,
711719,1442437,1583904,1,15,5664,3,1080,1920,1169,172,1286,290,13806,0.007,,
711720,1442437,1583904,1,15,5664,4,1080,1920,1037,255,1155,373,13924,0.007,,
711721,1442437,1583904,1,15,5664,5,1080,1920,686,456,784,555,9702,0.005,,
711722,1442437,1583904,1,15,5688,0,1080,1920,899,685,981,767,6724,0.003,,
711723,1442437,1583904,1,15,5688,1,1080,1920,708,478,790,559,6642,0.003,,
711724,1442437,1583904,1,15,5688,2,1080,1920,1024,337,1123,435,9702,0.005,,
711725,1442437,1583904,1,15,5688,3,1080,1920,875,257,973,356,9702,0.005,,
711726,1442437,1583904,1,15,5688,4,1080,1920,885,426,983,525,9702,0.005,,
711727,1442437,1583904,1,15,5688,5,1080,1920,1124,237,1222,336,9702,0.005,,
711728,1442437,1583904,1,15,5712,0,1080,1920,974,169,1116,310,20022,0.01,,
711729,1442437,1583904,1,15,5712,1,1080,1920,727,255,845,373,13924,0.007,,
711730,1442437,1583904,1,15,5712,2,1080,1920,567,337,665,435,9604,0.005,,
711731,1442437,1583904,1,15,5712,3,1080,1920,877,597,916,637,1560,0.001,,
711732,1442437,1583904,1,15,5712,4,1080,1920,805,677,844,717,1560,0.001,,
711733,1442437,1583904,1,15,5712,5,1080,1920,973,593,1012,633,1560,0.001,,
711734,1442437,1583904,1,15,5712,6,1080,1920,937,629,976,669,1560,0.001,,
711735,1442437,1583904,1,15,5712,7,1080,1920,877,661,916,701,1560,0.001,,
711736,1442437,1583904,1,15,5736,0,1080,1920,960,183,1102,325,20164,0.01,,
711737,1442437,1583904,1,15,5736,1,1080,1920,715,231,833,349,13924,0.007,,
711738,1442437,1583904,1,15,5736,2,1080,1920,559,345,641,427,6724,0.003,,
711739,1442437,1583904,1,15,5736,3,1080,1920,873,601,912,641,1560,0.001,,
711740,1442437,1583904,1,15,5736,4,1080,1920,933,633,972,673,1560,0.001,,
711741,1442437,1583904,1,15,5736,5,1080,1920,801,685,840,725,1560,0.001,,
711742,1442437,1583904,1,15,5736,6,1080,1920,969,597,1008,637,1560,0.001,,
711743,1442437,1583904,1,15,5736,7,1080,1920,877,669,916,709,1560,0.001,,
711744,1442437,1583904,1,15,5760,0,1080,1920,796,108,894,206,9604,0.005,,
711745,1442437,1583904,1,15,5760,1,1080,1920,885,337,983,435,9604,0.005,,
711746,1442437,1583904,1,15,5760,2,1080,1920,1005,128,1103,226,9604,0.005,,
711747,1442437,1583904,1,15,5760,3,1080,1920,942,633,989,681,2256,0.001,,
711748,1442437,1583904,1,15,5760,4,1080,1920,857,649,896,689,1560,0.001,,
711749,1442437,1583904,1,15,5784,0,1080,1920,786,100,904,218,13924,0.007,,
711750,1442437,1583904,1,15,5784,1,1080,1920,885,337,983,435,9604,0.005,,
711751,1442437,1583904,1,15,5784,2,1080,1920,951,605,999,652,2256,0.001,,
711752,1442437,1583904,1,15,5784,3,1080,1920,1005,148,1103,246,9604,0.005,,
711753,1442437,1583904,1,15,5784,4,1080,1920,865,621,904,661,1560,0.001,,
711754,1442437,1583904,1,15,5808,0,1080,1920,1021,212,1078,268,3192,0.002,,
711755,1442437,1583904,1,15,5808,1,1080,1920,428,240,485,297,3249,0.002,,
711756,1442437,1583904,1,15,5808,2,1080,1920,839,339,907,407,4624,0.002,,
711757,1442437,1583904,1,15,5808,3,1080,1920,987,292,1043,349,3192,0.002,,
711758,1442437,1583904,1,15,5808,4,1080,1920,514,194,582,262,4624,0.002,,
711759,1442437,1583904,1,15,5808,5,1080,1920,912,246,969,303,3249,0.002,,
711760,1442437,1583904,1,15,5808,6,1080,1920,497,373,554,430,3249,0.002,,
711761,1442437,1583904,1,15,5808,7,1080,1920,1215,283,1263,330,2256,0.001,,
711762,1442437,1583904,1,15,5808,8,1080,1920,1405,208,1474,276,4692,0.002,,
711763,1442437,1583904,1,15,5808,9,1080,1920,745,396,802,453,3249,0.002,,
711764,1442437,1583904,1,15,5808,10,1080,1920,1267,215,1335,283,4624,0.002,,
711765,1442437,1583904,1,15,5832,0,1080,1920,503,373,560,430,3249,0.002,,
711766,1442437,1583904,1,15,5832,1,1080,1920,981,304,1038,361,3249,0.002,,
711767,1442437,1583904,1,15,5832,2,1080,1920,439,240,496,297,3249,0.002,,
711768,1442437,1583904,1,15,5832,3,1080,1920,1215,288,1263,335,2256,0.001,,
711769,1442437,1583904,1,15,5832,4,1080,1920,514,194,582,262,4624,0.002,,
711770,1442437,1583904,1,15,5832,5,1080,1920,906,246,963,303,3249,0.002,,
711771,1442437,1583904,1,15,5832,6,1080,1920,1021,206,1078,263,3249,0.002,,
711772,1442437,1583904,1,15,5832,7,1080,1920,739,396,796,453,3249,0.002,,
711773,1442437,1583904,1,15,5832,8,1080,1920,1392,208,1460,276,4624,0.002,,
711774,1442437,1583904,1,15,5832,9,1080,1920,860,361,917,418,3249,0.002,,
711775,1442437,1583904,1,15,5832,10,1080,1920,1267,221,1335,290,4692,0.002,,
711776,1442437,1583904,1,15,5928,0,1080,1920,1094,284,1264,454,28900,0.014,,
711777,1442437,1583904,1,15,5952,0,1080,1920,1146,302,1316,471,28730,0.014,,
711778,1442437,1583904,1,15,5976,0,1080,1920,1146,353,1316,523,28900,0.014,,
711779,1442437,1583904,1,15,6000,0,1080,1920,578,285,782,489,41616,0.02,,
711780,1442437,1583904,1,15,6024,0,1080,1920,1060,233,1230,403,28900,0.014,,
711781,1442437,1583904,1,15,6048,0,1080,1920,1136,223,1340,427,41616,0.02,,
711782,1442437,1583904,1,15,6072,0,1080,1920,781,255,1026,500,60025,0.029,,
711783,1442437,1583904,1,15,6120,0,1080,1920,971,195,1265,489,86436,0.042,,
711784,1442437,1583904,1,15,6144,0,1080,1920,826,367,1030,571,41616,0.02,,
711785,1442437,1583904,1,15,6168,0,1080,1920,806,330,1051,574,59780,0.029,,
711786,1442437,1583904,1,15,6192,0,1080,1920,707,330,952,574,59780,0.029,,
711787,1442437,1583904,1,15,6216,0,1080,1920,781,355,1026,599,59780,0.029,,
711788,1442437,1583904,1,15,6240,0,1080,1920,1029,255,1273,500,59780,0.029,,
711789,1442437,1583904,1,15,6264,0,1080,1920,1001,225,1295,519,86436,0.042,,
711790,1442437,1583904,1,15,6288,0,1080,1920,1004,206,1249,450,59780,0.029,,
711791,1442437,1583904,1,15,6312,0,1080,1920,1031,195,1324,489,86142,0.042,,
711792,1442437,1583904,1,15,6336,0,1080,1920,1054,255,1298,500,59780,0.029,,
711793,1442437,1583904,1,15,6360,0,1080,1920,1153,255,1397,500,59780,0.029,,
711794,1442437,1583904,1,15,6384,0,1080,1920,682,305,927,550,60025,0.029,,
711795,1442437,1583904,1,15,6408,0,1080,1920,657,330,902,574,59780,0.029,,
711796,1442437,1583904,1,15,6432,0,1080,1920,1031,255,1324,548,85849,0.041,,
711797,1442437,1583904,1,15,6456,0,1080,1920,806,255,1051,500,60025,0.029,,
711798,1442437,1583904,1,15,6480,0,1080,1920,961,172,1313,525,124256,0.06,,
711799,1442437,1583904,1,15,6504,0,1080,1920,1031,285,1324,578,85849,0.041,,
711800,1442437,1583904,1,15,6528,0,1080,1920,823,255,1116,548,85849,0.041,,
711801,1442437,1583904,1,15,6552,0,1080,1920,793,314,1087,608,86436,0.042,,
711802,1442437,1583904,1,15,6576,0,1080,1920,925,208,1277,560,123904,0.06,,
711803,1442437,1583904,1,15,6600,0,1080,1920,818,208,1170,560,123904,0.06,,
711804,1442437,1583904,1,15,6624,0,1080,1920,793,374,1087,667,86142,0.042,,
711805,1442437,1583904,1,15,6648,0,1080,1920,763,374,1057,667,86142,0.042,,
711806,1442437,1583904,1,15,6672,0,1080,1920,763,344,1057,637,86142,0.042,,
711807,1442437,1583904,1,15,6696,0,1080,1920,806,404,1051,649,60025,0.029,,
711808,1442437,1583904,1,15,6720,0,1080,1920,704,403,997,697,86142,0.042,,
711809,1442437,1583904,1,15,6744,0,1080,1920,756,404,1001,649,60025,0.029,,
711810,1442437,1583904,1,15,6768,0,1080,1920,971,285,1265,578,86142,0.042,,
711811,1442437,1583904,1,15,6792,0,1080,1920,942,285,1235,578,85849,0.041,,
711812,1442437,1583904,1,15,6816,0,1080,1920,971,255,1265,548,86142,0.042,,
711813,1442437,1583904,1,15,6840,0,1080,1920,971,285,1265,578,86142,0.042,,
711814,1442437,1583904,1,15,6888,0,1080,1920,732,330,976,574,59536,0.029,,
711815,1442437,1583904,1,15,6912,0,1080,1920,847,244,1051,447,41412,0.02,,
711816,1442437,1583904,1,15,6936,0,1080,1920,1232,181,1402,351,28900,0.014,,
711817,1442437,1583904,1,15,6960,0,1080,1920,1129,198,1299,368,28900,0.014,,
711818,1442437,1583904,1,15,6984,0,1080,1920,785,347,989,551,41616,0.02,,
711819,1442437,1583904,1,15,7008,0,1080,1920,496,223,700,427,41616,0.02,,
711820,1442437,1583904,1,15,7032,0,1080,1920,707,206,952,450,59780,0.029,,
711821,1442437,1583904,1,15,7056,0,1080,1920,929,326,1133,530,41616,0.02,,
711822,1442437,1583904,1,15,7080,0,1080,1920,599,388,803,592,41616,0.02,,
711823,1442437,1583904,1,15,7080,1,1080,1920,942,255,1235,548,85849,0.041,,
711824,1442437,1583904,1,15,7104,0,1080,1920,615,314,908,608,86142,0.042,,
711825,1442437,1583904,1,15,7128,0,1080,1920,569,279,921,632,124256,0.06,,
711826,1442437,1583904,1,15,7152,0,1080,1920,644,344,938,637,86142,0.042,,
711827,1442437,1583904,1,15,7176,0,1080,1920,644,344,938,637,86142,0.042,,
711828,1442437,1583904,1,15,7200,0,1080,1920,1032,244,1384,596,123904,0.06,,
711829,1442437,1583904,1,15,7200,1,1080,1920,633,379,877,624,59780,0.029,,
711830,1442437,1583904,1,15,7224,0,1080,1920,558,280,803,525,60025,0.029,,
711831,1442437,1583904,1,15,7224,1,1080,1920,1001,195,1295,489,86436,0.042,,
711832,1442437,1583904,1,15,7248,0,1080,1920,955,305,1199,550,59780,0.029,,
711833,1442437,1583904,1,15,7272,0,1080,1920,942,225,1235,519,86142,0.042,,
711834,1442437,1583904,1,15,7296,0,1080,1920,781,280,1026,525,60025,0.029,,
711835,1442437,1583904,1,15,7320,0,1080,1920,756,305,1001,550,60025,0.029,,
711836,1442437,1583904,1,15,7344,0,1080,1920,734,285,1027,578,85849,0.041,,
711837,1442437,1583904,1,15,7368,0,1080,1920,925,172,1277,525,124256,0.06,,
711838,1442437,1583904,1,15,7392,0,1080,1920,971,255,1265,548,86142,0.042,,
711839,1442437,1583904,1,15,7416,0,1080,1920,961,244,1313,596,123904,0.06,,
711840,1442437,1583904,1,15,7440,0,1080,1920,961,208,1313,560,123904,0.06,,
711841,1442437,1583904,1,15,7464,0,1080,1920,674,285,968,578,86142,0.042,,
711842,1442437,1583904,1,15,7488,0,1080,1920,704,314,997,608,86142,0.042,,
711843,1442437,1583904,1,15,7512,0,1080,1920,734,225,1027,519,86142,0.042,,
711844,1442437,1583904,1,15,7536,0,1080,1920,615,225,908,519,86142,0.042,,
711845,1442437,1583904,1,15,7560,0,1080,1920,585,374,878,667,85849,0.041,,
711846,1442437,1583904,1,15,7560,1,1080,1920,1179,166,1473,459,86142,0.042,,
711847,1442437,1583904,1,15,7584,0,1080,1920,942,255,1235,548,85849,0.041,,
711848,1442437,1583904,1,15,7608,0,1080,1920,585,314,878,608,86142,0.042,,
711849,1442437,1583904,1,15,7632,0,1080,1920,633,404,877,649,59780,0.029,,
711850,1442437,1583904,1,15,7656,0,1080,1920,615,255,908,548,85849,0.041,,
711851,1442437,1583904,1,15,7680,0,1080,1920,682,379,927,624,60025,0.029,,
711852,1442437,1583904,1,15,7680,1,1080,1920,1104,137,1456,489,123904,0.06,,
711853,1442437,1583904,1,15,7704,0,1080,1920,1175,208,1527,560,123904,0.06,,
711854,1442437,1583904,1,15,7728,0,1080,1920,1447,195,1740,489,86142,0.042,,
711855,1442437,1583904,1,15,7776,0,1080,1920,974,611,1144,781,28900,0.014,,
711856,1442437,1583904,1,15,7800,0,1080,1920,1120,195,1413,489,86142,0.042,,
711857,1442437,1583904,1,15,7800,1,1080,1920,991,680,1161,850,28900,0.014,,
711858,1442437,1583904,1,15,7824,0,1080,1920,1179,195,1473,489,86436,0.042,,
711859,1442437,1583904,1,15,7848,0,1080,1920,1120,255,1413,548,85849,0.041,,
711860,1442437,1583904,1,15,7872,0,1080,1920,818,208,1170,560,123904,0.06,,
711861,1442437,1583904,1,15,7896,0,1080,1920,1425,132,1670,376,59780,0.029,,
711862,1442437,1583904,1,15,7920,0,1080,1920,1280,244,1484,447,41412,0.02,,
711863,1442437,1583904,1,15,7944,0,1080,1920,1136,244,1340,447,41412,0.02,,
711864,1442437,1583904,1,15,7968,0,1080,1920,1202,305,1447,550,60025,0.029,,
711865,1442437,1583904,1,15,7992,0,1080,1920,763,195,1057,489,86436,0.042,,
711866,1442437,1583904,1,15,8016,0,1080,1920,1029,330,1273,574,59536,0.029,,
711867,1442437,1583904,1,15,8064,0,1080,1920,955,379,1199,624,59780,0.029,,
711868,1442437,1583904,1,15,8088,0,1080,1920,979,231,1224,475,59780,0.029,,
711869,1442437,1583904,1,15,8136,0,1080,1920,991,264,1195,468,41616,0.02,,
711870,1442437,1583904,1,15,8160,0,1080,1920,1053,285,1257,489,41616,0.02,,
711871,1442437,1583904,1,15,8184,0,1080,1920,1054,255,1298,500,59780,0.029,,
711872,1442437,1583904,1,15,8208,0,1080,1920,971,403,1265,697,86436,0.042,,
711873,1442437,1583904,1,15,8232,0,1080,1920,1128,280,1373,525,60025,0.029,,
711874,1442437,1583904,1,15,8256,0,1080,1920,1227,280,1472,525,60025,0.029,,
711875,1442437,1583904,1,15,8280,0,1080,1920,496,314,789,608,86142,0.042,,
711876,1442437,1583904,1,15,8400,0,1080,1920,731,154,872,296,20022,0.01,,
711877,1442437,1583904,1,15,8400,1,1080,1920,1561,925,1600,965,1560,0.001,,
711878,1442437,1583904,1,15,8400,2,1080,1920,1505,901,1544,941,1560,0.001,,
711879,1442437,1583904,1,15,8448,0,1080,1920,1103,255,1245,396,20022,0.01,,
711880,1442437,1583904,1,15,8448,1,1080,1920,0,788,57,856,3876,0.002,,
711881,1442437,1583904,1,15,8544,0,1080,1920,699,147,869,317,28900,0.014,,
711882,1442437,1583904,1,15,8568,0,1080,1920,989,154,1130,296,20022,0.01,,
711883,1442437,1583904,1,15,8568,1,1080,1920,134,649,191,706,3249,0.002,,
711884,1442437,1583904,1,15,8592,0,1080,1920,147,636,216,704,4692,0.002,,
711885,1442437,1583904,1,15,8592,1,1080,1920,1075,255,1216,396,19881,0.01,,
711886,1442437,1583904,1,15,8616,0,1080,1920,168,595,236,663,4624,0.002,,
711887,1442437,1583904,1,15,8616,1,1080,1920,989,184,1107,302,13924,0.007,,
711888,1442437,1583904,1,15,8640,0,1080,1920,664,130,834,299,28730,0.014,,
711889,1442437,1583904,1,15,8664,0,1080,1920,699,164,869,334,28900,0.014,,
711890,1442437,1583904,1,15,8736,0,1080,1920,318,854,416,953,9702,0.005,,
711891,1442437,1583904,1,15,8736,1,1080,1920,645,197,786,339,20022,0.01,,
711892,1442437,1583904,1,15,8760,0,1080,1920,682,216,852,385,28730,0.014,,
711893,1442437,1583904,1,15,8784,0,1080,1920,682,216,852,385,28730,0.014,,
711894,1442437,1583904,1,15,8808,0,1080,1920,647,198,817,368,28900,0.014,,
711895,1442437,1583904,1,15,8880,0,1080,1920,682,161,885,365,41412,0.02,,
711896,1442437,1583904,1,15,8904,0,1080,1920,657,156,902,401,60025,0.029,,
711897,1442437,1583904,1,15,8928,0,1080,1920,583,156,828,401,60025,0.029,,
711898,1442437,1583904,1,15,8952,0,1080,1920,733,147,903,317,28900,0.014,,
711899,1442437,1583904,1,15,8976,0,1080,1920,744,202,947,406,41412,0.02,,
711900,1442437,1583904,1,15,9000,0,1080,1920,854,216,1024,385,28730,0.014,,
711901,1442437,1583904,1,15,9024,0,1080,1920,764,223,968,427,41616,0.02,,
711902,1442437,1583904,1,15,9048,0,1080,1920,756,206,1001,450,59780,0.029,,
711903,1442437,1583904,1,15,9072,0,1080,1920,674,195,968,489,86436,0.042,,
711904,1442437,1583904,1,15,9072,1,1080,1920,716,250,886,420,28900,0.014,,
711905,1442437,1583904,1,15,9120,0,1080,1920,1060,164,1230,334,28900,0.014,,
711906,1442437,1583904,1,15,9144,0,1080,1920,1094,120,1298,324,41616,0.02,,
711907,1442437,1583904,1,15,9144,1,1080,1920,727,719,784,775,3192,0.002,,
711908,1442437,1583904,1,15,9168,0,1080,1920,1012,99,1216,303,41616,0.02,,
711909,1442437,1583904,1,15,9192,0,1080,1920,578,147,748,317,28900,0.014,,
711910,1442437,1583904,1,15,9192,1,1080,1920,1,1001,40,1041,1560,0.001,,
711911,1442437,1583904,1,15,9216,0,1080,1920,573,169,715,310,20022,0.01,,
711912,1442437,1583904,1,15,9240,0,1080,1920,561,130,731,299,28730,0.014,,
711913,1442437,1583904,1,15,9264,0,1080,1920,890,137,1242,489,123904,0.06,,
711914,1442437,1583904,1,15,9288,0,1080,1920,890,208,1242,560,123904,0.06,,
711915,1442437,1583904,1,15,9312,0,1080,1920,942,195,1235,489,86142,0.042,,
711916,1442437,1583904,1,15,9336,0,1080,1920,890,244,1242,596,123904,0.06,,
711917,1442437,1583904,1,15,9360,0,1080,1920,818,244,1170,596,123904,0.06,,
711918,1442437,1583904,1,15,9384,0,1080,1920,595,160,713,278,13924,0.007,,
711919,1442437,1583904,1,15,9408,0,1080,1920,616,169,758,310,20022,0.01,,
711920,1442437,1583904,1,15,9432,0,1080,1920,527,130,697,299,28730,0.014,,
711921,1442437,1583904,1,15,9456,0,1080,1920,578,112,748,282,28900,0.014,,
711922,1442437,1583904,1,15,9480,0,1080,1920,501,154,643,296,20164,0.01,,
711923,1442437,1583904,1,15,9504,0,1080,1920,510,130,680,299,28730,0.014,,
711924,1442437,1583904,1,15,9528,0,1080,1920,578,164,748,334,28900,0.014,,
711925,1442437,1583904,1,15,9552,0,1080,1920,544,147,714,317,28900,0.014,,
711926,1442437,1583904,1,15,9552,1,1080,1920,1012,801,1216,1005,41616,0.02,,
711927,1442437,1583904,1,15,9576,0,1080,1920,587,140,729,282,20164,0.01,,
711928,1442437,1583904,1,15,9600,0,1080,1920,852,314,1146,608,86436,0.042,,
711929,1442437,1583904,1,15,9624,0,1080,1920,890,386,1242,739,124256,0.06,,
711930,1442437,1583904,1,15,9648,0,1080,1920,640,493,992,846,124256,0.06,,
711931,1442437,1583904,1,15,9696,0,1080,1920,457,476,555,575,9702,0.005,,
711932,1442437,1583904,1,15,9720,0,1080,1920,557,436,655,535,9702,0.005,,
711933,1442437,1583904,1,15,9744,0,1080,1920,854,370,1024,540,28900,0.014,,
711934,1442437,1583904,1,15,9768,0,1080,1920,793,225,1087,519,86436,0.042,,
711935,1442437,1583904,1,15,9792,0,1080,1920,854,315,1206,667,123904,0.06,,
711936,1442437,1583904,1,15,9840,0,1080,1920,950,140,1154,344,41616,0.02,,
711937,1442437,1583904,1,15,9864,0,1080,1920,991,182,1195,385,41412,0.02,,
711938,1442437,1583904,1,15,9888,0,1080,1920,484,305,729,550,60025,0.029,,
711939,1442437,1583904,1,15,9912,0,1080,1920,555,255,849,548,86142,0.042,,
711940,1442437,1583904,1,15,9912,1,1080,1920,390,529,742,881,123904,0.06,,
711941,1442437,1583904,1,15,9936,0,1080,1920,1264,121,1346,203,6724,0.003,,
711942,1442437,1583904,1,15,9936,1,1080,1920,342,513,389,561,2256,0.001,,
711943,1442437,1583904,1,15,9960,0,1080,1920,1273,118,1372,216,9702,0.005,,
711944,1442437,1583904,1,15,9960,1,1080,1920,342,528,389,575,2209,0.001,,
711945,1442437,1583904,1,15,9984,0,1080,1920,1353,98,1451,196,9604,0.005,,
711946,1442437,1583904,1,15,9984,1,1080,1920,347,534,404,591,3249,0.002,,
711947,1442437,1583904,1,15,10056,0,1080,1920,661,182,865,385,41412,0.02,,
711948,1442437,1583904,1,15,10080,0,1080,1920,1054,255,1298,500,59780,0.029,,
711949,1442437,1583904,1,15,10104,0,1080,1920,1029,231,1273,475,59536,0.029,,
711950,1442437,1583904,1,15,10128,0,1080,1920,657,231,902,475,59780,0.029,,
711951,1442437,1583904,1,15,10152,0,1080,1920,620,161,824,365,41616,0.02,,
711952,1442437,1583904,1,15,10176,0,1080,1920,682,156,927,401,60025,0.029,,
711953,1442437,1583904,1,15,10200,0,1080,1920,785,182,989,385,41412,0.02,,
711954,1442437,1583904,1,15,10224,0,1080,1920,533,244,885,596,123904,0.06,,
711955,1442437,1583904,1,15,10248,0,1080,1920,569,244,921,596,123904,0.06,,
711956,1442437,1583904,1,15,10272,0,1080,1920,762,243,880,361,13924,0.007,,
711957,1442437,1583904,1,15,10296,0,1080,1920,776,257,874,356,9702,0.005,,
711958,1442437,1583904,1,15,10320,0,1080,1920,512,279,630,397,13924,0.007,,
711959,1442437,1583904,1,15,10344,0,1080,1920,1109,136,1227,254,13924,0.007,,
711960,1442437,1583904,1,15,10344,1,1080,1920,645,355,786,497,20022,0.01,,
711961,1442437,1583904,1,15,10368,0,1080,1920,882,387,1000,505,13924,0.007,,
711962,1442437,1583904,1,15,10368,1,1080,1920,739,124,856,242,13806,0.007,,
711963,1442437,1583904,1,15,10392,0,1080,1920,1218,699,1360,841,20164,0.01,,
711964,1442437,1583904,1,15,10392,1,1080,1920,583,160,701,278,13924,0.007,,
711965,1442437,1583904,1,15,10416,0,1080,1920,583,160,701,278,13924,0.007,,
711966,1442437,1583904,1,15,10440,0,1080,1920,559,124,677,242,13924,0.007,,
711967,1442437,1583904,1,15,10440,1,1080,1920,1264,602,1382,720,13924,0.007,,
711968,1442437,1583904,1,15,10464,0,1080,1920,578,284,748,454,28900,0.014,,
711969,1442437,1583904,1,15,10464,1,1080,1920,388,166,444,222,3136,0.002,,
711970,1442437,1583904,1,15,10464,2,1080,1920,1132,255,1274,396,20022,0.01,,
711971,1442437,1583904,1,15,10488,0,1080,1920,602,298,743,439,19881,0.01,,
711972,1442437,1583904,1,15,10488,1,1080,1920,376,166,433,222,3192,0.002,,
711973,1442437,1583904,1,15,10488,2,1080,1920,1118,255,1259,396,19881,0.01,,
711974,1442437,1583904,1,15,10512,0,1080,1920,1146,198,1316,368,28900,0.014,,
711975,1442437,1583904,1,15,10512,1,1080,1920,544,302,714,471,28730,0.014,,
711976,1442437,1583904,1,15,10512,2,1080,1920,336,160,393,217,3249,0.002,,
711977,1442437,1583904,1,15,10536,0,1080,1920,527,302,697,471,28730,0.014,,
711978,1442437,1583904,1,15,10536,1,1080,1920,1175,183,1317,325,20164,0.01,,
711979,1442437,1583904,1,15,10536,2,1080,1920,301,160,358,217,3249,0.002,,
711980,1442437,1583904,1,15,10560,0,1080,1920,547,124,665,242,13924,0.007,,
711981,1442437,1583904,1,15,10584,0,1080,1920,544,111,686,253,20164,0.01,,
711982,1442437,1583904,1,15,10608,0,1080,1920,1247,226,1388,368,20022,0.01,,
711983,1442437,1583904,1,15,10608,1,1080,1920,530,355,672,497,20164,0.01,,
711984,1442437,1583904,1,15,10608,2,1080,1920,249,125,306,182,3249,0.002,,
711985,1442437,1583904,1,15,10632,0,1080,1920,295,137,352,194,3249,0.002,,
711986,1442437,1583904,1,15,10632,1,1080,1920,1163,250,1333,420,28900,0.014,,
711987,1442437,1583904,1,15,10632,2,1080,1920,544,353,714,523,28900,0.014,,
711988,1442437,1583904,1,15,10656,0,1080,1920,307,137,364,194,3249,0.002,,
711989,1442437,1583904,1,15,10680,0,1080,1920,1247,255,1388,396,19881,0.01,,
711990,1442437,1583904,1,15,10680,1,1080,1920,284,131,341,188,3249,0.002,,
711991,1442437,1583904,1,15,10680,2,1080,1920,559,355,700,497,20022,0.01,,
711992,1442437,1583904,1,15,10704,0,1080,1920,585,195,878,489,86142,0.042,,
711993,1442437,1583904,1,15,10728,0,1080,1920,657,255,902,500,60025,0.029,,
711994,1442437,1583904,1,15,10752,0,1080,1920,585,166,878,459,85849,0.041,,
711995,1442437,1583904,1,15,10776,0,1080,1920,608,355,852,599,59536,0.029,,
711996,1442437,1583904,1,15,10800,0,1080,1920,475,306,679,509,41412,0.02,,
711997,1442437,1583904,1,15,10800,1,1080,1920,1163,216,1333,385,28730,0.014,,
711998,1442437,1583904,1,15,10800,2,1080,1920,278,137,335,194,3249,0.002,,
711999,1442437,1583904,1,15,10824,0,1080,1920,1204,240,1345,382,20022,0.01,,
712000,1442437,1583904,1,15,10824,1,1080,1920,475,347,679,551,41616,0.02,,
712001,1442437,1583904,1,15,10824,2,1080,1920,210,138,278,207,4692,0.002,,
712002,1442437,1583904,1,15,10848,0,1080,1920,854,208,1206,560,123904,0.06,,
712003,1442437,1583904,1,15,10872,0,1080,1920,854,244,1206,596,123904,0.06,,
712004,1442437,1583904,1,15,10896,0,1080,1920,854,244,1206,596,123904,0.06,,
712005,1442437,1583904,1,15,10920,0,1080,1920,818,244,1170,596,123904,0.06,,
712006,1442437,1583904,1,15,10944,0,1080,1920,674,225,968,519,86436,0.042,,
712007,1442437,1583904,1,15,10968,0,1080,1920,555,285,849,578,86142,0.042,,
712008,1442437,1583904,1,15,10992,0,1080,1920,496,344,789,637,85849,0.041,,
712009,1442437,1583904,1,15,11016,0,1080,1920,355,208,707,560,123904,0.06,,
712010,1442437,1583904,1,15,11040,0,1080,1920,466,314,760,608,86436,0.042,,
712011,1442437,1583904,1,15,11064,0,1080,1920,555,344,849,637,86142,0.042,,
712012,1442437,1583904,1,15,11088,0,1080,1920,854,279,1206,632,124256,0.06,,
712013,1442437,1583904,1,15,11112,0,1080,1920,854,261,1277,683,178506,0.086,,
712014,1442437,1583904,1,15,11136,0,1080,1920,585,314,878,608,86142,0.042,,
712015,1442437,1583904,1,15,11160,0,1080,1920,674,285,968,578,86142,0.042,,
712016,1442437,1583904,1,15,11184,0,1080,1920,644,285,938,578,86142,0.042,,
712017,1442437,1583904,1,15,11208,0,1080,1920,585,285,878,578,85849,0.041,,
712018,1442437,1583904,1,15,11232,0,1080,1920,1290,212,1431,353,19881,0.01,,
712019,1442437,1583904,1,15,11232,1,1080,1920,664,284,834,454,28900,0.014,,
712020,1442437,1583904,1,15,11232,2,1080,1920,485,143,542,199,3192,0.002,,
712021,1442437,1583904,1,15,11256,0,1080,1920,1284,147,1453,317,28730,0.014,,
712022,1442437,1583904,1,15,11256,1,1080,1920,578,233,748,403,28900,0.014,,
712023,1442437,1583904,1,15,11256,2,1080,1920,364,79,421,136,3249,0.002,,
712024,1442437,1583904,1,15,11280,0,1080,1920,1301,181,1471,351,28900,0.014,,
712025,1442437,1583904,1,15,11280,1,1080,1920,613,267,783,437,28900,0.014,,
712026,1442437,1583904,1,15,11280,2,1080,1920,382,102,439,159,3249,0.002,,
712027,1442437,1583904,1,15,11304,0,1080,1920,1318,164,1488,334,28900,0.014,,
712028,1442437,1583904,1,15,11304,1,1080,1920,613,250,783,420,28900,0.014,,
712029,1442437,1583904,1,15,11304,2,1080,1920,399,96,456,153,3249,0.002,,
712030,1442437,1583904,1,15,11328,0,1080,1920,1563,494,1644,576,6642,0.003,,
712031,1442437,1583904,1,15,11328,1,1080,1920,1304,799,1446,941,20164,0.01,,
712032,1442437,1583904,1,15,11328,2,1080,1920,1164,461,1246,543,6724,0.003,,
712033,1442437,1583904,1,15,11352,0,1080,1920,1393,556,1491,654,9604,0.005,,
712034,1442437,1583904,1,15,11376,0,1080,1920,1290,298,1431,439,19881,0.01,,
712035,1442437,1583904,1,15,11376,1,1080,1920,424,181,594,351,28900,0.014,,
712036,1442437,1583904,1,15,11400,0,1080,1920,1275,269,1417,411,20164,0.01,,
712037,1442437,1583904,1,15,11400,1,1080,1920,647,181,817,351,28900,0.014,,
712038,1442437,1583904,1,15,11424,0,1080,1920,1180,250,1350,420,28900,0.014,,
712039,1442437,1583904,1,15,11424,1,1080,1920,596,147,766,317,28900,0.014,,
712040,1442437,1583904,1,15,11448,0,1080,1920,1404,183,1546,325,20164,0.01,,
712041,1442437,1583904,1,15,11472,0,1080,1920,965,219,1083,337,13924,0.007,,
712042,1442437,1583904,1,15,11496,0,1080,1920,745,226,887,368,20164,0.01,,
712043,1442437,1583904,1,15,11520,0,1080,1920,631,327,749,445,13924,0.007,,
712044,1442437,1583904,1,15,11544,0,1080,1920,894,208,1012,325,13806,0.007,,
712045,1442437,1583904,1,15,11568,0,1080,1920,1216,291,1334,409,13924,0.007,,
712046,1442437,1583904,1,15,11568,1,1080,1920,544,147,714,317,28900,0.014,,
712047,1442437,1583904,1,15,11592,0,1080,1920,1249,233,1419,403,28900,0.014,,
712048,1442437,1583904,1,15,11592,1,1080,1920,537,99,741,303,41616,0.02,,
712049,1442437,1583904,1,15,11616,0,1080,1920,946,269,1087,411,20022,0.01,,
712050,1442437,1583904,1,15,11640,0,1080,1920,1017,255,1159,396,20022,0.01,,
712051,1442437,1583904,1,15,11664,0,1080,1920,1204,412,1345,554,20022,0.01,,
712052,1442437,1583904,1,15,11664,1,1080,1920,1189,83,1331,224,20022,0.01,,
712053,1442437,1583904,1,15,11664,2,1080,1920,630,422,800,592,28900,0.014,,
712054,1442437,1583904,1,15,11688,0,1080,1920,1284,336,1453,506,28730,0.014,,
712055,1442437,1583904,1,15,11688,1,1080,1920,647,336,817,506,28900,0.014,,
712056,1442437,1583904,1,15,11712,0,1080,1920,894,180,962,248,4624,0.002,,
712057,1442437,1583904,1,15,11736,0,1080,1920,852,173,921,241,4692,0.002,,
712058,1442437,1583904,1,15,11760,0,1080,1920,770,173,838,241,4624,0.002,,
712059,1442437,1583904,1,15,11784,0,1080,1920,638,415,706,483,4624,0.002,,
712060,1442437,1583904,1,15,11784,1,1080,1920,984,450,1052,518,4624,0.002,,
712061,1442437,1583904,1,15,11784,2,1080,1920,865,954,963,1052,9604,0.005,,
712062,1442437,1583904,1,15,11784,3,1080,1920,670,235,727,292,3249,0.002,,
712063,1442437,1583904,1,15,11784,4,1080,1920,1005,159,1073,227,4624,0.002,,
712064,1442437,1583904,1,15,11808,0,1080,1920,894,360,962,428,4624,0.002,,
712065,1442437,1583904,1,15,11808,1,1080,1920,1124,884,1222,983,9702,0.005,,
712066,1442437,1583904,1,15,11808,2,1080,1920,935,177,992,234,3249,0.002,,
712067,1442437,1583904,1,15,11808,3,1080,1920,1233,373,1301,442,4692,0.002,,
712068,1442437,1583904,1,15,11832,0,1080,1920,974,212,1056,294,6724,0.003,,
712069,1442437,1583904,1,15,11856,0,1080,1920,916,195,997,277,6642,0.003,,
712070,1442437,1583904,1,15,11880,0,1080,1920,849,204,931,286,6724,0.003,,
712071,1442437,1583904,1,15,11904,0,1080,1920,726,277,824,375,9604,0.005,,
712072,1442437,1583904,1,15,11928,0,1080,1920,798,291,916,409,13924,0.007,,
712073,1442437,1583904,1,15,11952,0,1080,1920,1198,319,1367,489,28730,0.014,,
712074,1442437,1583904,1,15,11952,1,1080,1920,441,319,611,489,28900,0.014,,
712075,1442437,1583904,1,15,11952,2,1080,1920,558,574,762,778,41616,0.02,,
712076,1442437,1583904,1,15,11952,3,1080,1920,1445,594,1649,798,41616,0.02,,
712077,1442437,1583904,1,15,11976,0,1080,1920,1146,255,1288,396,20022,0.01,,
712078,1442437,1583904,1,15,11976,1,1080,1920,406,216,576,385,28730,0.014,,
712079,1442437,1583904,1,15,11976,2,1080,1920,1321,491,1525,695,41616,0.02,,
712080,1442437,1583904,1,15,12000,0,1080,1920,942,180,1011,248,4692,0.002,,
712081,1442437,1583904,1,15,12024,0,1080,1920,991,180,1059,248,4624,0.002,,
712082,1442437,1583904,1,15,12048,0,1080,1920,899,237,981,319,6724,0.003,,
712083,1442437,1583904,1,15,12072,0,1080,1920,846,235,914,303,4624,0.002,,
712084,1442437,1583904,1,15,12096,0,1080,1920,852,215,921,283,4692,0.002,,
712085,1442437,1583904,1,15,12120,0,1080,1920,880,221,948,290,4692,0.002,,
712086,1442437,1583904,1,15,12144,0,1080,1920,930,280,1174,525,59780,0.029,,
712087,1442437,1583904,1,15,12144,1,1080,1920,20,225,314,519,86436,0.042,,
712088,1442437,1583904,1,15,12168,0,1080,1920,466,195,760,489,86436,0.042,,
712089,1442437,1583904,1,15,12168,1,1080,1920,1227,255,1472,500,60025,0.029,,
712090,1442437,1583904,1,15,12192,0,1080,1920,496,136,789,429,85849,0.041,,
712091,1442437,1583904,1,15,12192,1,1080,1920,1252,181,1496,426,59780,0.029,,
712092,1442437,1583904,1,15,12216,0,1080,1920,1383,285,1587,489,41616,0.02,,
712093,1442437,1583904,1,15,12216,1,1080,1920,459,156,704,401,60025,0.029,,
712094,1442437,1583904,1,15,12264,0,1080,1920,716,250,886,420,28900,0.014,,
712095,1442437,1583904,1,15,12288,0,1080,1920,750,233,920,403,28900,0.014,,
712096,1442437,1583904,1,15,12312,0,1080,1920,744,264,947,468,41412,0.02,,
712097,1442437,1583904,1,15,12336,0,1080,1920,845,269,987,411,20164,0.01,,
712098,1442437,1583904,1,15,12360,0,1080,1920,1075,212,1216,353,19881,0.01,,
712099,1442437,1583904,1,15,12384,0,1080,1920,989,197,1130,339,20022,0.01,,
712100,1442437,1583904,1,15,12408,0,1080,1920,940,284,1110,454,28900,0.014,,
712101,1442437,1583904,1,15,12432,0,1080,1920,847,347,1051,551,41616,0.02,,
712102,1442437,1583904,1,15,12456,0,1080,1920,1003,140,1145,282,20164,0.01,,
712103,1442437,1583904,1,15,12456,1,1080,1920,854,388,1024,557,28730,0.014,,
712104,1442437,1583904,1,15,12456,2,1080,1920,71,384,213,525,20022,0.01,,
712105,1442437,1583904,1,15,12480,0,1080,1920,1032,183,1173,325,20022,0.01,,
712106,1442437,1583904,1,15,12504,0,1080,1920,1032,197,1173,339,20022,0.01,,
712107,1442437,1583904,1,15,12528,0,1080,1920,974,183,1116,325,20164,0.01,,
712108,1442437,1583904,1,15,12552,0,1080,1920,909,161,1113,365,41616,0.02,,
712109,1442437,1583904,1,15,12576,0,1080,1920,957,216,1127,385,28730,0.014,,
712110,1442437,1583904,1,15,12600,0,1080,1920,659,369,801,511,20164,0.01,,
712111,1442437,1583904,1,15,12624,0,1080,1920,745,326,887,468,20164,0.01,,
712112,1442437,1583904,1,15,12648,0,1080,1920,716,302,886,471,28730,0.014,,
712113,1442437,1583904,1,15,12672,0,1080,1920,699,370,869,540,28900,0.014,,
712114,1442437,1583904,1,15,12696,0,1080,1920,930,181,1174,426,59780,0.029,,
712115,1442437,1583904,1,15,12720,0,1080,1920,950,202,1154,406,41616,0.02,,
712116,1442437,1583904,1,15,12720,1,1080,1920,781,429,1026,673,59780,0.029,,
712117,1442437,1583904,1,15,12744,0,1080,1920,929,202,1133,406,41616,0.02,,
712118,1442437,1583904,1,15,12744,1,1080,1920,555,374,849,667,86142,0.042,,
712119,1442437,1583904,1,15,12768,0,1080,1920,929,202,1133,406,41616,0.02,,
712120,1442437,1583904,1,15,12792,0,1080,1920,745,355,887,497,20164,0.01,,
712121,1442437,1583904,1,15,12816,0,1080,1920,750,353,920,523,28900,0.014,,
712122,1442437,1583904,1,15,12840,0,1080,1920,867,202,1071,406,41616,0.02,,
712123,1442437,1583904,1,15,12864,0,1080,1920,867,202,1071,406,41616,0.02,,
712124,1442437,1583904,1,15,12888,0,1080,1920,880,181,1125,426,60025,0.029,,
712125,1442437,1583904,1,15,12912,0,1080,1920,1012,182,1216,385,41412,0.02,,
712126,1442437,1583904,1,15,12936,0,1080,1920,657,255,902,500,60025,0.029,,
712127,1442437,1583904,1,15,12960,0,1080,1920,620,244,824,447,41412,0.02,,
712128,1442437,1583904,1,15,12984,0,1080,1920,620,182,824,385,41412,0.02,,
712129,1442437,1583904,1,15,13008,0,1080,1920,744,202,947,406,41412,0.02,,
712130,1442437,1583904,1,15,13032,0,1080,1920,979,280,1224,525,60025,0.029,,
712131,1442437,1583904,1,15,13056,0,1080,1920,831,255,1075,500,59780,0.029,,
712132,1442437,1583904,1,15,13080,0,1080,1920,793,225,1087,519,86436,0.042,,
712133,1442437,1583904,1,15,13104,0,1080,1920,856,255,1100,500,59780,0.029,,
712134,1442437,1583904,1,15,13128,0,1080,1920,763,225,1057,519,86436,0.042,,
712135,1442437,1583904,1,15,13152,0,1080,1920,640,285,844,489,41616,0.02,,
712136,1442437,1583904,1,15,13176,0,1080,1920,633,280,877,525,59780,0.029,,
712137,1442437,1583904,1,15,13200,0,1080,1920,682,306,885,509,41209,0.02,,
712138,1442437,1583904,1,15,13200,1,1080,1920,1179,136,1473,429,86142,0.042,,
712139,1442437,1583904,1,15,13224,0,1080,1920,682,347,885,551,41412,0.02,,
712140,1442437,1583904,1,15,13224,1,1080,1920,1179,106,1473,400,86436,0.042,,
712141,1442437,1583904,1,15,13248,0,1080,1920,657,330,902,574,59780,0.029,,
712142,1442437,1583904,1,15,13272,0,1080,1920,1054,231,1298,475,59536,0.029,,
712143,1442437,1583904,1,15,13296,0,1080,1920,971,225,1265,519,86436,0.042,,
712144,1442437,1583904,1,15,13320,0,1080,1920,912,195,1205,489,86142,0.042,,
712145,1442437,1583904,1,15,13344,0,1080,1920,1029,305,1273,550,59780,0.029,,
712146,1442437,1583904,1,15,13368,0,1080,1920,702,326,906,530,41616,0.02,,
712147,1442437,1583904,1,15,13392,0,1080,1920,723,306,927,509,41412,0.02,,
712148,1442437,1583904,1,15,13416,0,1080,1920,1078,231,1323,475,59780,0.029,,
712149,1442437,1583904,1,15,13440,0,1080,1920,1090,225,1384,519,86436,0.042,,
712150,1442437,1583904,1,15,13464,0,1080,1920,1032,208,1384,560,123904,0.06,,
712151,1442437,1583904,1,15,13488,0,1080,1920,1061,255,1354,548,85849,0.041,,
712152,1442437,1583904,1,15,13512,0,1080,1920,1031,255,1324,548,85849,0.041,,
712153,1442437,1583904,1,15,13536,0,1080,1920,723,264,927,468,41616,0.02,,
712154,1442437,1583904,1,15,13560,0,1080,1920,732,280,976,525,59780,0.029,,
712155,1442437,1583904,1,15,13584,0,1080,1920,707,280,952,525,60025,0.029,,
712156,1442437,1583904,1,15,13608,0,1080,1920,997,244,1349,596,123904,0.06,,
712157,1442437,1583904,1,15,13632,0,1080,1920,961,279,1313,632,124256,0.06,,
712158,1442437,1583904,1,15,13656,0,1080,1920,971,285,1265,578,86142,0.042,,
712159,1442437,1583904,1,15,13680,0,1080,1920,1001,344,1295,637,86142,0.042,,
712160,1442437,1583904,1,15,13680,1,1080,1920,390,351,742,703,123904,0.06,,
712161,1442437,1583904,1,15,13704,0,1080,1920,882,255,1176,548,86142,0.042,,
712162,1442437,1583904,1,15,13704,1,1080,1920,319,208,671,560,123904,0.06,,
712163,1442437,1583904,1,15,13728,0,1080,1920,880,330,1125,574,59780,0.029,,
712164,1442437,1583904,1,15,13752,0,1080,1920,852,285,1146,578,86142,0.042,,
712165,1442437,1583904,1,15,13776,0,1080,1920,0,314,195,608,57330,0.028,,
712166,1442437,1583904,1,15,13800,0,1080,1920,1054,255,1298,500,59780,0.029,,
712167,1442437,1583904,1,15,13800,1,1080,1920,615,344,908,637,85849,0.041,,
712168,1442437,1583904,1,15,13824,0,1080,1920,890,172,1242,525,124256,0.06,,
712169,1442437,1583904,1,15,13824,1,1080,1920,436,344,730,637,86142,0.042,,
712170,1442437,1583904,1,15,13848,0,1080,1920,854,172,1206,525,124256,0.06,,
712171,1442437,1583904,1,15,13848,1,1080,1920,466,403,760,697,86436,0.042,,
712172,1442437,1583904,1,15,13872,0,1080,1920,633,255,877,500,59780,0.029,,
712173,1442437,1583904,1,15,13896,0,1080,1920,682,326,885,530,41412,0.02,,
712174,1442437,1583904,1,15,13920,0,1080,1920,702,285,906,489,41616,0.02,,
712175,1442437,1583904,1,15,13944,0,1080,1920,702,285,906,489,41616,0.02,,
712176,1442437,1583904,1,15,13968,0,1080,1920,707,305,952,550,60025,0.029,,
712177,1442437,1583904,1,15,13992,0,1080,1920,723,347,927,551,41616,0.02,,
712178,1442437,1583904,1,15,14016,0,1080,1920,723,306,927,509,41412,0.02,,
712179,1442437,1583904,1,15,14040,0,1080,1920,707,305,952,550,60025,0.029,,
712180,1442437,1583904,1,15,14064,0,1080,1920,744,285,947,489,41412,0.02,,
712181,1442437,1583904,1,15,14088,0,1080,1920,682,264,885,468,41412,0.02,,
712182,1442437,1583904,1,15,14112,0,1080,1920,702,285,906,489,41616,0.02,,
712183,1442437,1583904,1,15,14136,0,1080,1920,674,255,968,548,86142,0.042,,
712184,1442437,1583904,1,15,14160,0,1080,1920,882,255,1176,548,86142,0.042,,
712185,1442437,1583904,1,15,14184,0,1080,1920,942,225,1235,519,86142,0.042,,
712186,1442437,1583904,1,15,14208,0,1080,1920,1061,255,1354,548,85849,0.041,,
712187,1442437,1583904,1,15,14232,0,1080,1920,961,208,1313,560,123904,0.06,,
712188,1442437,1583904,1,15,14256,0,1080,1920,1031,255,1324,548,85849,0.041,,
712189,1442437,1583904,1,15,14280,0,1080,1920,852,255,1146,548,86142,0.042,,
712190,1442437,1583904,1,15,14304,0,1080,1920,852,285,1146,578,86142,0.042,,
712191,1442437,1583904,1,15,14304,1,1080,1920,377,314,670,608,86142,0.042,,
712192,1442437,1583904,1,15,14328,0,1080,1920,657,231,902,475,59780,0.029,,
712193,1442437,1583904,1,15,14352,0,1080,1920,856,255,1100,500,59780,0.029,,
712194,1442437,1583904,1,15,14376,0,1080,1920,856,255,1100,500,59780,0.029,,
712195,1442437,1583904,1,15,14400,0,1080,1920,657,255,902,500,60025,0.029,,
712196,1442437,1583904,1,15,14424,0,1080,1920,744,264,947,468,41412,0.02,,
712197,1442437,1583904,1,15,14424,1,1080,1920,1277,156,1521,401,59780,0.029,,
712198,1442437,1583904,1,15,14448,0,1080,1920,942,285,1235,578,85849,0.041,,
712199,1442437,1583904,1,15,14472,0,1080,1920,942,285,1235,578,85849,0.041,,
712200,1442437,1583904,1,15,14496,0,1080,1920,961,244,1313,596,123904,0.06,,
712201,1442437,1583904,1,15,14520,0,1080,1920,971,285,1265,578,86142,0.042,,
712202,1442437,1583904,1,15,14520,1,1080,1920,533,315,885,667,123904,0.06,,
712203,1442437,1583904,1,15,14544,0,1080,1920,785,326,989,530,41616,0.02,,
712204,1442437,1583904,1,15,14568,0,1080,1920,806,306,1009,509,41209,0.02,,
712205,1442437,1583904,1,15,14592,0,1080,1920,781,231,1026,475,59780,0.029,,
712206,1442437,1583904,1,15,14592,1,1080,1920,1351,132,1595,376,59536,0.029,,
712207,1442437,1583904,1,15,14616,0,1080,1920,890,208,1242,560,123904,0.06,,
712208,1442437,1583904,1,15,14640,0,1080,1920,925,244,1277,596,123904,0.06,,
712209,1442437,1583904,1,15,14664,0,1080,1920,997,244,1349,596,123904,0.06,,
712210,1442437,1583904,1,15,14688,0,1080,1920,1001,285,1295,578,86142,0.042,,
712211,1442437,1583904,1,15,14712,0,1080,1920,682,367,885,571,41412,0.02,,
712212,1442437,1583904,1,15,14712,1,1080,1920,248,386,600,739,124256,0.06,,
712213,1442437,1583904,1,15,14736,0,1080,1920,682,347,885,551,41412,0.02,,
712214,1442437,1583904,1,15,14760,0,1080,1920,702,367,906,571,41616,0.02,,
712215,1442437,1583904,1,15,14784,0,1080,1920,955,255,1199,500,59780,0.029,,
712216,1442437,1583904,1,15,14808,0,1080,1920,929,223,1133,427,41616,0.02,,
712217,1442437,1583904,1,15,14832,0,1080,1920,732,330,976,574,59536,0.029,,
712218,1442437,1583904,1,15,14856,0,1080,1920,702,367,906,571,41616,0.02,,
712219,1442437,1583904,1,15,14880,0,1080,1920,888,223,1092,427,41616,0.02,,
712220,1442437,1583904,1,15,14904,0,1080,1920,909,223,1113,427,41616,0.02,,
712221,1442437,1583904,1,15,14928,0,1080,1920,909,223,1113,427,41616,0.02,,
712222,1442437,1583904,1,15,14952,0,1080,1920,657,330,902,574,59780,0.029,,
712223,1442437,1583904,1,15,14976,0,1080,1920,657,330,902,574,59780,0.029,,
712224,1442437,1583904,1,15,15000,0,1080,1920,929,223,1133,427,41616,0.02,,
712225,1442437,1583904,1,15,15024,0,1080,1920,950,244,1154,447,41412,0.02,,
712226,1442437,1583904,1,15,15048,0,1080,1920,599,306,803,509,41412,0.02,,
712227,1442437,1583904,1,15,15072,0,1080,1920,657,280,902,525,60025,0.029,,
712228,1442437,1583904,1,15,15096,0,1080,1920,880,206,1125,450,59780,0.029,,
712229,1442437,1583904,1,15,15096,1,1080,1920,558,330,803,574,59780,0.029,,
712230,1442437,1583904,1,15,15120,0,1080,1920,867,223,1071,427,41616,0.02,,
712231,1442437,1583904,1,15,15120,1,1080,1920,509,330,753,574,59536,0.029,,
712232,1442437,1583904,1,15,15144,0,1080,1920,888,223,1092,427,41616,0.02,,
712233,1442437,1583904,1,15,15144,1,1080,1920,558,280,803,525,60025,0.029,,
712234,1442437,1583904,1,15,15168,0,1080,1920,682,326,885,530,41412,0.02,,
712235,1442437,1583904,1,15,15192,0,1080,1920,867,244,1071,447,41412,0.02,,
712236,1442437,1583904,1,15,15216,0,1080,1920,1032,137,1384,489,123904,0.06,,
712237,1442437,1583904,1,15,15240,0,1080,1920,890,137,1242,489,123904,0.06,,
712238,1442437,1583904,1,15,15264,0,1080,1920,890,208,1242,560,123904,0.06,,
712239,1442437,1583904,1,15,15288,0,1080,1920,707,181,952,426,60025,0.029,,
712240,1442437,1583904,1,15,15312,0,1080,1920,756,280,1001,525,60025,0.029,,
712241,1442437,1583904,1,15,15336,0,1080,1920,732,255,976,500,59780,0.029,,
712242,1442437,1583904,1,15,15360,0,1080,1920,734,225,1027,519,86142,0.042,,
712243,1442437,1583904,1,15,15384,0,1080,1920,704,255,997,548,85849,0.041,,
712244,1442437,1583904,1,15,15408,0,1080,1920,657,280,902,525,60025,0.029,,
712245,1442437,1583904,1,15,15432,0,1080,1920,1031,285,1324,578,85849,0.041,,
712246,1442437,1583904,1,15,15456,0,1080,1920,961,244,1313,596,123904,0.06,,
712247,1442437,1583904,1,15,15480,0,1080,1920,961,279,1313,632,124256,0.06,,
712248,1442437,1583904,1,15,15504,0,1080,1920,854,172,1206,525,124256,0.06,,
712249,1442437,1583904,1,15,15528,0,1080,1920,961,208,1313,560,123904,0.06,,
712250,1442437,1583904,1,15,15552,0,1080,1920,925,208,1277,560,123904,0.06,,
712251,1442437,1583904,1,15,15576,0,1080,1920,925,208,1277,560,123904,0.06,,
712252,1442437,1583904,1,15,15600,0,1080,1920,925,244,1277,596,123904,0.06,,
712253,1442437,1583904,1,15,15624,0,1080,1920,1001,285,1295,578,86142,0.042,,
712254,1442437,1583904,1,15,15648,0,1080,1920,961,208,1313,560,123904,0.06,,
712255,1442437,1583904,1,15,15672,0,1080,1920,633,280,877,525,59780,0.029,,
712256,1442437,1583904,1,15,15696,0,1080,1920,633,280,877,525,59780,0.029,,
712257,1442437,1583904,1,15,15720,0,1080,1920,633,280,877,525,59780,0.029,,
712258,1442437,1583904,1,15,15744,0,1080,1920,707,255,952,500,60025,0.029,,
712259,1442437,1583904,1,15,15768,0,1080,1920,856,255,1100,500,59780,0.029,,
712260,1442437,1583904,1,15,15864,0,1080,1920,793,255,1087,548,86142,0.042,,
712261,1442437,1583904,1,15,15888,0,1080,1920,818,244,1170,596,123904,0.06,,
712262,1442437,1583904,1,15,15912,0,1080,1920,890,279,1242,632,124256,0.06,,
712263,1442437,1583904,1,15,15936,0,1080,1920,818,244,1170,596,123904,0.06,,
712264,1442437,1583904,1,15,15960,0,1080,1920,783,244,1135,596,123904,0.06,,
712265,1442437,1583904,1,15,15984,0,1080,1920,783,244,1135,596,123904,0.06,,
712266,1442437,1583904,1,15,16008,0,1080,1920,537,277,635,375,9604,0.005,,
712267,1442437,1583904,1,15,16008,1,1080,1920,691,267,809,385,13924,0.007,,
712268,1442437,1583904,1,15,16008,2,1080,1920,895,317,993,415,9604,0.005,,
712269,1442437,1583904,1,15,16008,3,1080,1920,643,554,761,672,13924,0.007,,
712270,1442437,1583904,1,15,16032,0,1080,1920,497,267,595,366,9702,0.005,,
712271,1442437,1583904,1,15,16032,1,1080,1920,788,226,930,368,20164,0.01,,
712272,1442437,1583904,1,15,16032,2,1080,1920,1034,277,1133,375,9702,0.005,,
712273,1442437,1583904,1,15,16032,3,1080,1920,786,542,904,660,13924,0.007,,
712274,1442437,1583904,1,15,16056,0,1080,1920,452,231,570,349,13924,0.007,,
712275,1442437,1583904,1,15,16056,1,1080,1920,831,513,973,654,20022,0.01,,
712276,1442437,1583904,1,15,16056,2,1080,1920,860,212,1001,353,19881,0.01,,
712277,1442437,1583904,1,15,16080,0,1080,1920,946,212,1087,353,19881,0.01,,
712278,1442437,1583904,1,15,16080,1,1080,1920,860,498,1001,640,20022,0.01,,
712279,1442437,1583904,1,15,16104,0,1080,1920,1017,240,1159,382,20164,0.01,,
712280,1442437,1583904,1,15,16104,1,1080,1920,464,255,582,373,13924,0.007,,
712281,1442437,1583904,1,15,16104,2,1080,1920,931,541,1073,683,20164,0.01,,
712282,1442437,1583904,1,15,16104,3,1080,1920,1273,257,1372,356,9801,0.005,,
712283,1442437,1583904,1,15,16128,0,1080,1920,500,219,618,337,13924,0.007,,
712284,1442437,1583904,1,15,16128,1,1080,1920,1360,219,1478,337,13924,0.007,,
712285,1442437,1583904,1,15,16152,0,1080,1920,1053,202,1257,406,41616,0.02,,
712286,1442437,1583904,1,15,16152,1,1080,1920,530,255,672,396,20022,0.01,,
712287,1442437,1583904,1,15,16152,2,1080,1920,1467,267,1585,385,13924,0.007,,
712288,1442437,1583904,1,15,16152,3,1080,1920,733,594,903,764,28900,0.014,,
712289,1442437,1583904,1,15,16176,0,1080,1920,1507,233,1677,403,28900,0.014,,
712290,1442437,1583904,1,15,16176,1,1080,1920,1054,181,1298,426,59780,0.029,,
712291,1442437,1583904,1,15,16176,2,1080,1920,413,636,617,840,41616,0.02,,
712292,1442437,1583904,1,15,16176,3,1080,1920,372,244,576,447,41412,0.02,,
712293,1442437,1583904,1,15,16248,0,1080,1920,1074,327,1172,425,9604,0.005,,
712294,1442437,1583904,1,15,16272,0,1080,1920,736,297,834,395,9604,0.005,,
712295,1442437,1583904,1,15,16272,1,1080,1920,559,219,677,337,13924,0.007,,
712296,1442437,1583904,1,15,16296,0,1080,1920,327,419,409,501,6724,0.003,,
712297,1442437,1583904,1,15,16296,1,1080,1920,571,243,689,361,13924,0.007,,
712298,1442437,1583904,1,15,16296,2,1080,1920,756,307,854,405,9604,0.005,,
712299,1442437,1583904,1,15,16320,0,1080,1920,852,136,1146,429,86142,0.042,,
712300,1442437,1583904,1,15,16344,0,1080,1920,559,255,700,396,19881,0.01,,
712301,1442437,1583904,1,15,16344,1,1080,1920,69,317,167,415,9604,0.005,,
712302,1442437,1583904,1,15,16344,2,1080,1920,855,387,954,485,9702,0.005,,
712303,1442437,1583904,1,15,16368,0,1080,1920,620,223,824,427,41616,0.02,,
712304,1442437,1583904,1,15,16368,1,1080,1920,1017,384,1159,525,20022,0.01,,
712305,1442437,1583904,1,15,16392,0,1080,1920,1094,370,1264,540,28900,0.014,,
712306,1442437,1583904,1,15,16392,1,1080,1920,707,255,952,500,60025,0.029,,
712307,1442437,1583904,1,15,16416,0,1080,1920,585,166,878,459,85849,0.041,,
712308,1442437,1583904,1,15,16416,1,1080,1920,1060,405,1230,575,28900,0.014,,
712309,1442437,1583904,1,15,16440,0,1080,1920,657,231,902,475,59780,0.029,,
712310,1442437,1583904,1,15,16440,1,1080,1920,1074,409,1278,613,41616,0.02,,
712311,1442437,1583904,1,15,16464,0,1080,1920,1053,367,1257,571,41616,0.02,,
712312,1442437,1583904,1,15,16464,1,1080,1920,682,206,927,450,59780,0.029,,
712313,1442437,1583904,1,15,16488,0,1080,1920,806,181,1051,426,60025,0.029,,
712314,1442437,1583904,1,15,16488,1,1080,1920,1218,367,1422,571,41616,0.02,,
712315,1442437,1583904,1,15,16488,2,1080,1920,0,244,142,447,28826,0.014,,
712316,1442437,1583904,1,15,16512,0,1080,1920,1247,197,1388,339,20022,0.01,,
712317,1442437,1583904,1,15,16512,1,1080,1920,569,104,637,172,4624,0.002,,
712318,1442437,1583904,1,15,16536,0,1080,1920,1012,264,1216,468,41616,0.02,,
712319,1442437,1583904,1,15,16560,0,1080,1920,882,195,1176,489,86436,0.042,,
712320,1442437,1583904,1,15,16584,0,1080,1920,823,225,1116,519,86142,0.042,,
712321,1442437,1583904,1,15,16608,0,1080,1920,1094,456,1264,626,28900,0.014,,
712322,1442437,1583904,1,15,16608,1,1080,1920,633,206,877,450,59536,0.029,,
712323,1442437,1583904,1,15,16632,0,1080,1920,633,255,877,500,59780,0.029,,
712324,1442437,1583904,1,15,16632,1,1080,1920,1136,491,1340,695,41616,0.02,,
712325,1442437,1583904,1,15,16656,0,1080,1920,882,255,1176,548,86142,0.042,,
712326,1442437,1583904,1,15,16680,0,1080,1920,912,195,1205,489,86142,0.042,,
712327,1442437,1583904,1,15,16704,0,1080,1920,925,172,1277,525,124256,0.06,,
712328,1442437,1583904,1,15,16728,0,1080,1920,942,225,1235,519,86142,0.042,,
712329,1442437,1583904,1,15,16752,0,1080,1920,961,244,1313,596,123904,0.06,,
712330,1442437,1583904,1,15,16776,0,1080,1920,569,244,921,596,123904,0.06,,
712331,1442437,1583904,1,15,16776,1,1080,1920,1198,512,1401,716,41412,0.02,,
712332,1442437,1583904,1,15,16800,0,1080,1920,496,225,789,519,86142,0.042,,
712333,1442437,1583904,1,15,16824,0,1080,1920,1324,291,1442,409,13924,0.007,,
712334,1442437,1583904,1,15,16824,1,1080,1920,1061,196,1179,314,13924,0.007,,
712335,1442437,1583904,1,15,16848,0,1080,1920,1333,312,1474,454,20022,0.01,,
712336,1442437,1583904,1,15,16848,1,1080,1920,1025,196,1143,314,13924,0.007,,
712337,1442437,1583904,1,15,16848,2,1080,1920,154,69,223,138,4761,0.002,,
712338,1442437,1583904,1,15,16872,0,1080,1920,1304,312,1446,454,20164,0.01,,
712339,1442437,1583904,1,15,16872,1,1080,1920,989,183,1130,325,20022,0.01,,
712340,1442437,1583904,1,15,16896,0,1080,1920,1290,312,1431,454,20022,0.01,,
712341,1442437,1583904,1,15,16896,1,1080,1920,989,184,1107,302,13924,0.007,,
712342,1442437,1583904,1,15,16920,0,1080,1920,1025,160,1143,278,13924,0.007,,
712343,1442437,1583904,1,15,16920,1,1080,1920,1290,326,1431,468,20022,0.01,,
712344,1442437,1583904,1,15,16920,2,1080,1920,372,198,542,368,28900,0.014,,
712345,1442437,1583904,1,15,16944,0,1080,1920,1252,363,1370,481,13924,0.007,,
712346,1442437,1583904,1,15,16944,1,1080,1920,78,90,147,158,4692,0.002,,
712347,1442437,1583904,1,15,16944,2,1080,1920,1025,184,1143,302,13924,0.007,,
712348,1442437,1583904,1,15,16968,0,1080,1920,644,255,938,548,86142,0.042,,
712349,1442437,1583904,1,15,16968,1,1080,1920,1136,491,1340,695,41616,0.02,,
712350,1442437,1583904,1,15,16992,0,1080,1920,1156,512,1360,716,41616,0.02,,
712351,1442437,1583904,1,15,16992,1,1080,1920,644,285,938,578,86142,0.042,,
712352,1442437,1583904,1,15,17016,0,1080,1920,1136,553,1340,757,41616,0.02,,
712353,1442437,1583904,1,15,17016,1,1080,1920,569,208,921,560,123904,0.06,,
712354,1442437,1583904,1,15,17040,0,1080,1920,585,195,878,489,86142,0.042,,
712355,1442437,1583904,1,15,17040,1,1080,1920,1136,553,1340,757,41616,0.02,,
712356,1442437,1583904,1,15,17064,0,1080,1920,823,255,1116,548,85849,0.041,,
712357,1442437,1583904,1,15,17064,1,1080,1920,1566,611,1859,905,86142,0.042,,
712358,1442437,1583904,1,15,17088,0,1080,1920,897,218,1319,640,178084,0.086,,
712359,1442437,1583904,1,15,17112,0,1080,1920,818,351,1170,703,123904,0.06,,
712360,1442437,1583904,1,15,17112,1,1080,1920,1655,790,1920,1080,76850,0.037,,
712361,1442437,1583904,1,15,17136,0,1080,1920,890,315,1242,667,123904,0.06,,
712362,1442437,1583904,1,15,17160,0,1080,1920,1153,528,1397,772,59536,0.029,,
712363,1442437,1583904,1,15,17160,1,1080,1920,644,255,938,548,86142,0.042,,
712364,1442437,1583904,1,15,17184,0,1080,1920,533,137,885,489,123904,0.06,,
712365,1442437,1583904,1,15,17184,1,1080,1920,1156,553,1360,757,41616,0.02,,
712366,1442437,1583904,1,15,17208,0,1080,1920,1156,533,1360,736,41412,0.02,,
712367,1442437,1583904,1,15,17208,1,1080,1920,585,195,878,489,86142,0.042,,
712368,1442437,1583904,1,15,17232,0,1080,1920,608,231,852,475,59536,0.029,,
712369,1442437,1583904,1,15,17232,1,1080,1920,1074,491,1278,695,41616,0.02,,
712370,1442437,1583904,1,15,17256,0,1080,1920,596,775,695,873,9702,0.005,,
712371,1442437,1583904,1,15,17304,0,1080,1920,315,613,457,755,20164,0.01,,
712372,1442437,1583904,1,15,17328,0,1080,1920,1017,283,1159,425,20164,0.01,,
712373,1442437,1583904,1,15,17352,0,1080,1920,989,226,1130,368,20022,0.01,,
712374,1442437,1583904,1,15,17376,0,1080,1920,774,255,915,396,19881,0.01,,
712375,1442437,1583904,1,15,17400,0,1080,1920,903,240,1044,382,20022,0.01,,
712376,1442437,1583904,1,15,17424,0,1080,1920,860,269,1001,411,20022,0.01,,
712377,1442437,1583904,1,15,17448,0,1080,1920,903,255,1044,396,19881,0.01,,
712378,1442437,1583904,1,15,17472,0,1080,1920,1049,243,1167,361,13924,0.007,,
712379,1442437,1583904,1,15,17496,0,1080,1920,974,212,1116,353,20022,0.01,,
712380,1442437,1583904,1,15,17520,0,1080,1920,831,212,973,353,20022,0.01,,
712381,1442437,1583904,1,15,17544,0,1080,1920,1146,405,1316,575,28900,0.014,,
712382,1442437,1583904,1,15,17544,1,1080,1920,596,353,766,523,28900,0.014,,
712383,1442437,1583904,1,15,17544,2,1080,1920,1161,97,1302,239,20022,0.01,,
712384,1442437,1583904,1,15,17568,0,1080,1920,561,370,731,540,28900,0.014,,
712385,1442437,1583904,1,15,17568,1,1080,1920,1118,427,1259,568,19881,0.01,,
712386,1442437,1583904,1,15,17568,2,1080,1920,1132,126,1274,267,20022,0.01,,
712387,1442437,1583904,1,15,17592,0,1080,1920,785,223,989,427,41616,0.02,,
712388,1442437,1583904,1,15,17616,0,1080,1920,802,267,972,437,28900,0.014,,
712389,1442437,1583904,1,15,17640,0,1080,1920,854,284,1024,454,28900,0.014,,
712390,1442437,1583904,1,15,17664,0,1080,1920,415,398,557,540,20164,0.01,,
712391,1442437,1583904,1,15,17664,1,1080,1920,1290,384,1431,525,19881,0.01,,
712392,1442437,1583904,1,15,17712,0,1080,1920,960,298,1102,439,20022,0.01,,
712393,1442437,1583904,1,15,17712,1,1080,1920,544,319,714,489,28900,0.014,,
712394,1442437,1583904,1,15,17736,0,1080,1920,640,285,844,489,41616,0.02,,
712395,1442437,1583904,1,15,17760,0,1080,1920,940,319,1110,489,28900,0.014,,
712396,1442437,1583904,1,15,17760,1,1080,1920,640,244,844,447,41412,0.02,,
712397,1442437,1583904,1,15,17784,0,1080,1920,1008,353,1178,523,28900,0.014,,
712398,1442437,1583904,1,15,17808,0,1080,1920,846,219,964,337,13924,0.007,,
712399,1442437,1583904,1,15,17832,0,1080,1920,1260,182,1463,385,41209,0.02,,
712400,1442437,1583904,1,15,17832,1,1080,1920,608,255,852,500,59780,0.029,,
712401,1442437,1583904,1,15,17856,0,1080,1920,1146,164,1316,334,28900,0.014,,
712402,1442437,1583904,1,15,17880,0,1080,1920,1163,181,1333,351,28900,0.014,,
712403,1442437,1583904,1,15,17880,1,1080,1920,599,161,803,365,41616,0.02,,
712404,1442437,1583904,1,15,17904,0,1080,1920,558,140,762,344,41616,0.02,,
712405,1442437,1583904,1,15,17904,1,1080,1920,1232,233,1402,403,28900,0.014,,
712406,1442437,1583904,1,15,17928,0,1080,1920,917,255,1059,396,20022,0.01,,
712407,1442437,1583904,1,15,17952,0,1080,1920,942,255,1060,373,13924,0.007,,
712408,1442437,1583904,1,15,17976,0,1080,1920,917,255,1059,396,20022,0.01,,
712409,1442437,1583904,1,15,18000,0,1080,1920,599,223,803,427,41616,0.02,,
712410,1442437,1583904,1,15,18000,1,1080,1920,1146,233,1316,403,28900,0.014,,
712411,1442437,1583904,1,15,18024,0,1080,1920,1177,202,1381,406,41616,0.02,,
712412,1442437,1583904,1,15,18024,1,1080,1920,534,231,778,475,59536,0.029,,
712413,1442437,1583904,1,15,18048,0,1080,1920,774,255,915,396,19881,0.01,,
712414,1442437,1583904,1,15,18072,0,1080,1920,640,182,844,385,41412,0.02,,
712415,1442437,1583904,1,15,18072,1,1080,1920,1198,233,1367,403,28730,0.014,,
712416,1442437,1583904,1,15,18096,0,1080,1920,1146,226,1288,368,20164,0.01,,
712417,1442437,1583904,1,15,18096,1,1080,1920,613,250,783,420,28900,0.014,,
712418,1442437,1583904,1,15,18120,0,1080,1920,917,212,1059,353,20022,0.01,,
712419,1442437,1583904,1,15,18144,0,1080,1920,946,226,1087,368,20022,0.01,,
712420,1442437,1583904,1,15,18168,0,1080,1920,903,226,1044,368,20022,0.01,,
712421,1442437,1583904,1,15,18216,0,1080,1920,991,216,1161,385,28730,0.014,,
712422,1442437,1583904,1,15,18240,0,1080,1920,946,197,1087,339,20022,0.01,,
712423,1442437,1583904,1,15,18264,0,1080,1920,888,216,1058,385,28730,0.014,,
712424,1442437,1583904,1,15,18288,0,1080,1920,940,216,1110,385,28730,0.014,,
712425,1442437,1583904,1,15,18312,0,1080,1920,1249,302,1419,471,28730,0.014,,
712426,1442437,1583904,1,15,18312,1,1080,1920,826,306,1030,509,41412,0.02,,
712427,1442437,1583904,1,15,18336,0,1080,1920,847,223,1051,427,41616,0.02,,
712428,1442437,1583904,1,15,18360,0,1080,1920,806,264,1009,468,41412,0.02,,
712429,1442437,1583904,1,15,18384,0,1080,1920,702,269,844,411,20164,0.01,,
712430,1442437,1583904,1,15,18408,0,1080,1920,750,250,920,420,28900,0.014,,
712431,1442437,1583904,1,15,18432,0,1080,1920,774,240,915,382,20022,0.01,,
712432,1442437,1583904,1,15,18456,0,1080,1920,734,255,1027,548,85849,0.041,,
712433,1442437,1583904,1,15,18480,0,1080,1920,818,208,1170,560,123904,0.06,,
712434,1442437,1583904,1,15,18504,0,1080,1920,912,255,1205,548,85849,0.041,,
712435,1442437,1583904,1,15,18600,0,1080,1920,867,223,1071,427,41616,0.02,,
712436,1442437,1583904,1,15,18624,0,1080,1920,971,306,1174,509,41209,0.02,,
712437,1442437,1583904,1,15,18624,1,1080,1920,517,450,720,654,41412,0.02,,
712438,1442437,1583904,1,15,18648,0,1080,1920,640,202,844,406,41616,0.02,,
712439,1442437,1583904,1,15,18648,1,1080,1920,1321,0,1525,200,40800,0.02,,
712440,1442437,1583904,1,15,18696,0,1080,1920,1046,212,1188,353,20022,0.01,,
712441,1442437,1583904,1,15,18720,0,1080,1920,870,255,988,373,13924,0.007,,
712442,1442437,1583904,1,15,18768,0,1080,1920,228,188,326,286,9604,0.005,,
712443,1442437,1583904,1,15,18768,1,1080,1920,974,126,1116,267,20022,0.01,,
712444,1442437,1583904,1,15,18792,0,1080,1920,573,255,715,396,20022,0.01,,
712445,1442437,1583904,1,15,18816,0,1080,1920,444,269,586,411,20164,0.01,,
712446,1442437,1583904,1,15,18840,0,1080,1920,473,226,614,368,20022,0.01,,
712447,1442437,1583904,1,15,18864,0,1080,1920,473,226,614,368,20022,0.01,,
712448,1442437,1583904,1,15,18888,0,1080,1920,516,240,657,382,20022,0.01,,
712449,1442437,1583904,1,15,18912,0,1080,1920,558,285,762,489,41616,0.02,,
712450,1442437,1583904,1,15,18912,1,1080,1920,922,250,1092,420,28900,0.014,,
712451,1442437,1583904,1,15,18936,0,1080,1920,1335,422,1505,592,28900,0.014,,
712452,1442437,1583904,1,15,18936,1,1080,1920,599,264,803,468,41616,0.02,,
712453,1442437,1583904,1,15,18960,0,1080,1920,1290,455,1431,597,20022,0.01,,
712454,1442437,1583904,1,15,18960,1,1080,1920,558,255,803,500,60025,0.029,,
712455,1442437,1583904,1,15,18960,2,1080,1920,940,336,1110,506,28900,0.014,,
712456,1442437,1583904,1,15,18984,0,1080,1920,578,264,782,468,41616,0.02,,
712457,1442437,1583904,1,15,18984,1,1080,1920,1290,455,1431,597,20022,0.01,,
712458,1442437,1583904,1,15,18984,2,1080,1920,989,326,1130,468,20022,0.01,,
712459,1442437,1583904,1,15,19008,0,1080,1920,1284,542,1453,712,28730,0.014,,
712460,1442437,1583904,1,15,19008,1,1080,1920,466,255,760,548,86142,0.042,,
712461,1442437,1583904,1,15,19008,2,1080,1920,905,422,1075,592,28900,0.014,,
712462,1442437,1583904,1,15,19032,0,1080,1920,517,306,720,509,41209,0.02,,
712463,1442437,1583904,1,15,19032,1,1080,1920,1266,525,1436,695,28900,0.014,,
712464,1442437,1583904,1,15,19032,2,1080,1920,871,405,1041,575,28900,0.014,,
712465,1442437,1583904,1,15,19056,0,1080,1920,1347,570,1489,712,20164,0.01,,
712466,1442437,1583904,1,15,19056,1,1080,1920,558,306,762,509,41412,0.02,,
712467,1442437,1583904,1,15,19056,2,1080,1920,905,405,1075,575,28900,0.014,,
712468,1442437,1583904,1,15,19080,0,1080,1920,1361,556,1503,697,20022,0.01,,
712469,1442437,1583904,1,15,19080,1,1080,1920,534,255,778,500,59780,0.029,,
712470,1442437,1583904,1,15,19080,2,1080,1920,922,388,1092,557,28730,0.014,,
712471,1442437,1583904,1,15,19104,0,1080,1920,888,370,1058,540,28900,0.014,,
712472,1442437,1583904,1,15,19104,1,1080,1920,509,255,753,500,59780,0.029,,
712473,1442437,1583904,1,15,19128,0,1080,1920,435,255,679,500,59780,0.029,,
712474,1442437,1583904,1,15,19128,1,1080,1920,871,388,1041,557,28730,0.014,,
712475,1442437,1583904,1,15,19128,2,1080,1920,1284,560,1453,729,28561,0.014,,
712476,1442437,1583904,1,15,19152,0,1080,1920,517,244,720,447,41209,0.02,,
712477,1442437,1583904,1,15,19152,1,1080,1920,1017,312,1159,454,20164,0.01,,
712478,1442437,1583904,1,15,19152,2,1080,1920,1261,412,1403,554,20164,0.01,,
712479,1442437,1583904,1,15,19176,0,1080,1920,905,319,1075,489,28900,0.014,,
712480,1442437,1583904,1,15,19176,1,1080,1920,496,264,700,468,41616,0.02,,
712481,1442437,1583904,1,15,19200,0,1080,1920,444,255,586,396,20022,0.01,,
712482,1442437,1583904,1,15,19200,1,1080,1920,974,484,1116,626,20164,0.01,,
712483,1442437,1583904,1,15,19200,2,1080,1920,1189,298,1331,439,20022,0.01,,
712484,1442437,1583904,1,15,19224,0,1080,1920,71,255,213,396,20022,0.01,,
712485,1442437,1583904,1,15,19224,1,1080,1920,1003,441,1145,583,20164,0.01,,
712486,1442437,1583904,1,15,19248,0,1080,1920,888,388,1058,557,28730,0.014,,
712487,1442437,1583904,1,15,19296,0,1080,1920,1008,216,1178,385,28730,0.014,,
712488,1442437,1583904,1,15,19320,0,1080,1920,716,197,858,339,20164,0.01,,
712489,1442437,1583904,1,15,19344,0,1080,1920,723,182,927,385,41412,0.02,,
712490,1442437,1583904,1,15,19368,0,1080,1920,1335,284,1505,454,28900,0.014,,
712491,1442437,1583904,1,15,19392,0,1080,1920,1318,283,1460,425,20164,0.01,,
712492,1442437,1583904,1,15,19392,1,1080,1920,1175,642,1317,783,20022,0.01,,
712493,1442437,1583904,1,15,19416,0,1080,1920,1198,267,1367,437,28730,0.014,,
712494,1442437,1583904,1,15,19416,1,1080,1920,1161,685,1302,826,19881,0.01,,
712495,1442437,1583904,1,15,19440,0,1080,1920,1163,284,1333,454,28900,0.014,,
712496,1442437,1583904,1,15,19440,1,1080,1920,1118,699,1259,841,20022,0.01,,
712497,1442437,1583904,1,15,19464,0,1080,1920,1112,284,1281,454,28730,0.014,,
712498,1442437,1583904,1,15,19464,1,1080,1920,475,285,679,489,41616,0.02,,
712499,1442437,1583904,1,15,19464,2,1080,1920,1118,685,1259,826,19881,0.01,,
712500,1442437,1583904,1,15,19488,0,1080,1920,661,202,865,406,41616,0.02,,
712501,1442437,1583904,1,15,19536,0,1080,1920,1333,527,1474,669,20022,0.01,,
712502,1442437,1583904,1,15,19536,1,1080,1920,931,384,1073,525,20022,0.01,,
712503,1442437,1583904,1,15,19560,0,1080,1920,817,255,958,396,19881,0.01,,
712504,1442437,1583904,1,15,19560,1,1080,1920,1198,367,1401,571,41412,0.02,,
712505,1442437,1583904,1,15,19584,0,1080,1920,1077,216,1247,385,28730,0.014,,
712506,1442437,1583904,1,15,19584,1,1080,1920,1031,136,1324,429,85849,0.041,,
712507,1442437,1583904,1,15,19584,2,1080,1920,578,302,748,471,28730,0.014,,
712508,1442437,1583904,1,15,19608,0,1080,1920,1033,182,1236,385,41209,0.02,,
712509,1442437,1583904,1,15,19608,1,1080,1920,544,267,714,437,28900,0.014,,
712510,1442437,1583904,1,15,19632,0,1080,1920,1033,264,1236,468,41412,0.02,,
712511,1442437,1583904,1,15,19656,0,1080,1920,1060,302,1230,471,28730,0.014,,
712512,1442437,1583904,1,15,19680,0,1080,1920,971,374,1265,667,86142,0.042,,
712513,1442437,1583904,1,15,19704,0,1080,1920,1031,344,1324,637,85849,0.041,,
712514,1442437,1583904,1,15,19728,0,1080,1920,1239,285,1532,578,85849,0.041,,
712515,1442437,1583904,1,15,19752,0,1080,1920,596,233,766,403,28900,0.014,,
712516,1442437,1583904,1,15,19800,0,1080,1920,788,226,930,368,20164,0.01,,
712517,1442437,1583904,1,15,19824,0,1080,1920,731,269,872,411,20022,0.01,,
712518,1442437,1583904,1,15,19848,0,1080,1920,831,255,973,396,20022,0.01,,
712519,1442437,1583904,1,15,19872,0,1080,1920,831,240,973,382,20164,0.01,,
712520,1442437,1583904,1,15,19896,0,1080,1920,831,298,973,439,20022,0.01,,
712521,1442437,1583904,1,15,19920,0,1080,1920,1204,212,1345,353,19881,0.01,,
712522,1442437,1583904,1,15,19920,1,1080,1920,664,216,834,385,28730,0.014,,
712523,1442437,1583904,1,15,19944,0,1080,1920,620,202,824,406,41616,0.02,,
712524,1442437,1583904,1,15,19944,1,1080,1920,1232,233,1402,403,28900,0.014,,
712525,1442437,1583904,1,15,19968,0,1080,1920,1232,255,1374,396,20022,0.01,,
712526,1442437,1583904,1,15,19968,1,1080,1920,537,202,741,406,41616,0.02,,
712527,1442437,1583904,1,15,19992,0,1080,1920,1163,216,1333,385,28730,0.014,,
712528,1442437,1583904,1,15,19992,1,1080,1920,558,223,762,427,41616,0.02,,
712529,1442437,1583904,1,15,20016,0,1080,1920,940,216,1110,385,28730,0.014,,
712530,1442437,1583904,1,15,20040,0,1080,1920,950,202,1154,406,41616,0.02,,
712531,1442437,1583904,1,15,20064,0,1080,1920,971,202,1174,406,41412,0.02,,
712532,1442437,1583904,1,15,20088,0,1080,1920,1215,216,1385,385,28730,0.014,,
712533,1442437,1583904,1,15,20088,1,1080,1920,682,223,885,427,41412,0.02,,
712534,1442437,1583904,1,15,20112,0,1080,1920,1383,285,1587,489,41616,0.02,,
712535,1442437,1583904,1,15,20184,0,1080,1920,1599,206,1843,450,59536,0.029,,
712536,1442437,1583904,1,15,20208,0,1080,1920,1156,347,1360,551,41616,0.02,,
712537,1442437,1583904,1,15,20232,0,1080,1920,1090,121,1172,203,6724,0.003,,
712538,1442437,1583904,1,15,20256,0,1080,1920,1065,179,1147,261,6724,0.003,,
712539,1442437,1583904,1,15,20280,0,1080,1920,1198,220,1279,302,6642,0.003,,
712540,1442437,1583904,1,15,20304,0,1080,1920,1646,638,1764,755,13806,0.007,,
712541,1442437,1583904,1,15,20304,1,1080,1920,600,328,682,410,6724,0.003,,
712542,1442437,1583904,1,15,20304,2,1080,1920,1223,88,1322,186,9702,0.005,,
712543,1442437,1583904,1,15,20352,0,1080,1920,788,283,930,425,20164,0.01,,
712544,1442437,1583904,1,15,20448,0,1080,1920,389,267,559,437,28900,0.014,,
712545,1442437,1583904,1,15,20472,0,1080,1920,905,181,1150,426,60025,0.029,,
712546,1442437,1583904,1,15,20496,0,1080,1920,826,202,1030,406,41616,0.02,,
712547,1442437,1583904,1,15,20520,0,1080,1920,888,223,1092,427,41616,0.02,,
712548,1442437,1583904,1,15,20544,0,1080,1920,950,223,1154,427,41616,0.02,,
712549,1442437,1583904,1,15,20568,0,1080,1920,929,202,1133,406,41616,0.02,,
712550,1442437,1583904,1,15,20592,0,1080,1920,699,216,869,385,28730,0.014,,
712551,1442437,1583904,1,15,20616,0,1080,1920,802,198,972,368,28900,0.014,,
712552,1442437,1583904,1,15,20640,0,1080,1920,847,182,1051,385,41412,0.02,,
712553,1442437,1583904,1,15,20664,0,1080,1920,867,182,1071,385,41412,0.02,,
712554,1442437,1583904,1,15,20688,0,1080,1920,661,140,865,344,41616,0.02,,
712555,1442437,1583904,1,15,20712,0,1080,1920,785,161,989,365,41616,0.02,,
712556,1442437,1583904,1,15,20736,0,1080,1920,744,140,947,344,41412,0.02,,
712557,1442437,1583904,1,15,20760,0,1080,1920,640,202,844,406,41616,0.02,,
712558,1442437,1583904,1,15,20784,0,1080,1920,942,225,1235,519,86142,0.042,,
712559,1442437,1583904,1,15,20784,1,1080,1920,583,206,828,450,59780,0.029,,
712560,1442437,1583904,1,15,20808,0,1080,1920,608,156,852,401,59780,0.029,,
712561,1442437,1583904,1,15,20832,0,1080,1920,880,206,1125,450,59780,0.029,,
712562,1442437,1583904,1,15,20856,0,1080,1920,971,285,1174,489,41412,0.02,,
712563,1442437,1583904,1,15,20880,0,1080,1920,1029,181,1273,426,59780,0.029,,
712564,1442437,1583904,1,15,20904,0,1080,1920,640,264,844,468,41616,0.02,,
712565,1442437,1583904,1,15,20928,0,1080,1920,661,244,865,447,41412,0.02,,
712566,1442437,1583904,1,15,20952,0,1080,1920,615,255,908,548,85849,0.041,,
712567,1442437,1583904,1,15,20976,0,1080,1920,979,255,1224,500,60025,0.029,,
712568,1442437,1583904,1,15,21000,0,1080,1920,882,195,1176,489,86436,0.042,,
712569,1442437,1583904,1,15,21024,0,1080,1920,583,280,828,525,60025,0.029,,
712570,1442437,1583904,1,15,21048,0,1080,1920,583,280,828,525,60025,0.029,,
712571,1442437,1583904,1,15,21072,0,1080,1920,583,280,828,525,60025,0.029,,
712572,1442437,1583904,1,15,21096,0,1080,1920,925,208,1277,560,123904,0.06,,
712573,1442437,1583904,1,15,21120,0,1080,1920,925,208,1277,560,123904,0.06,,
712574,1442437,1583904,1,15,21144,0,1080,1920,890,244,1242,596,123904,0.06,,
712575,1442437,1583904,1,15,21168,0,1080,1920,925,208,1277,560,123904,0.06,,
712576,1442437,1583904,1,15,21192,0,1080,1920,890,172,1242,525,124256,0.06,,
712577,1442437,1583904,1,15,21216,0,1080,1920,925,172,1277,525,124256,0.06,,
712578,1442437,1583904,1,15,21240,0,1080,1920,1232,370,1402,540,28900,0.014,,
712579,1442437,1583904,1,15,21240,1,1080,1920,1275,627,1417,769,20164,0.01,,
712580,1442437,1583904,1,15,21240,2,1080,1920,561,302,731,471,28730,0.014,,
712581,1442437,1583904,1,15,21264,0,1080,1920,1232,319,1402,489,28900,0.014,,
712582,1442437,1583904,1,15,21264,1,1080,1920,1275,599,1417,740,20022,0.01,,
712583,1442437,1583904,1,15,21264,2,1080,1920,561,267,731,437,28900,0.014,,
712584,1442437,1583904,1,15,21288,0,1080,1920,1232,319,1402,489,28900,0.014,,
712585,1442437,1583904,1,15,21288,1,1080,1920,1290,599,1431,740,19881,0.01,,
712586,1442437,1583904,1,15,21312,0,1080,1920,1249,302,1419,471,28730,0.014,,
712587,1442437,1583904,1,15,21312,1,1080,1920,578,233,748,403,28900,0.014,,
712588,1442437,1583904,1,15,21312,2,1080,1920,1290,570,1431,712,20022,0.01,,
712589,1442437,1583904,1,15,21336,0,1080,1920,1249,302,1419,471,28730,0.014,,
712590,1442437,1583904,1,15,21336,1,1080,1920,1290,584,1431,726,20022,0.01,,
712591,1442437,1583904,1,15,21336,2,1080,1920,578,250,748,420,28900,0.014,,
712592,1442437,1583904,1,15,21360,0,1080,1920,1266,284,1436,454,28900,0.014,,
712593,1442437,1583904,1,15,21360,1,1080,1920,1304,570,1446,712,20164,0.01,,
712594,1442437,1583904,1,15,21360,2,1080,1920,596,250,766,420,28900,0.014,,
712595,1442437,1583904,1,15,21384,0,1080,1920,45,112,215,282,28900,0.014,,
712596,1442437,1583904,1,15,21384,1,1080,1920,578,233,748,403,28900,0.014,,
712597,1442437,1583904,1,15,21408,0,1080,1920,664,267,834,437,28900,0.014,,
712598,1442437,1583904,1,15,21408,1,1080,1920,62,78,232,248,28900,0.014,,
712599,1442437,1583904,1,15,21432,0,1080,1920,657,206,902,450,59780,0.029,,
712600,1442437,1583904,1,15,21432,1,1080,1920,97,78,267,248,28900,0.014,,
712601,1442437,1583904,1,15,21456,0,1080,1920,1068,208,1420,560,123904,0.06,,
712602,1442437,1583904,1,15,21480,0,1080,1920,961,208,1313,560,123904,0.06,,
712603,1442437,1583904,1,15,21504,0,1080,1920,961,208,1313,560,123904,0.06,,
712604,1442437,1583904,1,15,21528,0,1080,1920,997,244,1349,596,123904,0.06,,
712605,1442437,1583904,1,15,21552,0,1080,1920,997,244,1349,596,123904,0.06,,
712606,1442437,1583904,1,15,21576,0,1080,1920,615,255,908,548,85849,0.041,,
712607,1442437,1583904,1,15,21600,0,1080,1920,707,280,952,525,60025,0.029,,
712608,1442437,1583904,1,15,21624,0,1080,1920,961,208,1313,560,123904,0.06,,
712609,1442437,1583904,1,15,21648,0,1080,1920,1218,326,1422,530,41616,0.02,,
712610,1442437,1583904,1,15,21648,1,1080,1920,484,181,729,426,60025,0.029,,
712611,1442437,1583904,1,15,21672,0,1080,1920,763,225,1057,519,86436,0.042,,
712612,1442437,1583904,1,15,21672,1,1080,1920,1673,429,1917,673,59536,0.029,,
712613,1442437,1583904,1,15,21696,0,1080,1920,818,279,1170,632,124256,0.06,,
712614,1442437,1583904,1,15,21720,0,1080,1920,818,279,1170,632,124256,0.06,,
712615,1442437,1583904,1,15,21744,0,1080,1920,882,314,1176,608,86436,0.042,,
712616,1442437,1583904,1,15,21768,0,1080,1920,818,279,1170,632,124256,0.06,,
712617,1442437,1583904,1,15,21792,0,1080,1920,882,314,1176,608,86436,0.042,,
712618,1442437,1583904,1,15,21816,0,1080,1920,537,264,741,468,41616,0.02,,
712619,1442437,1583904,1,15,21840,0,1080,1920,517,223,720,427,41412,0.02,,
712620,1442437,1583904,1,15,21840,1,1080,1920,1129,302,1299,471,28730,0.014,,
712621,1442437,1583904,1,15,21864,0,1080,1920,578,233,748,403,28900,0.014,,
712622,1442437,1583904,1,15,21888,0,1080,1920,558,161,762,365,41616,0.02,,
712623,1442437,1583904,1,15,21888,1,1080,1920,1249,216,1419,385,28730,0.014,,
712624,1442437,1583904,1,15,21912,0,1080,1920,613,250,783,420,28900,0.014,,
712625,1442437,1583904,1,15,21912,1,1080,1920,57,298,199,439,20022,0.01,,
712626,1442437,1583904,1,15,21912,2,1080,1920,1247,283,1388,425,20022,0.01,,
712627,1442437,1583904,1,15,21936,0,1080,1920,630,250,800,420,28900,0.014,,
712628,1442437,1583904,1,15,21936,1,1080,1920,0,327,104,445,12272,0.006,,
712629,1442437,1583904,1,15,21936,2,1080,1920,1232,255,1374,396,20022,0.01,,
712630,1442437,1583904,1,15,21960,0,1080,1920,673,183,815,325,20164,0.01,,
712631,1442437,1583904,1,15,21984,0,1080,1920,607,160,725,278,13924,0.007,,
712632,1442437,1583904,1,15,21984,1,1080,1920,1694,661,1812,779,13924,0.007,,
712633,1442437,1583904,1,15,21984,2,1080,1920,1300,506,1418,624,13924,0.007,,
712634,1442437,1583904,1,15,22008,0,1080,1920,501,97,643,239,20164,0.01,,
712635,1442437,1583904,1,15,22008,1,1080,1920,1403,546,1501,644,9604,0.005,,
712636,1442437,1583904,1,15,22008,2,1080,1920,1084,377,1182,475,9604,0.005,,
712637,1442437,1583904,1,15,22032,0,1080,1920,1228,518,1346,636,13924,0.007,,
712638,1442437,1583904,1,15,22032,1,1080,1920,1007,378,1089,460,6724,0.003,,
712639,1442437,1583904,1,15,22032,2,1080,1920,544,97,686,239,20164,0.01,,
712640,1442437,1583904,1,15,22056,0,1080,1920,890,172,1242,525,124256,0.06,,
712641,1442437,1583904,1,15,22080,0,1080,1920,854,208,1206,560,123904,0.06,,
712642,1442437,1583904,1,15,22104,0,1080,1920,890,244,1242,596,123904,0.06,,
712643,1442437,1583904,1,15,22128,0,1080,1920,1232,353,1402,523,28900,0.014,,
712644,1442437,1583904,1,15,22128,1,1080,1920,475,370,645,540,28900,0.014,,
712645,1442437,1583904,1,15,22152,0,1080,1920,1232,319,1402,489,28900,0.014,,
712646,1442437,1583904,1,15,22152,1,1080,1920,458,336,628,506,28900,0.014,,
712647,1442437,1583904,1,15,22176,0,1080,1920,385,255,630,500,60025,0.029,,
712648,1442437,1583904,1,15,22176,1,1080,1920,1218,264,1422,468,41616,0.02,,
712649,1442437,1583904,1,15,22200,0,1080,1920,854,208,1206,560,123904,0.06,,
712650,1442437,1583904,1,15,22224,0,1080,1920,1413,606,1511,704,9604,0.005,,
712651,1442437,1583904,1,15,22224,1,1080,1920,1114,426,1212,525,9702,0.005,,
712652,1442437,1583904,1,15,22224,2,1080,1920,544,140,686,282,20164,0.01,,
712653,1442437,1583904,1,15,22248,0,1080,1920,1252,578,1370,696,13924,0.007,,
712654,1442437,1583904,1,15,22248,1,1080,1920,587,140,729,282,20164,0.01,,
712655,1442437,1583904,1,15,22248,2,1080,1920,975,417,1073,515,9604,0.005,,
712656,1442437,1583904,1,15,22272,0,1080,1920,955,407,1053,505,9604,0.005,,
712657,1442437,1583904,1,15,22272,1,1080,1920,544,126,686,267,20022,0.01,,
712658,1442437,1583904,1,15,22272,2,1080,1920,1261,570,1403,712,20164,0.01,,
712659,1442437,1583904,1,15,22296,0,1080,1920,1312,303,1430,421,13924,0.007,,
712660,1442437,1583904,1,15,22296,1,1080,1920,673,283,815,425,20164,0.01,,
712661,1442437,1583904,1,15,22296,2,1080,1920,22,351,140,469,13924,0.007,,
712662,1442437,1583904,1,15,22296,3,1080,1920,835,626,934,724,9702,0.005,,
712663,1442437,1583904,1,15,22320,0,1080,1920,59,387,157,485,9604,0.005,,
712664,1442437,1583904,1,15,22320,1,1080,1920,1232,341,1374,482,20022,0.01,,
712665,1442437,1583904,1,15,22320,2,1080,1920,458,126,600,267,20022,0.01,,
712666,1442437,1583904,1,15,22344,0,1080,1920,977,196,1095,314,13924,0.007,,
712667,1442437,1583904,1,15,22344,1,1080,1920,401,140,543,282,20164,0.01,,
712668,1442437,1583904,1,15,22368,0,1080,1920,301,226,442,368,20022,0.01,,
712669,1442437,1583904,1,15,22368,1,1080,1920,1662,198,1832,368,28900,0.014,,
712670,1442437,1583904,1,15,22392,0,1080,1920,888,244,1092,447,41412,0.02,,
712671,1442437,1583904,1,15,22392,1,1080,1920,114,943,256,1080,19454,0.009,,
712672,1442437,1583904,1,15,22416,0,1080,1920,1103,181,1348,426,60025,0.029,,
712673,1442437,1583904,1,15,22440,0,1080,1920,344,578,462,696,13924,0.007,,
712674,1442437,1583904,1,15,22440,1,1080,1920,1033,244,1236,447,41209,0.02,,
712675,1442437,1583904,1,15,22464,0,1080,1920,636,128,735,226,9702,0.005,,
712676,1442437,1583904,1,15,22464,1,1080,1920,1479,530,1597,648,13924,0.007,,
712677,1442437,1583904,1,15,22488,0,1080,1920,1222,469,1304,551,6724,0.003,,
712678,1442437,1583904,1,15,22488,1,1080,1920,417,98,516,196,9702,0.005,,
712679,1442437,1583904,1,15,22488,2,1080,1920,1455,661,1573,779,13924,0.007,,
712680,1442437,1583904,1,15,22488,3,1080,1920,935,422,1004,490,4692,0.002,,
712681,1442437,1583904,1,15,22512,0,1080,1920,804,360,872,428,4624,0.002,,
712682,1442437,1583904,1,15,22512,1,1080,1920,428,64,546,182,13924,0.007,,
712683,1442437,1583904,1,15,22512,2,1080,1920,1140,453,1221,535,6642,0.003,,
712684,1442437,1583904,1,15,22512,3,1080,1920,71,373,140,442,4761,0.002,,
712685,1442437,1583904,1,15,22512,4,1080,1920,1348,602,1466,720,13924,0.007,,
712686,1442437,1583904,1,15,22512,5,1080,1920,9,443,77,511,4624,0.002,,
712687,1442437,1583904,1,15,22536,0,1080,1920,1094,223,1298,427,41616,0.02,,
712688,1442437,1583904,1,15,22560,0,1080,1920,1074,223,1278,427,41616,0.02,,
712689,1442437,1583904,1,15,22584,0,1080,1920,946,373,1003,430,3249,0.002,,
712690,1442437,1583904,1,15,22584,1,1080,1920,1136,443,1204,511,4624,0.002,,
712691,1442437,1583904,1,15,22584,2,1080,1920,688,83,829,224,19881,0.01,,
712692,1442437,1583904,1,15,22584,3,1080,1920,1252,578,1370,696,13924,0.007,,
712693,1442437,1583904,1,15,22584,4,1080,1920,387,355,528,497,20022,0.01,,
712694,1442437,1583904,1,15,22584,5,1080,1920,249,413,306,470,3249,0.002,,
712695,1442437,1583904,1,15,22584,6,1080,1920,1074,387,1142,456,4692,0.002,,
712696,1442437,1583904,1,15,22584,7,1080,1920,189,477,257,545,4624,0.002,,
712697,1442437,1583904,1,15,22608,0,1080,1920,691,112,809,230,13924,0.007,,
712698,1442437,1583904,1,15,22608,1,1080,1920,935,390,992,447,3249,0.002,,
712699,1442437,1583904,1,15,22608,2,1080,1920,488,375,606,493,13924,0.007,,
712700,1442437,1583904,1,15,22608,3,1080,1920,1131,469,1213,551,6724,0.003,,
712701,1442437,1583904,1,15,22608,4,1080,1920,1154,536,1252,634,9604,0.005,,
712702,1442437,1583904,1,15,22608,5,1080,1920,1240,590,1358,708,13924,0.007,,
712703,1442437,1583904,1,15,22608,6,1080,1920,189,498,257,566,4624,0.002,,
712704,1442437,1583904,1,15,22632,0,1080,1920,979,181,1224,426,60025,0.029,,
712705,1442437,1583904,1,15,22656,0,1080,1920,441,370,611,540,28900,0.014,,
712706,1442437,1583904,1,15,22656,1,1080,1920,1084,616,1182,714,9604,0.005,,
712707,1442437,1583904,1,15,22656,2,1080,1920,817,97,958,239,20022,0.01,,
712708,1442437,1583904,1,15,22656,3,1080,1920,1283,636,1382,734,9702,0.005,,
712709,1442437,1583904,1,15,22656,4,1080,1920,161,532,230,601,4761,0.002,,
712710,1442437,1583904,1,15,22680,0,1080,1920,473,412,614,554,20022,0.01,,
712711,1442437,1583904,1,15,22680,1,1080,1920,1073,638,1191,755,13806,0.007,,
712712,1442437,1583904,1,15,22680,2,1080,1920,817,111,958,253,20022,0.01,,
712713,1442437,1583904,1,15,22680,3,1080,1920,1333,655,1431,754,9702,0.005,,
712714,1442437,1583904,1,15,22680,4,1080,1920,1184,506,1282,604,9604,0.005,,
712715,1442437,1583904,1,15,22680,5,1080,1920,237,470,306,538,4692,0.002,,
712716,1442437,1583904,1,15,22704,0,1080,1920,1031,166,1324,459,85849,0.041,,
712717,1442437,1583904,1,15,22728,0,1080,1920,1104,636,1202,734,9604,0.005,,
712718,1442437,1583904,1,15,22728,1,1080,1920,1124,526,1222,624,9604,0.005,,
712719,1442437,1583904,1,15,22728,2,1080,1920,786,124,904,242,13924,0.007,,
712720,1442437,1583904,1,15,22728,3,1080,1920,1353,695,1451,794,9702,0.005,,
712721,1442437,1583904,1,15,22728,4,1080,1920,372,388,542,557,28730,0.014,,
712722,1442437,1583904,1,15,22728,5,1080,1920,51,491,119,559,4624,0.002,,
712723,1442437,1583904,1,15,22752,0,1080,1920,1144,636,1242,734,9604,0.005,,
712724,1442437,1583904,1,15,22752,1,1080,1920,846,124,964,242,13924,0.007,,
712725,1442437,1583904,1,15,22752,2,1080,1920,1373,675,1471,774,9702,0.005,,
712726,1442437,1583904,1,15,22752,3,1080,1920,401,427,543,568,20022,0.01,,
712727,1442437,1583904,1,15,22752,4,1080,1920,1156,536,1238,617,6642,0.003,,
712728,1442437,1583904,1,15,22752,5,1080,1920,51,539,119,608,4692,0.002,,
712729,1442437,1583904,1,15,22752,6,1080,1920,113,484,181,552,4624,0.002,,
712730,1442437,1583904,1,15,22776,0,1080,1920,1174,626,1272,724,9604,0.005,,
712731,1442437,1583904,1,15,22776,1,1080,1920,786,112,904,230,13924,0.007,,
712732,1442437,1583904,1,15,22776,2,1080,1920,1164,516,1262,614,9604,0.005,,
712733,1442437,1583904,1,15,22776,3,1080,1920,1383,649,1501,767,13924,0.007,,
712734,1442437,1583904,1,15,22800,0,1080,1920,745,111,887,253,20164,0.01,,
712735,1442437,1583904,1,15,22800,1,1080,1920,1239,527,1321,609,6724,0.003,,
712736,1442437,1583904,1,15,22800,2,1080,1920,1233,626,1332,724,9702,0.005,,
712737,1442437,1583904,1,15,22800,3,1080,1920,1452,685,1551,784,9801,0.005,,
712738,1442437,1583904,1,15,22800,4,1080,1920,244,519,312,587,4624,0.002,,
712739,1442437,1583904,1,15,22800,5,1080,1920,152,478,234,559,6642,0.003,,
712740,1442437,1583904,1,15,22824,0,1080,1920,1222,536,1304,617,6642,0.003,,
712741,1442437,1583904,1,15,22824,1,1080,1920,759,97,901,239,20164,0.01,,
712742,1442437,1583904,1,15,22824,2,1080,1920,1216,638,1334,755,13806,0.007,,
712743,1442437,1583904,1,15,22824,3,1080,1920,1419,670,1560,812,20022,0.01,,
712744,1442437,1583904,1,15,22824,4,1080,1920,196,526,264,594,4624,0.002,,
712745,1442437,1583904,1,15,22824,5,1080,1920,476,434,594,552,13924,0.007,,
712746,1442437,1583904,1,15,22824,6,1080,1920,78,486,160,568,6724,0.003,,
712747,1442437,1583904,1,15,22848,0,1080,1920,1222,544,1304,626,6724,0.003,,
712748,1442437,1583904,1,15,22848,1,1080,1920,759,97,901,239,20164,0.01,,
712749,1442437,1583904,1,15,22848,2,1080,1920,1214,665,1312,764,9702,0.005,,
712750,1442437,1583904,1,15,22848,3,1080,1920,1419,685,1560,826,19881,0.01,,
712751,1442437,1583904,1,15,22848,4,1080,1920,168,539,236,608,4692,0.002,,
712752,1442437,1583904,1,15,22848,5,1080,1920,53,502,135,584,6724,0.003,,
712753,1442437,1583904,1,15,22872,0,1080,1920,1231,544,1313,626,6724,0.003,,
712754,1442437,1583904,1,15,22872,1,1080,1920,1431,697,1549,815,13924,0.007,,
712755,1442437,1583904,1,15,22872,2,1080,1920,175,546,243,615,4692,0.002,,
712756,1442437,1583904,1,15,22872,3,1080,1920,70,502,151,584,6642,0.003,,
712757,1442437,1583904,1,15,22872,4,1080,1920,1214,675,1312,774,9702,0.005,,
712758,1442437,1583904,1,15,22872,5,1080,1920,673,111,815,253,20164,0.01,,
712759,1442437,1583904,1,15,22896,0,1080,1920,1661,496,1760,594,9702,0.005,,
712760,1442437,1583904,1,15,22896,1,1080,1920,128,536,210,617,6642,0.003,,
712761,1442437,1583904,1,15,22896,2,1080,1920,1232,44,1402,213,28730,0.014,,
712762,1442437,1583904,1,15,22896,3,1080,1920,631,498,700,566,4692,0.002,,
712763,1442437,1583904,1,15,22920,0,1080,1920,682,206,927,450,59780,0.029,,
712764,1442437,1583904,1,15,22920,1,1080,1920,1078,652,1323,896,59780,0.029,,
712765,1442437,1583904,1,15,22944,0,1080,1920,682,181,927,426,60025,0.029,,
712766,1442437,1583904,1,15,22944,1,1080,1920,1078,627,1323,872,60025,0.029,,
712767,1442437,1583904,1,15,22968,0,1080,1920,704,166,997,459,85849,0.041,,
712768,1442437,1583904,1,15,22968,1,1080,1920,1202,701,1447,946,60025,0.029,,
712769,1442437,1583904,1,15,22992,0,1080,1920,856,132,1100,376,59536,0.029,,
712770,1442437,1583904,1,15,22992,1,1080,1920,1198,698,1401,901,41209,0.02,,
712771,1442437,1583904,1,15,23016,0,1080,1920,781,206,1026,450,59780,0.029,,
712772,1442437,1583904,1,15,23016,1,1080,1920,1094,677,1298,881,41616,0.02,,
712773,1442437,1583904,1,15,23016,2,1080,1920,114,938,284,1080,24140,0.012,,
712774,1442437,1583904,1,15,23040,0,1080,1920,1128,701,1373,946,60025,0.029,,
712775,1442437,1583904,1,15,23040,1,1080,1920,732,206,976,450,59536,0.029,,
712776,1442437,1583904,1,15,23064,0,1080,1920,1094,677,1298,881,41616,0.02,,
712777,1442437,1583904,1,15,23088,0,1080,1920,1012,656,1216,860,41616,0.02,,
712778,1442437,1583904,1,15,23112,0,1080,1920,1488,569,1570,651,6724,0.003,,
712779,1442437,1583904,1,15,23112,1,1080,1920,1496,453,1578,535,6724,0.003,,
712780,1442437,1583904,1,15,23112,2,1080,1920,362,470,430,538,4624,0.002,,
712781,1442437,1583904,1,15,23112,3,1080,1920,1133,112,1251,230,13924,0.007,,
712782,1442437,1583904,1,15,23112,4,1080,1920,693,407,750,464,3249,0.002,,
712783,1442437,1583904,1,15,23112,5,1080,1920,895,367,993,465,9604,0.005,,
712784,1442437,1583904,1,15,23112,6,1080,1920,635,471,692,528,3249,0.002,,
712785,1442437,1583904,1,15,23112,7,1080,1920,20,428,102,510,6724,0.003,,
712786,1442437,1583904,1,15,23136,0,1080,1920,1272,560,1354,642,6724,0.003,,
712787,1442437,1583904,1,15,23136,1,1080,1920,1125,390,1182,447,3249,0.002,,
712788,1442437,1583904,1,15,23136,2,1080,1920,1281,450,1349,518,4624,0.002,,
712789,1442437,1583904,1,15,23136,3,1080,1920,846,88,964,206,13924,0.007,,
712790,1442437,1583904,1,15,23136,4,1080,1920,480,402,537,459,3249,0.002,,
712791,1442437,1583904,1,15,23136,5,1080,1920,428,471,485,528,3249,0.002,,
712792,1442437,1583904,1,15,23160,0,1080,1920,1115,585,1197,667,6724,0.003,,
712793,1442437,1583904,1,15,23160,1,1080,1920,1123,461,1205,543,6724,0.003,,
712794,1442437,1583904,1,15,23160,2,1080,1920,969,407,1026,464,3249,0.002,,
712795,1442437,1583904,1,15,23160,3,1080,1920,535,351,653,469,13924,0.007,,
712796,1442437,1583904,1,15,23160,4,1080,1920,655,112,773,230,13924,0.007,,
712797,1442437,1583904,1,15,23160,5,1080,1920,301,425,358,482,3249,0.002,,
712798,1442437,1583904,1,15,23160,6,1080,1920,261,488,318,545,3249,0.002,,
712799,1442437,1583904,1,15,23184,0,1080,1920,1081,594,1163,676,6724,0.003,,
712800,1442437,1583904,1,15,23184,1,1080,1920,929,413,986,470,3249,0.002,,
712801,1442437,1583904,1,15,23184,2,1080,1920,1094,477,1163,545,4692,0.002,,
712802,1442437,1583904,1,15,23184,3,1080,1920,715,124,833,242,13924,0.007,,
712803,1442437,1583904,1,15,23184,4,1080,1920,226,430,283,487,3249,0.002,,
712804,1442437,1583904,1,15,23184,5,1080,1920,535,351,653,469,13924,0.007,,
712805,1442437,1583904,1,15,23208,0,1080,1920,1073,585,1155,667,6724,0.003,,
712806,1442437,1583904,1,15,23208,1,1080,1920,750,136,868,254,13924,0.007,,
712807,1442437,1583904,1,15,23208,2,1080,1920,1081,469,1163,551,6724,0.003,,
712808,1442437,1583904,1,15,23208,3,1080,1920,215,425,272,482,3249,0.002,,
712809,1442437,1583904,1,15,23208,4,1080,1920,535,351,653,469,13924,0.007,,
712810,1442437,1583904,1,15,23232,0,1080,1920,1140,594,1221,676,6642,0.003,,
712811,1442437,1583904,1,15,23232,1,1080,1920,1157,484,1225,552,4624,0.002,,
712812,1442437,1583904,1,15,23232,2,1080,1920,667,124,785,242,13924,0.007,,
712813,1442437,1583904,1,15,23232,3,1080,1920,267,430,323,487,3192,0.002,,
712814,1442437,1583904,1,15,23232,4,1080,1920,493,317,532,357,1560,0.001,,
712815,1442437,1583904,1,15,23256,0,1080,1920,1123,594,1205,676,6724,0.003,,
712816,1442437,1583904,1,15,23256,1,1080,1920,1136,477,1204,545,4624,0.002,,
712817,1442437,1583904,1,15,23256,2,1080,1920,750,112,868,230,13924,0.007,,
712818,1442437,1583904,1,15,23256,3,1080,1920,237,422,306,490,4692,0.002,,
712819,1442437,1583904,1,15,23256,4,1080,1920,464,363,582,481,13924,0.007,,
712820,1442437,1583904,1,15,23280,0,1080,1920,1140,602,1221,684,6642,0.003,,
712821,1442437,1583904,1,15,23280,1,1080,1920,1157,484,1225,552,4624,0.002,,
712822,1442437,1583904,1,15,23280,2,1080,1920,716,97,858,239,20164,0.01,,
712823,1442437,1583904,1,15,23280,3,1080,1920,244,429,312,497,4624,0.002,,
712824,1442437,1583904,1,15,23280,4,1080,1920,457,397,555,495,9604,0.005,,
712825,1442437,1583904,1,15,23304,0,1080,1920,1124,626,1222,724,9604,0.005,,
712826,1442437,1583904,1,15,23304,1,1080,1920,481,341,520,381,1560,0.001,,
712827,1442437,1583904,1,15,23304,2,1080,1920,1134,496,1232,594,9604,0.005,,
712828,1442437,1583904,1,15,23304,3,1080,1920,788,126,930,267,20022,0.01,,
712829,1442437,1583904,1,15,23304,4,1080,1920,249,459,306,516,3249,0.002,,
712830,1442437,1583904,1,15,23328,0,1080,1920,954,124,1071,242,13806,0.007,,
712831,1442437,1583904,1,15,23352,0,1080,1920,1145,124,1263,242,13924,0.007,,
712832,1442437,1583904,1,15,23352,1,1080,1920,227,610,309,692,6724,0.003,,
712833,1442437,1583904,1,15,23376,0,1080,1920,1301,336,1471,506,28900,0.014,,
712834,1442437,1583904,1,15,23376,1,1080,1920,1705,126,1847,267,20022,0.01,,
712835,1442437,1583904,1,15,23376,2,1080,1920,537,202,741,406,41616,0.02,,
712836,1442437,1583904,1,15,23376,3,1080,1920,989,169,1130,310,19881,0.01,,
712837,1442437,1583904,1,15,23400,0,1080,1920,1280,326,1484,530,41616,0.02,,
712838,1442437,1583904,1,15,23400,1,1080,1920,537,223,741,427,41616,0.02,,
712839,1442437,1583904,1,15,23400,2,1080,1920,974,183,1116,325,20164,0.01,,
712840,1442437,1583904,1,15,23400,3,1080,1920,1720,126,1861,267,19881,0.01,,
712841,1442437,1583904,1,15,23424,0,1080,1920,673,54,815,196,20164,0.01,,
712842,1442437,1583904,1,15,23424,1,1080,1920,991,749,1161,919,28900,0.014,,
712843,1442437,1583904,1,15,23424,2,1080,1920,413,0,617,179,36516,0.018,,
712844,1442437,1583904,1,15,23424,3,1080,1920,88,528,332,772,59536,0.029,,
712845,1442437,1583904,1,15,23424,4,1080,1920,1447,513,1589,654,20022,0.01,,
712846,1442437,1583904,1,15,23424,5,1080,1920,1610,680,1780,850,28900,0.014,,
712847,1442437,1583904,1,15,23448,0,1080,1920,484,181,729,426,60025,0.029,,
712848,1442437,1583904,1,15,23448,1,1080,1920,854,267,1024,437,28900,0.014,,
712849,1442437,1583904,1,15,23448,2,1080,1920,1146,835,1316,1005,28900,0.014,,
712850,1442437,1583904,1,15,23472,0,1080,1920,534,206,778,450,59536,0.029,,
712851,1442437,1583904,1,15,23472,1,1080,1920,905,336,1075,506,28900,0.014,,
712852,1442437,1583904,1,15,23496,0,1080,1920,703,590,821,708,13924,0.007,,
712853,1442437,1583904,1,15,23496,1,1080,1920,1304,240,1446,382,20164,0.01,,
712854,1442437,1583904,1,15,23520,0,1080,1920,643,518,761,636,13924,0.007,,
712855,1442437,1583904,1,15,23520,1,1080,1920,1304,240,1446,382,20164,0.01,,
712856,1442437,1583904,1,15,23544,0,1080,1920,587,498,729,640,20164,0.01,,
712857,1442437,1583904,1,15,23544,1,1080,1920,1290,240,1431,382,20022,0.01,,
712858,1442437,1583904,1,15,23568,0,1080,1920,732,280,976,525,59780,0.029,,
712859,1442437,1583904,1,15,23592,0,1080,1920,756,305,1001,550,60025,0.029,,
712860,1442437,1583904,1,15,23616,0,1080,1920,1204,68,1345,210,20022,0.01,,
712861,1442437,1583904,1,15,23616,1,1080,1920,484,536,566,617,6642,0.003,,
712862,1442437,1583904,1,15,23616,2,1080,1920,1174,496,1272,594,9604,0.005,,
712863,1442437,1583904,1,15,23640,0,1080,1920,484,619,566,700,6642,0.003,,
712864,1442437,1583904,1,15,23640,1,1080,1920,1372,100,1489,218,13806,0.007,,
712865,1442437,1583904,1,15,23640,2,1080,1920,332,399,450,517,13924,0.007,,
712866,1442437,1583904,1,15,23664,0,1080,1920,308,417,406,515,9604,0.005,,
712867,1442437,1583904,1,15,23664,1,1080,1920,443,619,525,700,6642,0.003,,
712868,1442437,1583904,1,15,23688,0,1080,1920,1114,576,1212,674,9604,0.005,,
712869,1442437,1583904,1,15,23688,1,1080,1920,451,619,533,700,6642,0.003,,
712870,1442437,1583904,1,15,23688,2,1080,1920,309,411,426,529,13806,0.007,,
712871,1442437,1583904,1,15,23712,0,1080,1920,1084,506,1182,604,9604,0.005,,
712872,1442437,1583904,1,15,23736,0,1080,1920,909,326,1113,530,41616,0.02,,
712873,1442437,1583904,1,15,23760,0,1080,1920,1033,347,1236,551,41412,0.02,,
712874,1442437,1583904,1,15,23760,1,1080,1920,585,225,878,519,86142,0.042,,
712875,1442437,1583904,1,15,23784,0,1080,1920,674,225,968,519,86436,0.042,,
712876,1442437,1583904,1,15,23784,1,1080,1920,1136,347,1340,551,41616,0.02,,
712877,1442437,1583904,1,15,23808,0,1080,1920,917,255,1059,396,20022,0.01,,
712878,1442437,1583904,1,15,23808,1,1080,1920,459,107,704,351,59780,0.029,,
712879,1442437,1583904,1,15,23808,2,1080,1920,1301,512,1505,716,41616,0.02,,
712880,1442437,1583904,1,15,23808,3,1080,1920,826,471,1030,674,41412,0.02,,
712881,1442437,1583904,1,15,23832,0,1080,1920,974,269,1116,411,20164,0.01,,
712882,1442437,1583904,1,15,23832,1,1080,1920,558,132,803,376,59780,0.029,,
712883,1442437,1583904,1,15,23832,2,1080,1920,1321,512,1525,716,41616,0.02,,
712884,1442437,1583904,1,15,23832,3,1080,1920,888,508,1058,678,28900,0.014,,
712885,1442437,1583904,1,15,23832,4,1080,1920,630,197,772,339,20164,0.01,,
712886,1442437,1583904,1,15,23856,0,1080,1920,1202,206,1447,450,59780,0.029,,
712887,1442437,1583904,1,15,23880,0,1080,1920,880,231,1125,475,59780,0.029,,
712888,1442437,1583904,1,15,23904,0,1080,1920,942,285,1235,578,85849,0.041,,
712889,1442437,1583904,1,15,23928,0,1080,1920,818,244,1170,596,123904,0.06,,
712890,1442437,1583904,1,15,23952,0,1080,1920,890,244,1242,596,123904,0.06,,
712891,1442437,1583904,1,15,23976,0,1080,1920,930,330,1174,574,59536,0.029,,
712892,1442437,1583904,1,15,24000,0,1080,1920,930,379,1174,624,59780,0.029,,
712893,1442437,1583904,1,15,24024,0,1080,1920,905,227,1003,326,9702,0.005,,
712894,1442437,1583904,1,15,24024,1,1080,1920,578,99,782,303,41616,0.02,,
712895,1442437,1583904,1,15,24024,2,1080,1920,1232,388,1402,557,28730,0.014,,
712896,1442437,1583904,1,15,24024,3,1080,1920,903,398,1044,540,20022,0.01,,
712897,1442437,1583904,1,15,24024,4,1080,1920,643,136,761,254,13924,0.007,,
712898,1442437,1583904,1,15,24048,0,1080,1920,945,237,1043,336,9702,0.005,,
712899,1442437,1583904,1,15,24048,1,1080,1920,1249,405,1419,575,28900,0.014,,
712900,1442437,1583904,1,15,24048,2,1080,1920,596,112,766,282,28900,0.014,,
712901,1442437,1583904,1,15,24048,3,1080,1920,903,412,1044,554,20022,0.01,,
712902,1442437,1583904,1,15,24072,0,1080,1920,806,182,1009,385,41209,0.02,,
712903,1442437,1583904,1,15,24072,1,1080,1920,1672,553,1876,757,41616,0.02,,
712904,1442437,1583904,1,15,24072,2,1080,1920,1304,341,1446,482,20022,0.01,,
712905,1442437,1583904,1,15,24072,3,1080,1920,1266,560,1436,729,28730,0.014,,
712906,1442437,1583904,1,15,24096,0,1080,1920,1672,367,1876,571,41616,0.02,,
712907,1442437,1583904,1,15,24096,1,1080,1920,1001,166,1295,459,86142,0.042,,
712908,1442437,1583904,1,15,24096,2,1080,1920,1574,652,1818,896,59536,0.029,,
712909,1442437,1583904,1,15,24120,0,1080,1920,1672,347,1876,551,41616,0.02,,
712910,1442437,1583904,1,15,24120,1,1080,1920,1061,166,1354,459,85849,0.041,,
712911,1442437,1583904,1,15,24120,2,1080,1920,1574,652,1818,896,59536,0.029,,
712912,1442437,1583904,1,15,24144,0,1080,1920,1645,353,1815,523,28900,0.014,,
712913,1442437,1583904,1,15,24144,1,1080,1920,971,166,1265,459,86142,0.042,,
712914,1442437,1583904,1,15,24144,2,1080,1920,1524,627,1769,872,60025,0.029,,
712915,1442437,1583904,1,15,24144,3,1080,1920,1249,130,1419,299,28730,0.014,,
712916,1442437,1583904,1,15,24168,0,1080,1920,1662,388,1832,557,28730,0.014,,
712917,1442437,1583904,1,15,24168,1,1080,1920,1590,656,1794,860,41616,0.02,,
712918,1442437,1583904,1,15,24168,2,1080,1920,1301,164,1471,334,28900,0.014,,
712919,1442437,1583904,1,15,24168,3,1080,1920,942,136,1235,429,85849,0.041,,
712920,1442437,1583904,1,15,24192,0,1080,1920,1714,422,1883,592,28730,0.014,,
712921,1442437,1583904,1,15,24192,1,1080,1920,704,166,997,459,85849,0.041,,
712922,1442437,1583904,1,15,24192,2,1080,1920,1387,216,1557,385,28730,0.014,,
712923,1442437,1583904,1,15,24192,3,1080,1920,1693,677,1897,881,41616,0.02,,
712924,1442437,1583904,1,15,24216,0,1080,1920,806,306,1009,509,41209,0.02,,
712925,1442437,1583904,1,15,24216,1,1080,1920,1004,776,1249,1020,59780,0.029,,
712926,1442437,1583904,1,15,24240,0,1080,1920,180,200,237,257,3249,0.002,,
712927,1442437,1583904,1,15,24240,1,1080,1920,1761,98,1859,196,9604,0.005,,
712928,1442437,1583904,1,15,24264,0,1080,1920,220,240,277,297,3249,0.002,,
712929,1442437,1583904,1,15,24264,1,1080,1920,1806,360,1875,428,4692,0.002,,
712930,1442437,1583904,1,15,24288,0,1080,1920,575,154,657,236,6724,0.003,,
712931,1442437,1583904,1,15,24288,1,1080,1920,524,458,641,576,13806,0.007,,
712932,1442437,1583904,1,15,24288,2,1080,1920,1668,456,1736,525,4692,0.002,,
712933,1442437,1583904,1,15,24312,0,1080,1920,626,178,725,276,9702,0.005,,
712934,1442437,1583904,1,15,24336,0,1080,1920,1145,208,1263,325,13806,0.007,,
712935,1442437,1583904,1,15,24336,1,1080,1920,387,197,528,339,20022,0.01,,
712936,1442437,1583904,1,15,24336,2,1080,1920,1737,394,1805,462,4624,0.002,,
712937,1442437,1583904,1,15,24360,0,1080,1920,716,169,858,310,20022,0.01,,
712938,1442437,1583904,1,15,24408,0,1080,1920,995,247,1093,346,9702,0.005,,
712939,1442437,1583904,1,15,24408,1,1080,1920,1145,219,1263,337,13924,0.007,,
712940,1442437,1583904,1,15,24432,0,1080,1920,974,220,1056,302,6724,0.003,,
712941,1442437,1583904,1,15,24432,1,1080,1920,1121,172,1239,290,13924,0.007,,
712942,1442437,1583904,1,15,24456,0,1080,1920,845,255,987,396,20022,0.01,,
712943,1442437,1583904,1,15,24456,1,1080,1920,1075,240,1216,382,20022,0.01,,
712944,1442437,1583904,1,15,24480,0,1080,1920,954,243,1071,361,13806,0.007,,
712945,1442437,1583904,1,15,24480,1,1080,1920,1146,240,1288,382,20164,0.01,,
712946,1442437,1583904,1,15,24504,0,1080,1920,977,279,1095,397,13924,0.007,,
712947,1442437,1583904,1,15,24504,1,1080,1920,1133,267,1251,385,13924,0.007,,
712948,1442437,1583904,1,15,24528,0,1080,1920,1140,312,1221,394,6642,0.003,,
712949,1442437,1583904,1,15,24528,1,1080,1920,1253,277,1352,375,9702,0.005,,
712950,1442437,1583904,1,15,24552,0,1080,1920,1194,267,1292,366,9702,0.005,,
712951,1442437,1583904,1,15,24576,0,1080,1920,1134,287,1232,385,9604,0.005,,
712952,1442437,1583904,1,15,24600,0,1080,1920,929,264,1133,468,41616,0.02,,
712953,1442437,1583904,1,15,24624,0,1080,1920,1390,326,1532,468,20164,0.01,,
712954,1442437,1583904,1,15,24648,0,1080,1920,931,298,1073,439,20022,0.01,,
712955,1442437,1583904,1,15,24648,1,1080,1920,1073,231,1191,349,13924,0.007,,
712956,1442437,1583904,1,15,24696,0,1080,1920,1118,369,1259,511,20022,0.01,,
712957,1442437,1583904,1,15,24816,0,1080,1920,954,315,1071,433,13806,0.007,,
712958,1442437,1583904,1,15,24888,0,1080,1920,1297,460,1344,508,2256,0.001,,
712959,1442437,1583904,1,15,24912,0,1080,1920,1254,518,1301,566,2256,0.001,,
712960,1442437,1583904,1,15,24912,1,1080,1920,1349,500,1406,556,3192,0.002,,
712961,1442437,1583904,1,15,24936,0,1080,1920,1374,657,1421,705,2256,0.001,,
712962,1442437,1583904,1,15,24936,1,1080,1920,1475,615,1543,684,4692,0.002,,
712963,1442437,1583904,1,15,25104,0,1080,1920,1228,315,1346,433,13924,0.007,,
712964,1442437,1583904,1,15,25128,0,1080,1920,1097,626,1215,744,13924,0.007,,
712965,1442437,1583904,1,15,25176,0,1080,1920,1114,407,1212,505,9604,0.005,,
712966,1442437,1583904,1,15,25176,1,1080,1920,1373,596,1471,694,9604,0.005,,
712967,1442437,1583904,1,15,25176,2,1080,1920,756,178,854,276,9604,0.005,,
712968,1442437,1583904,1,15,25176,3,1080,1920,1672,805,1729,862,3249,0.002,,
712969,1442437,1583904,1,15,25176,4,1080,1920,866,361,948,443,6724,0.003,,
712970,1442437,1583904,1,15,25200,0,1080,1920,646,267,744,366,9702,0.005,,
712971,1442437,1583904,1,15,25200,1,1080,1920,1580,776,1637,833,3249,0.002,,
712972,1442437,1583904,1,15,25200,2,1080,1920,750,328,832,410,6724,0.003,,
712973,1442437,1583904,1,15,25200,3,1080,1920,1223,526,1322,624,9702,0.005,,
712974,1442437,1583904,1,15,25224,0,1080,1920,1613,754,1681,822,4624,0.002,,
712975,1442437,1583904,1,15,25224,1,1080,1920,715,267,833,385,13924,0.007,,
712976,1442437,1583904,1,15,25224,2,1080,1920,500,387,618,505,13924,0.007,,
712977,1442437,1583904,1,15,25224,3,1080,1920,1145,423,1263,540,13806,0.007,,
712978,1442437,1583904,1,15,25248,0,1080,1920,404,184,522,302,13924,0.007,,
712979,1442437,1583904,1,15,25248,1,1080,1920,1288,581,1356,649,4624,0.002,,
712980,1442437,1583904,1,15,25248,2,1080,1920,739,243,856,361,13806,0.007,,
712981,1442437,1583904,1,15,25272,0,1080,1920,895,297,993,395,9604,0.005,,
712982,1442437,1583904,1,15,25272,1,1080,1920,1472,576,1571,674,9702,0.005,,
712983,1442437,1583904,1,15,25272,2,1080,1920,739,291,856,409,13806,0.007,,
712984,1442437,1583904,1,15,25320,0,1080,1920,1139,101,1186,148,2209,0.001,,
712985,1442437,1583904,1,15,25368,0,1080,1920,906,769,1024,887,13924,0.007,,
712986,1442437,1583904,1,15,25368,1,1080,1920,1321,636,1525,840,41616,0.02,,
712987,1442437,1583904,1,15,25392,0,1080,1920,882,649,1000,767,13924,0.007,,
712988,1442437,1583904,1,15,25392,1,1080,1920,1318,749,1488,919,28900,0.014,,
712989,1442437,1583904,1,15,25416,0,1080,1920,459,132,704,376,59780,0.029,,
712990,1442437,1583904,1,15,25440,0,1080,1920,615,225,908,519,86142,0.042,,
712991,1442437,1583904,1,15,25464,0,1080,1920,847,78,1051,282,41616,0.02,,
712992,1442437,1583904,1,15,25488,0,1080,1920,1232,255,1374,396,20022,0.01,,
712993,1442437,1583904,1,15,25488,1,1080,1920,1148,403,1230,485,6724,0.003,,
712994,1442437,1583904,1,15,25488,2,1080,1920,535,148,653,266,13924,0.007,,
712995,1442437,1583904,1,15,25512,0,1080,1920,1222,461,1304,543,6724,0.003,,
712996,1442437,1583904,1,15,25512,1,1080,1920,1275,298,1417,439,20022,0.01,,
712997,1442437,1583904,1,15,25536,0,1080,1920,1372,327,1489,445,13806,0.007,,
712998,1442437,1583904,1,15,25536,1,1080,1920,1322,469,1404,551,6724,0.003,,
712999,1442437,1583904,1,15,25536,2,1080,1920,750,219,868,337,13924,0.007,,
713000,1442437,1583904,1,15,25536,3,1080,1920,547,160,665,278,13924,0.007,,
713001,1442437,1583904,1,15,25560,0,1080,1920,516,140,657,282,20022,0.01,,
713002,1442437,1583904,1,15,25560,1,1080,1920,1339,436,1420,518,6642,0.003,,
713003,1442437,1583904,1,15,25560,2,1080,1920,716,188,814,286,9604,0.005,,
713004,1442437,1583904,1,15,25560,3,1080,1920,1347,298,1489,439,20022,0.01,,
713005,1442437,1583904,1,15,25584,0,1080,1920,1218,388,1422,592,41616,0.02,,
713006,1442437,1583904,1,15,25584,1,1080,1920,940,594,1110,764,28900,0.014,,
713007,1442437,1583904,1,15,25584,2,1080,1920,199,47,492,340,85849,0.041,,
713008,1442437,1583904,1,15,25608,0,1080,1920,831,441,973,583,20164,0.01,,
713009,1442437,1583904,1,15,25608,1,1080,1920,1227,280,1472,525,60025,0.029,,
713010,1442437,1583904,1,15,25632,0,1080,1920,679,243,797,361,13924,0.007,,
713011,1442437,1583904,1,15,25632,1,1080,1920,1380,478,1462,559,6642,0.003,,
713012,1442437,1583904,1,15,25632,2,1080,1920,907,245,989,327,6724,0.003,,
713013,1442437,1583904,1,15,25656,0,1080,1920,619,219,737,337,13924,0.007,,
713014,1442437,1583904,1,15,25656,1,1080,1920,1395,327,1513,445,13924,0.007,,
713015,1442437,1583904,1,15,25656,2,1080,1920,1323,470,1391,538,4624,0.002,,
713016,1442437,1583904,1,15,25680,0,1080,1920,882,184,1000,302,13924,0.007,,
713017,1442437,1583904,1,15,25680,1,1080,1920,1419,303,1537,421,13924,0.007,,
713018,1442437,1583904,1,15,25680,2,1080,1920,1330,461,1412,543,6724,0.003,,
713019,1442437,1583904,1,15,25704,0,1080,1920,501,68,643,210,20164,0.01,,
713020,1442437,1583904,1,15,25704,1,1080,1920,1347,428,1429,510,6724,0.003,,
713021,1442437,1583904,1,15,25704,2,1080,1920,1433,255,1575,396,20022,0.01,,
713022,1442437,1583904,1,15,25704,3,1080,1920,810,136,928,254,13924,0.007,,
713023,1442437,1583904,1,15,25728,0,1080,1920,1321,285,1525,489,41616,0.02,,
713024,1442437,1583904,1,15,25728,1,1080,1920,1008,508,1178,678,28900,0.014,,
713025,1442437,1583904,1,15,25728,2,1080,1920,351,78,555,282,41616,0.02,,
713026,1442437,1583904,1,15,25752,0,1080,1920,444,169,586,310,20022,0.01,,
713027,1442437,1583904,1,15,25752,1,1080,1920,1336,446,1454,564,13924,0.007,,
713028,1442437,1583904,1,15,25752,2,1080,1920,739,208,856,325,13689,0.007,,
713029,1442437,1583904,1,15,25752,3,1080,1920,1205,581,1273,649,4624,0.002,,
713030,1442437,1583904,1,15,25776,0,1080,1920,578,120,782,324,41616,0.02,,
713031,1442437,1583904,1,15,25776,1,1080,1920,1610,709,1728,827,13924,0.007,,
713032,1442437,1583904,1,15,25776,2,1080,1920,1017,240,1159,382,20164,0.01,,
713033,1442437,1583904,1,15,25800,0,1080,1920,630,164,800,334,28900,0.014,,
713034,1442437,1583904,1,15,25800,1,1080,1920,1748,713,1890,855,20164,0.01,,
713035,1442437,1583904,1,15,25800,2,1080,1920,1175,298,1317,439,20022,0.01,,
713036,1442437,1583904,1,15,25824,0,1080,1920,1031,136,1324,429,85849,0.041,,
713037,1442437,1583904,1,15,25824,1,1080,1920,716,456,886,626,28900,0.014,,
713038,1442437,1583904,1,15,25848,0,1080,1920,1029,280,1273,525,59780,0.029,,
713039,1442437,1583904,1,15,25920,0,1080,1920,659,97,801,239,20164,0.01,,
713040,1442437,1583904,1,15,25944,0,1080,1920,455,161,658,365,41412,0.02,,
713041,1442437,1583904,1,15,25968,0,1080,1920,1425,409,1628,613,41412,0.02,,
713042,1442437,1583904,1,15,25968,1,1080,1920,583,206,828,450,59780,0.029,,
713043,1442437,1583904,1,15,25992,0,1080,1920,707,206,952,450,59780,0.029,,
713044,1442437,1583904,1,15,25992,1,1080,1920,1215,319,1385,489,28900,0.014,,
713045,1442437,1583904,1,15,26016,0,1080,1920,1284,353,1453,523,28730,0.014,,
713046,1442437,1583904,1,15,26040,0,1080,1920,615,166,908,459,85849,0.041,,
713047,1442437,1583904,1,15,26064,0,1080,1920,533,172,885,525,124256,0.06,,
713048,1442437,1583904,1,15,26088,0,1080,1920,1734,491,1920,695,37944,0.018,,
713049,1442437,1583904,1,15,26112,0,1080,1920,1696,525,1866,695,28900,0.014,,
713050,1442437,1583904,1,15,26136,0,1080,1920,604,65,956,418,124256,0.06,,
713051,1442437,1583904,1,15,26160,0,1080,1920,644,195,938,489,86436,0.042,,
713052,1442437,1583904,1,15,26184,0,1080,1920,1178,528,1422,772,59536,0.029,,
713053,1442437,1583904,1,15,26184,1,1080,1920,640,137,992,489,123904,0.06,,
713054,1442437,1583904,1,15,26208,0,1080,1920,1004,255,1249,500,60025,0.029,,
713055,1442437,1583904,1,15,26208,1,1080,1920,1301,471,1505,674,41412,0.02,,
713056,1442437,1583904,1,15,26232,0,1080,1920,657,280,902,525,60025,0.029,,
713057,1442437,1583904,1,15,26256,0,1080,1920,585,166,878,459,85849,0.041,,
713058,1442437,1583904,1,15,26280,0,1080,1920,351,264,555,468,41616,0.02,,
713059,1442437,1583904,1,15,26304,0,1080,1920,974,312,1116,454,20164,0.01,,
713060,1442437,1583904,1,15,26304,1,1080,1920,527,216,697,385,28730,0.014,,
713061,1442437,1583904,1,15,26328,0,1080,1920,633,206,877,450,59536,0.029,,
713062,1442437,1583904,1,15,26352,0,1080,1920,989,279,1107,397,13924,0.007,,
713063,1442437,1583904,1,15,26352,1,1080,1920,401,240,543,382,20164,0.01,,
713064,1442437,1583904,1,15,26376,0,1080,1920,989,269,1130,411,20022,0.01,,
713065,1442437,1583904,1,15,26376,1,1080,1920,415,226,557,368,20164,0.01,,
713066,1442437,1583904,1,15,26400,0,1080,1920,940,766,1110,936,28900,0.014,,
713067,1442437,1583904,1,15,26400,1,1080,1920,995,277,1093,375,9604,0.005,,
713068,1442437,1583904,1,15,26400,2,1080,1920,1502,586,1600,684,9604,0.005,,
713069,1442437,1583904,1,15,26400,3,1080,1920,430,197,571,339,20022,0.01,,
713070,1442437,1583904,1,15,26424,0,1080,1920,1094,233,1264,403,28900,0.014,,
713071,1442437,1583904,1,15,26424,1,1080,1920,599,285,803,489,41616,0.02,,
713072,1442437,1583904,1,15,26448,0,1080,1920,1433,616,1531,714,9604,0.005,,
713073,1442437,1583904,1,15,26448,1,1080,1920,559,154,700,296,20022,0.01,,
713074,1442437,1583904,1,15,26472,0,1080,1920,858,219,976,337,13924,0.007,,
713075,1442437,1583904,1,15,26472,1,1080,1920,1388,569,1470,651,6724,0.003,,
713076,1442437,1583904,1,15,26520,0,1080,1920,979,330,1224,574,59780,0.029,,
713077,1442437,1583904,1,15,26520,1,1080,1920,426,65,778,418,124256,0.06,,
713078,1442437,1583904,1,15,26544,0,1080,1920,1061,374,1354,667,85849,0.041,,
713079,1442437,1583904,1,15,26544,1,1080,1920,585,166,878,459,85849,0.041,,
713080,1442437,1583904,1,15,26568,0,1080,1920,1153,355,1397,599,59536,0.029,,
713081,1442437,1583904,1,15,26568,1,1080,1920,734,166,1027,459,85849,0.041,,
713082,1442437,1583904,1,15,26592,0,1080,1920,1054,379,1298,624,59780,0.029,,
713083,1442437,1583904,1,15,26592,1,1080,1920,633,181,877,426,59780,0.029,,
713084,1442437,1583904,1,15,26616,0,1080,1920,1073,243,1191,361,13924,0.007,,
713085,1442437,1583904,1,15,26616,1,1080,1920,1383,347,1481,445,9604,0.005,,
713086,1442437,1583904,1,15,26616,2,1080,1920,458,212,600,353,20022,0.01,,
713087,1442437,1583904,1,15,26640,0,1080,1920,977,219,1095,337,13924,0.007,,
713088,1442437,1583904,1,15,26640,1,1080,1920,1300,363,1418,481,13924,0.007,,
713089,1442437,1583904,1,15,26640,2,1080,1920,452,208,570,325,13806,0.007,,
713090,1442437,1583904,1,15,26664,0,1080,1920,404,219,522,337,13924,0.007,,
713091,1442437,1583904,1,15,26664,1,1080,1920,965,231,1083,349,13924,0.007,,
713092,1442437,1583904,1,15,26664,2,1080,1920,1293,347,1391,445,9604,0.005,,
713093,1442437,1583904,1,15,26712,0,1080,1920,991,140,1195,344,41616,0.02,,
713094,1442437,1583904,1,15,26736,0,1080,1920,702,182,906,385,41412,0.02,,
713095,1442437,1583904,1,15,26760,0,1080,1920,1204,226,1345,368,20022,0.01,,
713096,1442437,1583904,1,15,26784,0,1080,1920,1060,198,1230,368,28900,0.014,,
713097,1442437,1583904,1,15,26808,0,1080,1920,974,198,1144,368,28900,0.014,,
713098,1442437,1583904,1,15,26832,0,1080,1920,991,161,1195,365,41616,0.02,,
713099,1442437,1583904,1,15,26856,0,1080,1920,909,202,1113,406,41616,0.02,,
713100,1442437,1583904,1,15,26880,0,1080,1920,785,182,989,385,41412,0.02,,
713101,1442437,1583904,1,15,26904,0,1080,1920,867,140,1071,344,41616,0.02,,
713102,1442437,1583904,1,15,26928,0,1080,1920,929,182,1133,385,41412,0.02,,
713103,1442437,1583904,1,15,26952,0,1080,1920,496,182,700,385,41412,0.02,,
713104,1442437,1583904,1,15,26976,0,1080,1920,583,181,828,426,60025,0.029,,
713105,1442437,1583904,1,15,27000,0,1080,1920,847,182,1051,385,41412,0.02,,
713106,1442437,1583904,1,15,27024,0,1080,1920,806,255,1051,500,60025,0.029,,
713107,1442437,1583904,1,15,27048,0,1080,1920,744,182,947,385,41209,0.02,,
713108,1442437,1583904,1,15,27072,0,1080,1920,744,202,947,406,41412,0.02,,
713109,1442437,1583904,1,15,27096,0,1080,1920,764,182,968,385,41412,0.02,,
713110,1442437,1583904,1,15,27120,0,1080,1920,888,181,1058,351,28900,0.014,,
713111,1442437,1583904,1,15,27144,0,1080,1920,929,182,1133,385,41412,0.02,,
713112,1442437,1583904,1,15,27168,0,1080,1920,929,182,1133,385,41412,0.02,,
713113,1442437,1583904,1,15,27192,0,1080,1920,950,182,1154,385,41412,0.02,,
713114,1442437,1583904,1,15,27216,0,1080,1920,599,223,803,427,41616,0.02,,
713115,1442437,1583904,1,15,27240,0,1080,1920,661,223,865,427,41616,0.02,,
713116,1442437,1583904,1,15,27264,0,1080,1920,578,202,782,406,41616,0.02,,
713117,1442437,1583904,1,15,27288,0,1080,1920,558,223,762,427,41616,0.02,,
713118,1442437,1583904,1,15,27312,0,1080,1920,599,161,803,365,41616,0.02,,
713119,1442437,1583904,1,15,27336,0,1080,1920,537,223,741,427,41616,0.02,,
713120,1442437,1583904,1,15,27360,0,1080,1920,534,206,778,450,59536,0.029,,
713121,1442437,1583904,1,15,27384,0,1080,1920,856,181,1100,426,59780,0.029,,
713122,1442437,1583904,1,15,27408,0,1080,1920,852,195,1146,489,86436,0.042,,
713123,1442437,1583904,1,15,27432,0,1080,1920,661,223,865,427,41616,0.02,,
713124,1442437,1583904,1,15,27456,0,1080,1920,620,223,824,427,41616,0.02,,
713125,1442437,1583904,1,15,27480,0,1080,1920,732,255,976,500,59780,0.029,,
713126,1442437,1583904,1,15,27504,0,1080,1920,793,225,1087,519,86436,0.042,,
713127,1442437,1583904,1,15,27528,0,1080,1920,930,231,1174,475,59536,0.029,,
713128,1442437,1583904,1,15,27552,0,1080,1920,852,225,1146,519,86436,0.042,,
713129,1442437,1583904,1,15,27576,0,1080,1920,555,166,849,459,86142,0.042,,
713130,1442437,1583904,1,15,27600,0,1080,1920,979,107,1224,351,59780,0.029,,
713131,1442437,1583904,1,15,27624,0,1080,1920,979,132,1224,376,59780,0.029,,
713132,1442437,1583904,1,15,27648,0,1080,1920,955,181,1199,426,59780,0.029,,
713133,1442437,1583904,1,15,27672,0,1080,1920,806,181,1051,426,60025,0.029,,
713134,1442437,1583904,1,15,27696,0,1080,1920,971,195,1265,489,86436,0.042,,
713135,1442437,1583904,1,15,27720,0,1080,1920,583,231,828,475,59780,0.029,,
713136,1442437,1583904,1,15,27744,0,1080,1920,583,181,828,426,60025,0.029,,
713137,1442437,1583904,1,15,27768,0,1080,1920,882,136,1176,429,86142,0.042,,
713138,1442437,1583904,1,15,27792,0,1080,1920,852,374,1146,667,86142,0.042,,
713139,1442437,1583904,1,15,27816,0,1080,1920,912,195,1205,489,86142,0.042,,
713140,1442437,1583904,1,15,27840,0,1080,1920,583,132,828,376,59780,0.029,,
713141,1442437,1583904,1,15,27864,0,1080,1920,608,156,852,401,59780,0.029,,
713142,1442437,1583904,1,15,27888,0,1080,1920,475,140,679,344,41616,0.02,,
713143,1442437,1583904,1,15,27912,0,1080,1920,455,202,658,406,41412,0.02,,
713144,1442437,1583904,1,15,27936,0,1080,1920,1001,166,1295,459,86142,0.042,,
713145,1442437,1583904,1,15,27960,0,1080,1920,971,166,1265,459,86142,0.042,,
713146,1442437,1583904,1,15,27984,0,1080,1920,955,156,1199,401,59780,0.029,,
713147,1442437,1583904,1,15,28008,0,1080,1920,880,181,1125,426,60025,0.029,,
713148,1442437,1583904,1,15,28032,0,1080,1920,930,231,1174,475,59536,0.029,,
713149,1442437,1583904,1,15,28056,0,1080,1920,583,206,828,450,59780,0.029,,
713150,1442437,1583904,1,15,28080,0,1080,1920,526,225,819,519,86142,0.042,,
713151,1442437,1583904,1,15,28104,0,1080,1920,1353,137,1705,489,123904,0.06,,
713152,1442437,1583904,1,15,28128,0,1080,1920,1049,375,1167,493,13924,0.007,,
713153,1442437,1583904,1,15,28128,1,1080,1920,269,267,439,437,28900,0.014,,
713154,1442437,1583904,1,15,28128,2,1080,1920,1646,864,1764,982,13924,0.007,,
713155,1442437,1583904,1,15,28128,3,1080,1920,1301,336,1471,506,28900,0.014,,
713156,1442437,1583904,1,15,28152,0,1080,1920,148,439,318,609,28900,0.014,,
713157,1442437,1583904,1,15,28152,1,1080,1920,1482,298,1539,355,3249,0.002,,
713158,1442437,1583904,1,15,28176,0,1080,1920,1165,292,1222,349,3249,0.002,,
713159,1442437,1583904,1,15,28176,1,1080,1920,0,429,184,633,37536,0.018,,
713160,1442437,1583904,1,15,28176,2,1080,1920,1331,350,1378,397,2209,0.001,,
713161,1442437,1583904,1,15,28200,0,1080,1920,1032,291,1100,359,4624,0.002,,
713162,1442437,1583904,1,15,28248,0,1080,1920,393,202,597,406,41616,0.02,,
713163,1442437,1583904,1,15,28272,0,1080,1920,583,231,828,475,59780,0.029,,
713164,1442437,1583904,1,15,28320,0,1080,1920,682,132,927,376,59780,0.029,,
713165,1442437,1583904,1,15,28344,0,1080,1920,1061,195,1354,489,86142,0.042,,
713166,1442437,1583904,1,15,28368,0,1080,1920,162,231,407,475,59780,0.029,,
713167,1442437,1583904,1,15,28368,1,1080,1920,1090,166,1384,459,86142,0.042,,
713168,1442437,1583904,1,15,28392,0,1080,1920,1239,166,1532,459,85849,0.041,,
713169,1442437,1583904,1,15,28416,0,1080,1920,756,206,1001,450,59780,0.029,,
713170,1442437,1583904,1,15,28440,0,1080,1920,1112,233,1281,403,28730,0.014,,
713171,1442437,1583904,1,15,28440,1,1080,1920,744,99,947,303,41412,0.02,,
713172,1442437,1583904,1,15,28464,0,1080,1920,991,367,1195,571,41616,0.02,,
713173,1442437,1583904,1,15,28488,0,1080,1920,1012,306,1216,509,41412,0.02,,
713174,1442437,1583904,1,15,28512,0,1080,1920,1001,225,1295,519,86436,0.042,,
713175,1442437,1583904,1,15,28536,0,1080,1920,930,379,1174,624,59780,0.029,,
713176,1442437,1583904,1,15,28560,0,1080,1920,979,305,1224,550,60025,0.029,,
713177,1442437,1583904,1,15,28584,0,1080,1920,1012,347,1216,551,41616,0.02,,
713178,1442437,1583904,1,15,28608,0,1080,1920,955,330,1199,574,59536,0.029,,
713179,1442437,1583904,1,15,28632,0,1080,1920,1004,429,1249,673,59780,0.029,,
713180,1442437,1583904,1,15,28632,1,1080,1920,19,188,117,286,9604,0.005,,
713181,1442437,1583904,1,15,28656,0,1080,1920,991,367,1195,571,41616,0.02,,
713182,1442437,1583904,1,15,28680,0,1080,1920,643,303,761,421,13924,0.007,,
713183,1442437,1583904,1,15,28680,1,1080,1920,1109,267,1227,385,13924,0.007,,
713184,1442437,1583904,1,15,28680,2,1080,1920,874,320,956,402,6724,0.003,,
713185,1442437,1583904,1,15,28680,3,1080,1920,542,328,624,410,6724,0.003,,
713186,1442437,1583904,1,15,28704,0,1080,1920,1175,369,1317,511,20164,0.01,,
713187,1442437,1583904,1,15,28704,1,1080,1920,688,298,829,439,19881,0.01,,
713188,1442437,1583904,1,15,28704,2,1080,1920,815,247,914,346,9801,0.005,,
713189,1442437,1583904,1,15,28728,0,1080,1920,686,267,784,366,9702,0.005,,
713190,1442437,1583904,1,15,28728,1,1080,1920,922,353,1092,523,28900,0.014,,
713191,1442437,1583904,1,15,28728,2,1080,1920,392,315,510,433,13924,0.007,,
713192,1442437,1583904,1,15,28728,3,1080,1920,1519,412,1661,554,20164,0.01,,
713193,1442437,1583904,1,15,28752,0,1080,1920,467,357,565,455,9604,0.005,,
713194,1442437,1583904,1,15,28752,1,1080,1920,845,298,987,439,20022,0.01,,
713195,1442437,1583904,1,15,28776,0,1080,1920,344,291,462,409,13924,0.007,,
713196,1442437,1583904,1,15,28776,1,1080,1920,858,279,976,397,13924,0.007,,
713197,1442437,1583904,1,15,28800,0,1080,1920,356,303,474,421,13924,0.007,,
713198,1442437,1583904,1,15,28800,1,1080,1920,774,351,892,469,13924,0.007,,
713199,1442437,1583904,1,15,28824,0,1080,1920,905,231,1150,475,59780,0.029,,
713200,1442437,1583904,1,15,28824,1,1080,1920,527,319,697,489,28900,0.014,,
713201,1442437,1583904,1,15,28848,0,1080,1920,702,264,906,468,41616,0.02,,
713202,1442437,1583904,1,15,28848,1,1080,1920,979,280,1224,525,60025,0.029,,
713203,1442437,1583904,1,15,28872,0,1080,1920,888,255,1030,396,20022,0.01,,
713204,1442437,1583904,1,15,28872,1,1080,1920,444,298,586,439,20022,0.01,,
713205,1442437,1583904,1,15,28896,0,1080,1920,931,255,1073,396,20022,0.01,,
713206,1442437,1583904,1,15,28896,1,1080,1920,501,298,643,439,20022,0.01,,
713207,1442437,1583904,1,15,28920,0,1080,1920,1202,156,1447,401,60025,0.029,,
713208,1442437,1583904,1,15,28920,1,1080,1920,661,244,865,447,41412,0.02,,
713209,1442437,1583904,1,15,28944,0,1080,1920,682,264,885,468,41412,0.02,,
713210,1442437,1583904,1,15,28944,1,1080,1920,1053,264,1257,468,41616,0.02,,
713211,1442437,1583904,1,15,28968,0,1080,1920,1129,250,1299,420,28900,0.014,,
713212,1442437,1583904,1,15,28968,1,1080,1920,458,298,600,439,20022,0.01,,
713213,1442437,1583904,1,15,28992,0,1080,1920,1180,267,1350,437,28900,0.014,,
713214,1442437,1583904,1,15,28992,1,1080,1920,487,326,629,468,20164,0.01,,
713215,1442437,1583904,1,15,29016,0,1080,1920,1090,195,1384,489,86436,0.042,,
713216,1442437,1583904,1,15,29016,1,1080,1920,633,280,877,525,59780,0.029,,
713217,1442437,1583904,1,15,29040,0,1080,1920,1163,233,1333,403,28900,0.014,,
713218,1442437,1583904,1,15,29040,1,1080,1920,458,298,600,439,20022,0.01,,
713219,1442437,1583904,1,15,29064,0,1080,1920,1043,284,1213,454,28900,0.014,,
713220,1442437,1583904,1,15,29064,1,1080,1920,530,269,672,411,20164,0.01,,
713221,1442437,1583904,1,15,29088,0,1080,1920,845,212,987,353,20022,0.01,,
713222,1442437,1583904,1,15,29112,0,1080,1920,733,216,903,385,28730,0.014,,
713223,1442437,1583904,1,15,29112,1,1080,1920,1094,285,1298,489,41616,0.02,,
713224,1442437,1583904,1,15,29136,0,1080,1920,537,264,741,468,41616,0.02,,
713225,1442437,1583904,1,15,29184,0,1080,1920,1376,255,1620,500,59780,0.029,,
713226,1442437,1583904,1,15,29208,0,1080,1920,647,319,817,489,28900,0.014,,
713227,1442437,1583904,1,15,29232,0,1080,1920,657,231,902,475,59780,0.029,,
713228,1442437,1583904,1,15,29256,0,1080,1920,682,231,927,475,59780,0.029,,
713229,1442437,1583904,1,15,29256,1,1080,1920,971,244,1174,447,41209,0.02,,
713230,1442437,1583904,1,15,29280,0,1080,1920,1161,283,1302,425,20022,0.01,,
713231,1442437,1583904,1,15,29280,1,1080,1920,630,269,772,411,20164,0.01,,
713232,1442437,1583904,1,15,29304,0,1080,1920,1163,250,1333,420,28900,0.014,,
713233,1442437,1583904,1,15,29304,1,1080,1920,578,250,748,420,28900,0.014,,
713234,1442437,1583904,1,15,29328,0,1080,1920,707,206,952,450,59780,0.029,,
713235,1442437,1583904,1,15,29352,0,1080,1920,806,244,1009,447,41209,0.02,,
713236,1442437,1583904,1,15,29376,0,1080,1920,856,355,1100,599,59536,0.029,,
713237,1442437,1583904,1,15,29400,0,1080,1920,756,156,1001,401,60025,0.029,,
713238,1442437,1583904,1,15,29424,0,1080,1920,583,181,828,426,60025,0.029,,
713239,1442437,1583904,1,15,29448,0,1080,1920,1232,216,1402,385,28730,0.014,,
713240,1442437,1583904,1,15,29448,1,1080,1920,599,202,803,406,41616,0.02,,
713241,1442437,1583904,1,15,29448,2,1080,1920,1482,258,1539,315,3249,0.002,,
713242,1442437,1583904,1,15,29496,0,1080,1920,802,319,972,489,28900,0.014,,
713243,1442437,1583904,1,15,29496,1,1080,1920,1198,250,1367,420,28730,0.014,,
713244,1442437,1583904,1,15,29520,0,1080,1920,802,341,944,482,20022,0.01,,
713245,1442437,1583904,1,15,29520,1,1080,1920,1163,267,1333,437,28900,0.014,,
713246,1442437,1583904,1,15,29544,0,1080,1920,774,283,915,425,20022,0.01,,
713247,1442437,1583904,1,15,29544,1,1080,1920,1094,250,1264,420,28900,0.014,,
713248,1442437,1583904,1,15,29568,0,1080,1920,1094,267,1264,437,28900,0.014,,
713249,1442437,1583904,1,15,29568,1,1080,1920,785,302,955,471,28730,0.014,,
713250,1442437,1583904,1,15,29592,0,1080,1920,979,181,1224,426,60025,0.029,,
713251,1442437,1583904,1,15,29592,1,1080,1920,455,223,658,427,41412,0.02,,
713252,1442437,1583904,1,15,29616,0,1080,1920,1054,206,1298,450,59536,0.029,,
713253,1442437,1583904,1,15,29616,1,1080,1920,517,223,720,427,41412,0.02,,
713254,1442437,1583904,1,15,29640,0,1080,1920,1136,182,1340,385,41412,0.02,,
713255,1442437,1583904,1,15,29640,1,1080,1920,558,223,762,427,41616,0.02,,
713256,1442437,1583904,1,15,29664,0,1080,1920,991,182,1195,385,41412,0.02,,
713257,1442437,1583904,1,15,29664,1,1080,1920,475,202,679,406,41616,0.02,,
713258,1442437,1583904,1,15,29688,0,1080,1920,413,202,617,406,41616,0.02,,
713259,1442437,1583904,1,15,29712,0,1080,1920,1060,181,1230,351,28900,0.014,,
713260,1442437,1583904,1,15,29712,1,1080,1920,492,216,662,385,28730,0.014,,
713261,1442437,1583904,1,15,29784,0,1080,1920,796,217,894,316,9702,0.005,,
713262,1442437,1583904,1,15,29784,1,1080,1920,1300,219,1418,337,13924,0.007,,
713263,1442437,1583904,1,15,29808,0,1080,1920,945,287,1043,385,9604,0.005,,
713264,1442437,1583904,1,15,29808,1,1080,1920,1228,243,1346,361,13924,0.007,,
713265,1442437,1583904,1,15,29808,2,1080,1920,776,247,874,346,9702,0.005,,
713266,1442437,1583904,1,15,29880,0,1080,1920,977,201,1045,269,4624,0.002,,
713267,1442437,1583904,1,15,29928,0,1080,1920,1653,245,1692,285,1560,0.001,,
713268,1442437,1583904,1,15,29928,1,1080,1920,1372,281,1429,338,3249,0.002,,
713269,1442437,1583904,1,15,29976,0,1080,1920,217,329,256,369,1560,0.001,,
713270,1442437,1583904,1,15,29976,1,1080,1920,1081,318,1149,386,4624,0.002,,
713271,1442437,1583904,1,15,30000,0,1080,1920,1039,297,1107,366,4692,0.002,,
713272,1442437,1583904,1,15,30024,0,1080,1920,906,321,963,378,3249,0.002,,
713273,1442437,1583904,1,15,30192,0,1080,1920,711,137,1063,489,123904,0.06,,
713274,1442437,1583904,1,15,30216,0,1080,1920,640,137,992,489,123904,0.06,,
713275,1442437,1583904,1,15,30240,0,1080,1920,711,101,1063,453,123904,0.06,,
713276,1442437,1583904,1,15,30264,0,1080,1920,747,137,1099,489,123904,0.06,,
713277,1442437,1583904,1,15,30288,0,1080,1920,711,137,1063,489,123904,0.06,,
713278,1442437,1583904,1,15,30312,0,1080,1920,676,137,1028,489,123904,0.06,,
713279,1442437,1583904,1,15,30336,0,1080,1920,711,101,1063,453,123904,0.06,,
713280,1442437,1583904,1,15,30360,0,1080,1920,747,137,1099,489,123904,0.06,,
713281,1442437,1583904,1,15,30384,0,1080,1920,823,136,1116,429,85849,0.041,,
713282,1442437,1583904,1,15,30408,0,1080,1920,783,65,1135,418,124256,0.06,,
713283,1442437,1583904,1,15,30432,0,1080,1920,823,106,1116,400,86142,0.042,,
713284,1442437,1583904,1,15,30456,0,1080,1920,747,101,1099,453,123904,0.06,,
713285,1442437,1583904,1,15,30480,0,1080,1920,747,101,1099,453,123904,0.06,,
713286,1442437,1583904,1,15,30504,0,1080,1920,1383,140,1587,344,41616,0.02,,
713287,1442437,1583904,1,15,30504,1,1080,1920,957,386,1039,468,6724,0.003,,
713288,1442437,1583904,1,15,30504,2,1080,1920,676,337,774,435,9604,0.005,,
713289,1442437,1583904,1,15,30504,3,1080,1920,351,347,555,551,41616,0.02,,
713290,1442437,1583904,1,15,30528,0,1080,1920,666,347,764,445,9604,0.005,,
713291,1442437,1583904,1,15,30528,1,1080,1920,945,377,1043,475,9604,0.005,,
713292,1442437,1583904,1,15,30528,2,1080,1920,1383,202,1587,406,41616,0.02,,
713293,1442437,1583904,1,15,30528,3,1080,1920,351,347,555,551,41616,0.02,,
713294,1442437,1583904,1,15,30552,0,1080,1920,676,327,774,425,9604,0.005,,
713295,1442437,1583904,1,15,30552,1,1080,1920,945,377,1043,475,9604,0.005,,
713296,1442437,1583904,1,15,30552,2,1080,1920,1363,182,1567,385,41412,0.02,,
713297,1442437,1583904,1,15,30552,3,1080,1920,338,353,508,523,28900,0.014,,
713298,1442437,1583904,1,15,30576,0,1080,1920,957,395,1039,476,6642,0.003,,
713299,1442437,1583904,1,15,30576,1,1080,1920,331,347,535,551,41616,0.02,,
713300,1442437,1583904,1,15,30576,2,1080,1920,1383,202,1587,406,41616,0.02,,
713301,1442437,1583904,1,15,30576,3,1080,1920,676,347,774,445,9604,0.005,,
713302,1442437,1583904,1,15,30600,0,1080,1920,930,363,1048,481,13924,0.007,,
713303,1442437,1583904,1,15,30600,1,1080,1920,303,353,473,523,28900,0.014,,
713304,1442437,1583904,1,15,30600,2,1080,1920,656,347,754,445,9604,0.005,,
713305,1442437,1583904,1,15,30600,3,1080,1920,1351,181,1595,426,59780,0.029,,
713306,1442437,1583904,1,15,30624,0,1080,1920,945,377,1043,475,9604,0.005,,
713307,1442437,1583904,1,15,30624,1,1080,1920,320,353,490,523,28900,0.014,,
713308,1442437,1583904,1,15,30624,2,1080,1920,1400,181,1645,426,60025,0.029,,
713309,1442437,1583904,1,15,30624,3,1080,1920,686,347,784,445,9604,0.005,,
713310,1442437,1583904,1,15,30648,0,1080,1920,957,386,1039,468,6724,0.003,,
713311,1442437,1583904,1,15,30648,1,1080,1920,310,326,514,530,41616,0.02,,
713312,1442437,1583904,1,15,30648,2,1080,1920,1376,132,1620,376,59536,0.029,,
713313,1442437,1583904,1,15,30648,3,1080,1920,696,337,794,435,9604,0.005,,
713314,1442437,1583904,1,15,30672,0,1080,1920,957,395,1039,476,6642,0.003,,
713315,1442437,1583904,1,15,30672,1,1080,1920,1326,156,1571,401,60025,0.029,,
713316,1442437,1583904,1,15,30672,2,1080,1920,310,347,514,551,41616,0.02,,
713317,1442437,1583904,1,15,30672,3,1080,1920,686,347,784,445,9604,0.005,,
713318,1442437,1583904,1,15,30696,0,1080,1920,949,395,1031,476,6642,0.003,,
713319,1442437,1583904,1,15,30696,1,1080,1920,683,353,765,435,6724,0.003,,
713320,1442437,1583904,1,15,30696,2,1080,1920,286,405,456,575,28900,0.014,,
713321,1442437,1583904,1,15,30696,3,1080,1920,1376,181,1620,426,59780,0.029,,
713322,1442437,1583904,1,15,30720,0,1080,1920,683,353,765,435,6724,0.003,,
713323,1442437,1583904,1,15,30720,1,1080,1920,935,387,1033,485,9604,0.005,,
713324,1442437,1583904,1,15,30720,2,1080,1920,286,405,456,575,28900,0.014,,
713325,1442437,1583904,1,15,30720,3,1080,1920,1376,132,1620,376,59536,0.029,,
713326,1442437,1583904,1,15,30744,0,1080,1920,692,353,774,435,6724,0.003,,
713327,1442437,1583904,1,15,30744,1,1080,1920,1383,182,1587,385,41412,0.02,,
713328,1442437,1583904,1,15,30744,2,1080,1920,935,387,1033,485,9604,0.005,,
713329,1442437,1583904,1,15,30744,3,1080,1920,286,405,456,575,28900,0.014,,
713330,1442437,1583904,1,15,30768,0,1080,1920,683,361,765,443,6724,0.003,,
713331,1442437,1583904,1,15,30768,1,1080,1920,228,388,431,592,41412,0.02,,
713332,1442437,1583904,1,15,30768,2,1080,1920,935,387,1033,485,9604,0.005,,
713333,1442437,1583904,1,15,30768,3,1080,1920,1383,223,1587,427,41616,0.02,,
713334,1442437,1583904,1,15,30792,0,1080,1920,935,367,1033,465,9604,0.005,,
713335,1442437,1583904,1,15,30792,1,1080,1920,666,337,764,435,9604,0.005,,
713336,1442437,1583904,1,15,30792,2,1080,1920,228,367,431,571,41412,0.02,,
713337,1442437,1583904,1,15,30792,3,1080,1920,1370,181,1539,351,28730,0.014,,
713338,1442437,1583904,1,15,30816,0,1080,1920,683,353,765,435,6724,0.003,,
713339,1442437,1583904,1,15,30816,1,1080,1920,248,367,452,571,41616,0.02,,
713340,1442437,1583904,1,15,30816,2,1080,1920,942,375,1060,493,13924,0.007,,
713341,1442437,1583904,1,15,30816,3,1080,1920,1363,161,1567,365,41616,0.02,,
713342,1442437,1583904,1,15,30840,0,1080,1920,683,353,765,435,6724,0.003,,
713343,1442437,1583904,1,15,30840,1,1080,1920,248,326,452,530,41616,0.02,,
713344,1442437,1583904,1,15,30840,2,1080,1920,945,367,1043,465,9604,0.005,,
713345,1442437,1583904,1,15,30840,3,1080,1920,1363,182,1567,385,41412,0.02,,
713346,1442437,1583904,1,15,30936,0,1080,1920,1033,149,1080,196,2209,0.001,,
713347,1442437,1583904,1,15,30936,1,1080,1920,831,153,879,201,2304,0.001,,
713348,1442437,1583904,1,15,30960,0,1080,1920,918,134,965,182,2256,0.001,,
713349,1442437,1583904,1,15,30960,1,1080,1920,739,223,796,280,3249,0.002,,
713350,1442437,1583904,1,15,30984,0,1080,1920,802,160,859,217,3249,0.002,,
713351,1442437,1583904,1,15,30984,1,1080,1920,1019,134,1066,182,2256,0.001,,
