,series_id,episode_id,season,episode,frame_num,face_num,img_height,img_width,x1,y1,x2,y2,area,pct_of_frame,encoding_path,confidence
966564,1442437,4464092,6,23,72,0,1080,1920,664,250,834,420,28900,0.014,,
966565,1442437,4464092,6,23,72,1,1080,1920,1395,458,1513,576,13924,0.007,,
966566,1442437,4464092,6,23,96,0,1080,1920,700,195,782,277,6724,0.003,,
966567,1442437,4464092,6,23,120,0,1080,1920,766,188,864,286,9604,0.005,,
966568,1442437,4464092,6,23,144,0,1080,1920,1025,243,1143,361,13924,0.007,,
966569,1442437,4464092,6,23,144,1,1080,1920,516,298,657,439,19881,0.01,,
966570,1442437,4464092,6,23,168,0,1080,1920,501,255,643,396,20022,0.01,,
966571,1442437,4464092,6,23,168,1,1080,1920,991,216,1161,385,28730,0.014,,
966572,1442437,4464092,6,23,192,0,1080,1920,544,240,686,382,20164,0.01,,
966573,1442437,4464092,6,23,216,0,1080,1920,1304,226,1446,368,20164,0.01,,
966574,1442437,4464092,6,23,216,1,1080,1920,487,226,629,368,20164,0.01,,
966575,1442437,4464092,6,23,240,0,1080,1920,473,240,614,382,20022,0.01,,
966576,1442437,4464092,6,23,240,1,1080,1920,1180,216,1350,385,28730,0.014,,
966577,1442437,4464092,6,23,264,0,1080,1920,573,226,715,368,20164,0.01,,
966578,1442437,4464092,6,23,264,1,1080,1920,1266,267,1436,437,28900,0.014,,
966579,1442437,4464092,6,23,288,0,1080,1920,631,172,749,290,13924,0.007,,
966580,1442437,4464092,6,23,312,0,1080,1920,1247,295,1329,377,6724,0.003,,
966581,1442437,4464092,6,23,312,1,1080,1920,1651,297,1750,395,9702,0.005,,
966582,1442437,4464092,6,23,336,0,1080,1920,1184,277,1282,375,9604,0.005,,
966583,1442437,4464092,6,23,336,1,1080,1920,1602,287,1700,385,9604,0.005,,
966584,1442437,4464092,6,23,360,0,1080,1920,1181,295,1263,377,6724,0.003,,
966585,1442437,4464092,6,23,360,1,1080,1920,1622,267,1740,385,13924,0.007,,
966586,1442437,4464092,6,23,384,0,1080,1920,1646,255,1764,373,13924,0.007,,
966587,1442437,4464092,6,23,384,1,1080,1920,1181,295,1263,377,6724,0.003,,
966588,1442437,4464092,6,23,408,0,1080,1920,704,195,997,489,86142,0.042,,
966589,1442437,4464092,6,23,432,0,1080,1920,1012,223,1216,427,41616,0.02,,
966590,1442437,4464092,6,23,456,0,1080,1920,1301,216,1471,385,28730,0.014,,
966591,1442437,4464092,6,23,456,1,1080,1920,561,164,731,334,28900,0.014,,
966592,1442437,4464092,6,23,480,0,1080,1920,578,216,748,385,28730,0.014,,
966593,1442437,4464092,6,23,480,1,1080,1920,1232,267,1402,437,28900,0.014,,
966594,1442437,4464092,6,23,552,0,1080,1920,701,401,740,441,1560,0.001,,
966595,1442437,4464092,6,23,576,0,1080,1920,702,197,844,339,20164,0.01,,
966596,1442437,4464092,6,23,576,1,1080,1920,1180,284,1350,454,28900,0.014,,
966597,1442437,4464092,6,23,600,0,1080,1920,630,212,772,353,20022,0.01,,
966598,1442437,4464092,6,23,624,0,1080,1920,817,212,958,353,19881,0.01,,
966599,1442437,4464092,6,23,648,0,1080,1920,788,212,930,353,20022,0.01,,
966600,1442437,4464092,6,23,672,0,1080,1920,788,212,930,353,20022,0.01,,
966601,1442437,4464092,6,23,696,0,1080,1920,750,233,920,403,28900,0.014,,
966602,1442437,4464092,6,23,720,0,1080,1920,716,169,858,310,20022,0.01,,
966603,1442437,4464092,6,23,744,0,1080,1920,688,255,829,396,19881,0.01,,
966604,1442437,4464092,6,23,768,0,1080,1920,673,255,815,396,20022,0.01,,
966605,1442437,4464092,6,23,768,1,1080,1920,1175,326,1317,468,20164,0.01,,
966606,1442437,4464092,6,23,792,0,1080,1920,750,216,920,385,28730,0.014,,
966607,1442437,4464092,6,23,816,0,1080,1920,661,202,865,406,41616,0.02,,
966608,1442437,4464092,6,23,840,0,1080,1920,647,181,817,351,28900,0.014,,
966609,1442437,4464092,6,23,864,0,1080,1920,599,223,803,427,41616,0.02,,
966610,1442437,4464092,6,23,888,0,1080,1920,630,212,772,353,20022,0.01,,
966611,1442437,4464092,6,23,912,0,1080,1920,1232,284,1402,454,28900,0.014,,
966612,1442437,4464092,6,23,912,1,1080,1920,492,388,662,557,28730,0.014,,
966613,1442437,4464092,6,23,936,0,1080,1920,702,202,906,406,41616,0.02,,
966614,1442437,4464092,6,23,960,0,1080,1920,802,216,972,385,28730,0.014,,
966615,1442437,4464092,6,23,984,0,1080,1920,847,140,1051,344,41616,0.02,,
966616,1442437,4464092,6,23,1008,0,1080,1920,764,202,968,406,41616,0.02,,
966617,1442437,4464092,6,23,1032,0,1080,1920,1198,353,1367,523,28730,0.014,,
966618,1442437,4464092,6,23,1032,1,1080,1920,645,298,786,439,19881,0.01,,
966619,1442437,4464092,6,23,1056,0,1080,1920,578,198,748,368,28900,0.014,,
966620,1442437,4464092,6,23,1080,0,1080,1920,492,267,662,437,28900,0.014,,
966621,1442437,4464092,6,23,1104,0,1080,1920,682,264,885,468,41412,0.02,,
966622,1442437,4464092,6,23,1152,0,1080,1920,1129,284,1299,454,28900,0.014,,
966623,1442437,4464092,6,23,1152,1,1080,1920,475,233,645,403,28900,0.014,,
966624,1442437,4464092,6,23,1176,0,1080,1920,1180,284,1350,454,28900,0.014,,
966625,1442437,4464092,6,23,1176,1,1080,1920,492,233,662,403,28900,0.014,,
966626,1442437,4464092,6,23,1200,0,1080,1920,406,284,576,454,28900,0.014,,
966627,1442437,4464092,6,23,1200,1,1080,1920,1156,285,1360,489,41616,0.02,,
966628,1442437,4464092,6,23,1224,0,1080,1920,544,198,714,368,28900,0.014,,
966629,1442437,4464092,6,23,1224,1,1080,1920,1156,264,1360,468,41616,0.02,,
966630,1442437,4464092,6,23,1272,0,1080,1920,464,279,582,397,13924,0.007,,
966631,1442437,4464092,6,23,1296,0,1080,1920,387,297,486,395,9702,0.005,,
966632,1442437,4464092,6,23,1320,0,1080,1920,387,287,486,385,9702,0.005,,
966633,1442437,4464092,6,23,1344,0,1080,1920,348,287,446,385,9604,0.005,,
966634,1442437,4464092,6,23,1344,1,1080,1920,1455,291,1573,409,13924,0.007,,
966635,1442437,4464092,6,23,1368,0,1080,1920,298,297,396,395,9604,0.005,,
966636,1442437,4464092,6,23,1368,1,1080,1920,1443,327,1561,445,13924,0.007,,
966637,1442437,4464092,6,23,1368,2,1080,1920,1691,192,1738,239,2209,0.001,,
966638,1442437,4464092,6,23,1392,0,1080,1920,377,297,476,395,9702,0.005,,
966639,1442437,4464092,6,23,1392,1,1080,1920,1637,148,1694,205,3249,0.002,,
966640,1442437,4464092,6,23,1416,0,1080,1920,1103,212,1245,353,20022,0.01,,
966641,1442437,4464092,6,23,1440,0,1080,1920,774,298,915,439,19881,0.01,,
966642,1442437,4464092,6,23,1440,1,1080,1920,1361,83,1503,224,20022,0.01,,
966643,1442437,4464092,6,23,1512,0,1080,1920,1084,277,1182,375,9604,0.005,,
966644,1442437,4464092,6,23,1512,1,1080,1920,1425,140,1628,344,41412,0.02,,
966645,1442437,4464092,6,23,1536,0,1080,1920,1363,140,1567,344,41616,0.02,,
966646,1442437,4464092,6,23,1536,1,1080,1920,1081,287,1163,369,6724,0.003,,
966647,1442437,4464092,6,23,1536,2,1080,1920,646,347,744,445,9604,0.005,,
966648,1442437,4464092,6,23,1560,0,1080,1920,1387,164,1557,334,28900,0.014,,
966649,1442437,4464092,6,23,1560,1,1080,1920,1065,295,1147,377,6724,0.003,,
966650,1442437,4464092,6,23,1560,2,1080,1920,799,270,881,352,6724,0.003,,
966651,1442437,4464092,6,23,1584,0,1080,1920,766,267,864,366,9702,0.005,,
966652,1442437,4464092,6,23,1584,1,1080,1920,1351,156,1595,401,59780,0.029,,
966653,1442437,4464092,6,23,1608,0,1080,1920,1202,132,1447,376,59780,0.029,,
966654,1442437,4464092,6,23,1608,1,1080,1920,509,305,753,550,59780,0.029,,
966655,1442437,4464092,6,23,1632,0,1080,1920,1136,161,1340,365,41616,0.02,,
966656,1442437,4464092,6,23,1632,1,1080,1920,558,305,803,550,60025,0.029,,
966657,1442437,4464092,6,23,1656,0,1080,1920,1029,255,1273,500,59780,0.029,,
966658,1442437,4464092,6,23,1680,0,1080,1920,899,328,981,410,6724,0.003,,
966659,1442437,4464092,6,23,1680,1,1080,1920,606,287,705,385,9702,0.005,,
966660,1442437,4464092,6,23,1704,0,1080,1920,1033,140,1236,344,41412,0.02,,
966661,1442437,4464092,6,23,1704,1,1080,1920,726,287,824,385,9604,0.005,,
966662,1442437,4464092,6,23,1704,2,1080,1920,816,262,898,344,6724,0.003,,
966663,1442437,4464092,6,23,1728,0,1080,1920,791,229,873,311,6724,0.003,,
966664,1442437,4464092,6,23,1728,1,1080,1920,1425,161,1628,365,41412,0.02,,
966665,1442437,4464092,6,23,1728,2,1080,1920,636,287,735,385,9702,0.005,,
966666,1442437,4464092,6,23,1728,3,1080,1920,1106,287,1188,369,6724,0.003,,
966667,1442437,4464092,6,23,1752,0,1080,1920,1115,295,1197,377,6724,0.003,,
966668,1442437,4464092,6,23,1752,1,1080,1920,1487,140,1690,344,41412,0.02,,
966669,1442437,4464092,6,23,1752,2,1080,1920,783,229,865,311,6724,0.003,,
966670,1442437,4464092,6,23,1752,3,1080,1920,656,277,754,375,9604,0.005,,
966671,1442437,4464092,6,23,1776,0,1080,1920,816,245,898,327,6724,0.003,,
966672,1442437,4464092,6,23,1776,1,1080,1920,1198,140,1401,344,41412,0.02,,
966673,1442437,4464092,6,23,1776,2,1080,1920,606,277,705,375,9702,0.005,,
966674,1442437,4464092,6,23,1800,0,1080,1920,797,263,865,331,4624,0.002,,
966675,1442437,4464092,6,23,1800,1,1080,1920,1280,120,1484,324,41616,0.02,,
966676,1442437,4464092,6,23,1800,2,1080,1920,616,277,715,375,9702,0.005,,
966677,1442437,4464092,6,23,1800,3,1080,1920,1098,303,1180,385,6724,0.003,,
966678,1442437,4464092,6,23,1824,0,1080,1920,818,263,886,331,4624,0.002,,
966679,1442437,4464092,6,23,1824,1,1080,1920,1318,130,1488,299,28730,0.014,,
966680,1442437,4464092,6,23,1824,2,1080,1920,606,277,705,375,9702,0.005,,
966681,1442437,4464092,6,23,1848,0,1080,1920,816,254,898,335,6642,0.003,,
966682,1442437,4464092,6,23,1848,1,1080,1920,1363,120,1567,324,41616,0.02,,
966683,1442437,4464092,6,23,1848,2,1080,1920,606,277,705,375,9702,0.005,,
966684,1442437,4464092,6,23,1848,3,1080,1920,1098,303,1180,385,6724,0.003,,
966685,1442437,4464092,6,23,1872,0,1080,1920,839,263,907,331,4624,0.002,,
966686,1442437,4464092,6,23,1872,1,1080,1920,1280,140,1484,344,41616,0.02,,
966687,1442437,4464092,6,23,1872,2,1080,1920,596,277,695,375,9702,0.005,,
966688,1442437,4464092,6,23,1872,3,1080,1920,1090,303,1172,385,6724,0.003,,
966689,1442437,4464092,6,23,1896,0,1080,1920,824,262,906,344,6724,0.003,,
966690,1442437,4464092,6,23,1896,1,1080,1920,1326,132,1571,376,59780,0.029,,
966691,1442437,4464092,6,23,1896,2,1080,1920,634,295,715,377,6642,0.003,,
966692,1442437,4464092,6,23,1896,3,1080,1920,1065,303,1147,385,6724,0.003,,
966693,1442437,4464092,6,23,1920,0,1080,1920,1326,132,1571,376,59780,0.029,,
966694,1442437,4464092,6,23,1920,1,1080,1920,825,270,893,338,4624,0.002,,
966695,1442437,4464092,6,23,1920,2,1080,1920,634,295,715,377,6642,0.003,,
966696,1442437,4464092,6,23,1920,3,1080,1920,1114,287,1212,385,9604,0.005,,
966697,1442437,4464092,6,23,1944,0,1080,1920,824,262,906,344,6724,0.003,,
966698,1442437,4464092,6,23,1944,1,1080,1920,1301,132,1546,376,59780,0.029,,
966699,1442437,4464092,6,23,1944,2,1080,1920,1106,295,1188,377,6724,0.003,,
966700,1442437,4464092,6,23,1944,3,1080,1920,596,277,695,375,9702,0.005,,
966701,1442437,4464092,6,23,1968,0,1080,1920,833,262,915,344,6724,0.003,,
966702,1442437,4464092,6,23,1968,1,1080,1920,1352,164,1522,334,28900,0.014,,
966703,1442437,4464092,6,23,1968,2,1080,1920,596,277,695,375,9702,0.005,,
966704,1442437,4464092,6,23,1968,3,1080,1920,1115,295,1197,377,6724,0.003,,
966705,1442437,4464092,6,23,1992,0,1080,1920,1352,164,1522,334,28900,0.014,,
966706,1442437,4464092,6,23,1992,1,1080,1920,609,287,691,369,6724,0.003,,
966707,1442437,4464092,6,23,1992,2,1080,1920,816,254,898,335,6642,0.003,,
966708,1442437,4464092,6,23,1992,3,1080,1920,1123,295,1205,377,6724,0.003,,
966709,1442437,4464092,6,23,2016,0,1080,1920,596,277,695,375,9702,0.005,,
966710,1442437,4464092,6,23,2016,1,1080,1920,824,262,906,344,6724,0.003,,
966711,1442437,4464092,6,23,2016,2,1080,1920,1335,147,1505,317,28900,0.014,,
966712,1442437,4464092,6,23,2016,3,1080,1920,1131,295,1213,377,6724,0.003,,
966713,1442437,4464092,6,23,2040,0,1080,1920,1342,140,1546,344,41616,0.02,,
966714,1442437,4464092,6,23,2040,1,1080,1920,816,270,898,352,6724,0.003,,
966715,1442437,4464092,6,23,2040,2,1080,1920,1115,295,1197,377,6724,0.003,,
966716,1442437,4464092,6,23,2064,0,1080,1920,1376,107,1620,351,59536,0.029,,
966717,1442437,4464092,6,23,2064,1,1080,1920,808,254,890,335,6642,0.003,,
966718,1442437,4464092,6,23,2064,2,1080,1920,1098,295,1180,377,6724,0.003,,
966719,1442437,4464092,6,23,2088,0,1080,1920,824,262,906,344,6724,0.003,,
966720,1442437,4464092,6,23,2088,1,1080,1920,1363,161,1567,365,41616,0.02,,
966721,1442437,4464092,6,23,2088,2,1080,1920,595,255,713,373,13924,0.007,,
966722,1442437,4464092,6,23,2088,3,1080,1920,1115,295,1197,377,6724,0.003,,
966723,1442437,4464092,6,23,2112,0,1080,1920,732,206,976,450,59536,0.029,,
966724,1442437,4464092,6,23,2136,0,1080,1920,657,255,902,500,60025,0.029,,
966725,1442437,4464092,6,23,2160,0,1080,1920,682,255,927,500,60025,0.029,,
966726,1442437,4464092,6,23,2160,1,1080,1920,815,267,914,366,9801,0.005,,
966727,1442437,4464092,6,23,2184,0,1080,1920,865,645,963,744,9702,0.005,,
966728,1442437,4464092,6,23,2184,1,1080,1920,1324,196,1442,314,13924,0.007,,
966729,1442437,4464092,6,23,2184,2,1080,1920,716,287,814,385,9604,0.005,,
966730,1442437,4464092,6,23,2184,3,1080,1920,500,339,618,457,13924,0.007,,
966731,1442437,4464092,6,23,2184,4,1080,1920,1243,327,1342,425,9702,0.005,,
966732,1442437,4464092,6,23,2184,5,1080,1920,965,315,1083,433,13924,0.007,,
966733,1442437,4464092,6,23,2208,0,1080,1920,885,636,983,734,9604,0.005,,
966734,1442437,4464092,6,23,2208,1,1080,1920,602,312,743,454,20022,0.01,,
966735,1442437,4464092,6,23,2208,2,1080,1920,1324,160,1442,278,13924,0.007,,
966736,1442437,4464092,6,23,2208,3,1080,1920,1192,231,1310,349,13924,0.007,,
966737,1442437,4464092,6,23,2208,4,1080,1920,930,315,1048,433,13924,0.007,,
966738,1442437,4464092,6,23,2208,5,1080,1920,774,154,915,296,20022,0.01,,
966739,1442437,4464092,6,23,2232,0,1080,1920,885,636,983,734,9604,0.005,,
966740,1442437,4464092,6,23,2232,1,1080,1920,602,312,743,454,20022,0.01,,
966741,1442437,4464092,6,23,2232,2,1080,1920,1336,148,1454,266,13924,0.007,,
966742,1442437,4464092,6,23,2232,3,1080,1920,931,298,1073,439,20022,0.01,,
966743,1442437,4464092,6,23,2232,4,1080,1920,774,183,915,325,20022,0.01,,
966744,1442437,4464092,6,23,2232,5,1080,1920,1175,240,1317,382,20164,0.01,,
966745,1442437,4464092,6,23,2256,0,1080,1920,1164,158,1262,256,9604,0.005,,
966746,1442437,4464092,6,23,2256,1,1080,1920,946,183,1087,325,20022,0.01,,
966747,1442437,4464092,6,23,2256,2,1080,1920,749,509,788,549,1560,0.001,,
966748,1442437,4464092,6,23,2256,3,1080,1920,893,521,932,561,1560,0.001,,
966749,1442437,4464092,6,23,2256,4,1080,1920,942,470,989,518,2256,0.001,,
966750,1442437,4464092,6,23,2256,5,1080,1920,687,561,735,609,2304,0.001,,
966751,1442437,4464092,6,23,2256,6,1080,1920,802,540,859,597,3249,0.002,,
966752,1442437,4464092,6,23,2256,7,1080,1920,673,154,815,296,20164,0.01,,
966753,1442437,4464092,6,23,2256,8,1080,1920,793,665,832,705,1560,0.001,,
966754,1442437,4464092,6,23,2280,0,1080,1920,946,183,1087,325,20022,0.01,,
966755,1442437,4464092,6,23,2280,1,1080,1920,659,169,801,310,20022,0.01,,
966756,1442437,4464092,6,23,2280,2,1080,1920,777,493,816,533,1560,0.001,,
966757,1442437,4464092,6,23,2280,3,1080,1920,1194,168,1292,266,9604,0.005,,
966758,1442437,4464092,6,23,2280,4,1080,1920,971,456,1018,503,2209,0.001,,
966759,1442437,4464092,6,23,2280,5,1080,1920,925,505,964,545,1560,0.001,,
966760,1442437,4464092,6,23,2280,6,1080,1920,710,546,767,603,3249,0.002,,
966761,1442437,4464092,6,23,2280,7,1080,1920,831,528,888,585,3249,0.002,,
966762,1442437,4464092,6,23,2280,8,1080,1920,825,657,864,697,1560,0.001,,
966763,1442437,4464092,6,23,2304,0,1080,1920,880,615,948,684,4692,0.002,,
966764,1442437,4464092,6,23,2304,1,1080,1920,1101,613,1140,653,1560,0.001,,
966765,1442437,4464092,6,23,2304,2,1080,1920,1004,626,1061,683,3249,0.002,,
966766,1442437,4464092,6,23,2304,3,1080,1920,631,196,749,314,13924,0.007,,
966767,1442437,4464092,6,23,2304,4,1080,1920,922,284,1092,454,28900,0.014,,
966768,1442437,4464092,6,23,2304,5,1080,1920,1103,140,1245,282,20164,0.01,,
966769,1442437,4464092,6,23,2304,6,1080,1920,500,279,618,397,13924,0.007,,
966770,1442437,4464092,6,23,2328,0,1080,1920,880,615,948,684,4692,0.002,,
966771,1442437,4464092,6,23,2328,1,1080,1920,998,615,1066,684,4692,0.002,,
966772,1442437,4464092,6,23,2328,2,1080,1920,1103,140,1245,282,20164,0.01,,
966773,1442437,4464092,6,23,2328,3,1080,1920,630,197,772,339,20164,0.01,,
966774,1442437,4464092,6,23,2328,4,1080,1920,1101,613,1140,653,1560,0.001,,
966775,1442437,4464092,6,23,2328,5,1080,1920,922,284,1092,454,28900,0.014,,
966776,1442437,4464092,6,23,2328,6,1080,1920,464,315,582,433,13924,0.007,,
966777,1442437,4464092,6,23,2352,0,1080,1920,1076,283,1124,330,2256,0.001,,
966778,1442437,4464092,6,23,2352,1,1080,1920,1361,454,1418,510,3192,0.002,,
966779,1442437,4464092,6,23,2352,2,1080,1920,985,264,1032,311,2209,0.001,,
966780,1442437,4464092,6,23,2352,3,1080,1920,364,246,421,303,3249,0.002,,
966781,1442437,4464092,6,23,2352,4,1080,1920,465,304,534,373,4761,0.002,,
966782,1442437,4464092,6,23,2352,5,1080,1920,913,336,960,383,2209,0.001,,
966783,1442437,4464092,6,23,2352,6,1080,1920,560,212,617,268,3192,0.002,,
966784,1442437,4464092,6,23,2352,7,1080,1920,293,313,332,353,1560,0.001,,
966785,1442437,4464092,6,23,2352,8,1080,1920,1372,229,1429,286,3249,0.002,,
966786,1442437,4464092,6,23,2352,9,1080,1920,1165,229,1222,286,3249,0.002,,
966787,1442437,4464092,6,23,2352,10,1080,1920,768,315,825,372,3249,0.002,,
966788,1442437,4464092,6,23,2352,11,1080,1920,1461,228,1529,297,4692,0.002,,
966789,1442437,4464092,6,23,2376,0,1080,1920,1369,465,1416,513,2256,0.001,,
966790,1442437,4464092,6,23,2376,1,1080,1920,913,331,960,378,2209,0.001,,
966791,1442437,4464092,6,23,2376,2,1080,1920,1061,286,1118,343,3249,0.002,,
966792,1442437,4464092,6,23,2376,3,1080,1920,1378,235,1435,292,3249,0.002,,
966793,1442437,4464092,6,23,2376,4,1080,1920,560,217,617,274,3249,0.002,,
966794,1442437,4464092,6,23,2376,5,1080,1920,971,273,1018,321,2256,0.001,,
966795,1442437,4464092,6,23,2376,6,1080,1920,791,315,848,372,3249,0.002,,
966796,1442437,4464092,6,23,2376,7,1080,1920,356,249,404,297,2304,0.001,,
966797,1442437,4464092,6,23,2376,8,1080,1920,452,304,520,373,4692,0.002,,
966798,1442437,4464092,6,23,2376,9,1080,1920,1131,229,1187,286,3192,0.002,,
966799,1442437,4464092,6,23,2376,10,1080,1920,297,313,336,353,1560,0.001,,
966800,1442437,4464092,6,23,2376,11,1080,1920,1461,221,1529,290,4692,0.002,,
966801,1442437,4464092,6,23,2568,0,1080,1920,989,255,1130,396,19881,0.01,,
966802,1442437,4464092,6,23,2592,0,1080,1920,1060,216,1230,385,28730,0.014,,
966803,1442437,4464092,6,23,2616,0,1080,1920,1077,198,1247,368,28900,0.014,,
966804,1442437,4464092,6,23,2664,0,1080,1920,269,198,439,368,28900,0.014,,
966805,1442437,4464092,6,23,2760,0,1080,1920,847,306,1051,509,41412,0.02,,
966806,1442437,4464092,6,23,2808,0,1080,1920,1026,164,1195,334,28730,0.014,,
966807,1442437,4464092,6,23,2808,1,1080,1920,413,161,617,365,41616,0.02,,
966808,1442437,4464092,6,23,2832,0,1080,1920,1094,140,1298,344,41616,0.02,,
966809,1442437,4464092,6,23,2832,1,1080,1920,561,181,731,351,28900,0.014,,
966810,1442437,4464092,6,23,2856,0,1080,1920,1060,164,1230,334,28900,0.014,,
966811,1442437,4464092,6,23,2856,1,1080,1920,602,197,743,339,20022,0.01,,
966812,1442437,4464092,6,23,2880,0,1080,1920,1094,161,1298,365,41616,0.02,,
966813,1442437,4464092,6,23,2880,1,1080,1920,561,181,731,351,28900,0.014,,
966814,1442437,4464092,6,23,2904,0,1080,1920,1074,120,1278,324,41616,0.02,,
966815,1442437,4464092,6,23,2904,1,1080,1920,559,197,700,339,20022,0.01,,
966816,1442437,4464092,6,23,2928,0,1080,1920,1077,147,1247,317,28900,0.014,,
966817,1442437,4464092,6,23,2928,1,1080,1920,559,197,700,339,20022,0.01,,
966818,1442437,4464092,6,23,2952,0,1080,1920,1074,140,1278,344,41616,0.02,,
966819,1442437,4464092,6,23,2952,1,1080,1920,544,212,686,353,20022,0.01,,
966820,1442437,4464092,6,23,3024,0,1080,1920,1335,130,1505,299,28730,0.014,,
966821,1442437,4464092,6,23,3048,0,1080,1920,1301,181,1471,351,28900,0.014,,
966822,1442437,4464092,6,23,3072,0,1080,1920,1318,181,1488,351,28900,0.014,,
966823,1442437,4464092,6,23,3120,0,1080,1920,706,128,804,226,9604,0.005,,
966824,1442437,4464092,6,23,3216,0,1080,1920,1211,244,1563,596,123904,0.06,,
966825,1442437,4464092,6,23,3216,1,1080,1920,360,330,605,574,59780,0.029,,
966826,1442437,4464092,6,23,3240,0,1080,1920,1269,225,1562,519,86142,0.042,,
966827,1442437,4464092,6,23,3240,1,1080,1920,385,330,630,574,59780,0.029,,
966828,1442437,4464092,6,23,3264,0,1080,1920,385,330,630,574,59780,0.029,,
966829,1442437,4464092,6,23,3264,1,1080,1920,1211,244,1563,596,123904,0.06,,
966830,1442437,4464092,6,23,3288,0,1080,1920,1132,269,1274,411,20164,0.01,,
966831,1442437,4464092,6,23,3312,0,1080,1920,1118,212,1259,353,19881,0.01,,
966832,1442437,4464092,6,23,3384,0,1080,1920,683,345,765,427,6724,0.003,,
966833,1442437,4464092,6,23,3408,0,1080,1920,682,285,885,489,41412,0.02,,
966834,1442437,4464092,6,23,3432,0,1080,1920,578,326,782,530,41616,0.02,,
966835,1442437,4464092,6,23,3456,0,1080,1920,620,450,824,654,41616,0.02,,
966836,1442437,4464092,6,23,3480,0,1080,1920,635,48,682,95,2209,0.001,,
966837,1442437,4464092,6,23,3480,1,1080,1920,1146,302,1316,471,28730,0.014,,
966838,1442437,4464092,6,23,3504,0,1080,1920,530,197,672,339,20164,0.01,,
966839,1442437,4464092,6,23,3528,0,1080,1920,537,202,741,406,41616,0.02,,
966840,1442437,4464092,6,23,3552,0,1080,1920,1156,244,1360,447,41412,0.02,,
966841,1442437,4464092,6,23,3576,0,1080,1920,1177,202,1381,406,41616,0.02,,
966842,1442437,4464092,6,23,3600,0,1080,1920,1177,202,1381,406,41616,0.02,,
966843,1442437,4464092,6,23,3624,0,1080,1920,1198,182,1401,385,41209,0.02,,
966844,1442437,4464092,6,23,3648,0,1080,1920,1103,231,1348,475,59780,0.029,,
966845,1442437,4464092,6,23,3672,0,1080,1920,630,233,800,403,28900,0.014,,
966846,1442437,4464092,6,23,3696,0,1080,1920,682,147,852,317,28900,0.014,,
966847,1442437,4464092,6,23,3720,0,1080,1920,640,140,844,344,41616,0.02,,
966848,1442437,4464092,6,23,3744,0,1080,1920,673,197,815,339,20164,0.01,,
966849,1442437,4464092,6,23,3768,0,1080,1920,630,216,800,385,28730,0.014,,
966850,1442437,4464092,6,23,3792,0,1080,1920,1029,231,1273,475,59536,0.029,,
966851,1442437,4464092,6,23,3816,0,1080,1920,1029,206,1273,450,59536,0.029,,
966852,1442437,4464092,6,23,3840,0,1080,1920,664,233,834,403,28900,0.014,,
966853,1442437,4464092,6,23,3864,0,1080,1920,613,233,783,403,28900,0.014,,
966854,1442437,4464092,6,23,3888,0,1080,1920,664,233,834,403,28900,0.014,,
966855,1442437,4464092,6,23,3912,0,1080,1920,561,216,731,385,28730,0.014,,
966856,1442437,4464092,6,23,3936,0,1080,1920,1094,223,1298,427,41616,0.02,,
966857,1442437,4464092,6,23,3960,0,1080,1920,682,244,885,447,41209,0.02,,
966858,1442437,4464092,6,23,3984,0,1080,1920,733,216,903,385,28730,0.014,,
966859,1442437,4464092,6,23,4008,0,1080,1920,716,216,886,385,28730,0.014,,
966860,1442437,4464092,6,23,4032,0,1080,1920,733,216,903,385,28730,0.014,,
966861,1442437,4464092,6,23,4056,0,1080,1920,768,233,938,403,28900,0.014,,
966862,1442437,4464092,6,23,4080,0,1080,1920,630,216,800,385,28730,0.014,,
966863,1442437,4464092,6,23,4104,0,1080,1920,640,202,844,406,41616,0.02,,
966864,1442437,4464092,6,23,4128,0,1080,1920,1128,255,1373,500,60025,0.029,,
966865,1442437,4464092,6,23,4152,0,1080,1920,1004,255,1249,500,60025,0.029,,
966866,1442437,4464092,6,23,4176,0,1080,1920,657,231,902,475,59780,0.029,,
966867,1442437,4464092,6,23,4200,0,1080,1920,657,231,902,475,59780,0.029,,
966868,1442437,4464092,6,23,4224,0,1080,1920,1462,498,1603,640,20022,0.01,,
966869,1442437,4464092,6,23,4248,0,1080,1920,1136,202,1340,406,41616,0.02,,
966870,1442437,4464092,6,23,4272,0,1080,1920,1029,206,1273,450,59536,0.029,,
966871,1442437,4464092,6,23,4296,0,1080,1920,1153,231,1397,475,59536,0.029,,
966872,1442437,4464092,6,23,4320,0,1080,1920,1153,206,1397,450,59536,0.029,,
966873,1442437,4464092,6,23,4344,0,1080,1920,1177,223,1381,427,41616,0.02,,
966874,1442437,4464092,6,23,4368,0,1080,1920,747,172,1099,525,124256,0.06,,
966875,1442437,4464092,6,23,4392,0,1080,1920,747,172,1099,525,124256,0.06,,
966876,1442437,4464092,6,23,4416,0,1080,1920,747,172,1099,525,124256,0.06,,
966877,1442437,4464092,6,23,4440,0,1080,1920,747,172,1099,525,124256,0.06,,
966878,1442437,4464092,6,23,4464,0,1080,1920,1008,233,1178,403,28900,0.014,,
966879,1442437,4464092,6,23,4488,0,1080,1920,1043,250,1213,420,28900,0.014,,
966880,1442437,4464092,6,23,4512,0,1080,1920,974,233,1144,403,28900,0.014,,
966881,1442437,4464092,6,23,4536,0,1080,1920,1012,223,1216,427,41616,0.02,,
966882,1442437,4464092,6,23,4560,0,1080,1920,971,244,1174,447,41209,0.02,,
966883,1442437,4464092,6,23,4584,0,1080,1920,1012,244,1216,447,41412,0.02,,
966884,1442437,4464092,6,23,4608,0,1080,1920,1029,206,1273,450,59536,0.029,,
966885,1442437,4464092,6,23,4632,0,1080,1920,1053,264,1257,468,41616,0.02,,
966886,1442437,4464092,6,23,4656,0,1080,1920,909,285,1113,489,41616,0.02,,
966887,1442437,4464092,6,23,4680,0,1080,1920,905,305,1150,550,60025,0.029,,
966888,1442437,4464092,6,23,4704,0,1080,1920,880,255,1125,500,60025,0.029,,
966889,1442437,4464092,6,23,4728,0,1080,1920,831,255,1075,500,59780,0.029,,
966890,1442437,4464092,6,23,4752,0,1080,1920,831,280,1075,525,59780,0.029,,
966891,1442437,4464092,6,23,4776,0,1080,1920,854,172,1206,525,124256,0.06,,
966892,1442437,4464092,6,23,4824,0,1080,1920,555,344,849,637,86142,0.042,,
966893,1442437,4464092,6,23,4848,0,1080,1920,763,374,1057,667,86142,0.042,,
966894,1442437,4464092,6,23,4872,0,1080,1920,517,436,599,518,6724,0.003,,
966895,1442437,4464092,6,23,4896,0,1080,1920,501,461,583,543,6724,0.003,,
966896,1442437,4464092,6,23,4920,0,1080,1920,457,466,555,565,9702,0.005,,
966897,1442437,4464092,6,23,4920,1,1080,1920,1104,315,1456,667,123904,0.06,,
966898,1442437,4464092,6,23,4944,0,1080,1920,644,166,938,459,86142,0.042,,
966899,1442437,4464092,6,23,4968,0,1080,1920,818,172,1170,525,124256,0.06,,
966900,1442437,4464092,6,23,5016,0,1080,1920,630,353,800,523,28900,0.014,,
966901,1442437,4464092,6,23,5016,1,1080,1920,785,244,989,447,41412,0.02,,
966902,1442437,4464092,6,23,5040,0,1080,1920,819,319,989,489,28900,0.014,,
966903,1442437,4464092,6,23,5040,1,1080,1920,640,306,844,509,41412,0.02,,
966904,1442437,4464092,6,23,5064,0,1080,1920,940,336,1110,506,28900,0.014,,
966905,1442437,4464092,6,23,5064,1,1080,1920,640,409,844,613,41616,0.02,,
966906,1442437,4464092,6,23,5088,0,1080,1920,664,267,834,437,28900,0.014,,
966907,1442437,4464092,6,23,5112,0,1080,1920,619,196,737,314,13924,0.007,,
966908,1442437,4464092,6,23,5136,0,1080,1920,834,196,952,314,13924,0.007,,
966909,1442437,4464092,6,23,5160,0,1080,1920,835,128,934,226,9702,0.005,,
966910,1442437,4464092,6,23,5184,0,1080,1920,608,255,852,500,59780,0.029,,
966911,1442437,4464092,6,23,5208,0,1080,1920,995,148,1093,246,9604,0.005,,
966912,1442437,4464092,6,23,5232,0,1080,1920,1005,148,1103,246,9604,0.005,,
966913,1442437,4464092,6,23,5256,0,1080,1920,965,148,1083,266,13924,0.007,,
966914,1442437,4464092,6,23,5280,0,1080,1920,608,206,852,450,59536,0.029,,
966915,1442437,4464092,6,23,5304,0,1080,1920,558,231,803,475,59780,0.029,,
966916,1442437,4464092,6,23,5328,0,1080,1920,526,195,819,489,86142,0.042,,
966917,1442437,4464092,6,23,5352,0,1080,1920,977,112,1095,230,13924,0.007,,
966918,1442437,4464092,6,23,5376,0,1080,1920,1037,112,1155,230,13924,0.007,,
966919,1442437,4464092,6,23,5400,0,1080,1920,954,136,1071,254,13806,0.007,,
966920,1442437,4464092,6,23,5424,0,1080,1920,946,312,1087,454,20022,0.01,,
966921,1442437,4464092,6,23,5472,0,1080,1920,583,330,828,574,59780,0.029,,
966922,1442437,4464092,6,23,5496,0,1080,1920,633,280,877,525,59780,0.029,,
966923,1442437,4464092,6,23,5520,0,1080,1920,633,231,877,475,59536,0.029,,
966924,1442437,4464092,6,23,5544,0,1080,1920,555,225,849,519,86436,0.042,,
966925,1442437,4464092,6,23,5568,0,1080,1920,555,225,849,519,86436,0.042,,
966926,1442437,4464092,6,23,5592,0,1080,1920,578,577,748,747,28900,0.014,,
966927,1442437,4464092,6,23,5616,0,1080,1920,955,255,1199,500,59780,0.029,,
966928,1442437,4464092,6,23,5640,0,1080,1920,905,231,1150,475,59780,0.029,,
966929,1442437,4464092,6,23,5664,0,1080,1920,856,280,1100,525,59780,0.029,,
966930,1442437,4464092,6,23,5688,0,1080,1920,867,140,1071,344,41616,0.02,,
966931,1442437,4464092,6,23,5712,0,1080,1920,711,172,1063,525,124256,0.06,,
966932,1442437,4464092,6,23,5736,0,1080,1920,781,231,1026,475,59780,0.029,,
966933,1442437,4464092,6,23,5760,0,1080,1920,711,172,1063,525,124256,0.06,,
966934,1442437,4464092,6,23,5784,0,1080,1920,711,172,1063,525,124256,0.06,,
966935,1442437,4464092,6,23,5808,0,1080,1920,756,231,1001,475,59780,0.029,,
966936,1442437,4464092,6,23,5832,0,1080,1920,711,172,1063,525,124256,0.06,,
966937,1442437,4464092,6,23,5880,0,1080,1920,845,178,944,276,9702,0.005,,
966938,1442437,4464092,6,23,5928,0,1080,1920,989,183,1130,325,20022,0.01,,
966939,1442437,4464092,6,23,5952,0,1080,1920,930,100,1048,218,13924,0.007,,
966940,1442437,4464092,6,23,5976,0,1080,1920,894,76,1012,194,13924,0.007,,
966941,1442437,4464092,6,23,6000,0,1080,1920,940,353,1110,523,28900,0.014,,
966942,1442437,4464092,6,23,6024,0,1080,1920,909,326,1113,530,41616,0.02,,
966943,1442437,4464092,6,23,6048,0,1080,1920,909,306,1113,509,41412,0.02,,
966944,1442437,4464092,6,23,6072,0,1080,1920,734,166,1027,459,85849,0.041,,
966945,1442437,4464092,6,23,6120,0,1080,1920,516,283,657,425,20022,0.01,,
966946,1442437,4464092,6,23,6144,0,1080,1920,630,216,800,385,28730,0.014,,
966947,1442437,4464092,6,23,6168,0,1080,1920,1033,409,1236,613,41412,0.02,,
966948,1442437,4464092,6,23,6192,0,1080,1920,1033,388,1236,592,41412,0.02,,
966949,1442437,4464092,6,23,6216,0,1080,1920,991,409,1195,613,41616,0.02,,
966950,1442437,4464092,6,23,6216,1,1080,1920,377,166,670,459,85849,0.041,,
966951,1442437,4464092,6,23,6240,0,1080,1920,1033,388,1236,592,41412,0.02,,
966952,1442437,4464092,6,23,6264,0,1080,1920,1012,388,1216,592,41616,0.02,,
966953,1442437,4464092,6,23,6288,0,1080,1920,596,130,766,299,28730,0.014,,
966954,1442437,4464092,6,23,6288,1,1080,1920,1400,553,1645,797,59780,0.029,,
966955,1442437,4464092,6,23,6312,0,1080,1920,578,61,748,231,28900,0.014,,
966956,1442437,4464092,6,23,6336,0,1080,1920,991,409,1195,613,41616,0.02,,
966957,1442437,4464092,6,23,6360,0,1080,1920,971,409,1174,613,41412,0.02,,
966958,1442437,4464092,6,23,6384,0,1080,1920,950,409,1154,613,41616,0.02,,
966959,1442437,4464092,6,23,6408,0,1080,1920,831,255,1075,500,59780,0.029,,
966960,1442437,4464092,6,23,6432,0,1080,1920,781,156,1026,401,60025,0.029,,
966961,1442437,4464092,6,23,6456,0,1080,1920,1012,367,1216,571,41616,0.02,,
966962,1442437,4464092,6,23,6480,0,1080,1920,1103,379,1348,624,60025,0.029,,
966963,1442437,4464092,6,23,6504,0,1080,1920,1029,379,1273,624,59780,0.029,,
966964,1442437,4464092,6,23,6528,0,1080,1920,1074,388,1278,592,41616,0.02,,
966965,1442437,4464092,6,23,6552,0,1080,1920,1078,355,1323,599,59780,0.029,,
966966,1442437,4464092,6,23,6576,0,1080,1920,1054,330,1298,574,59536,0.029,,
966967,1442437,4464092,6,23,6600,0,1080,1920,716,216,886,385,28730,0.014,,
966968,1442437,4464092,6,23,6624,0,1080,1920,1404,140,1608,344,41616,0.02,,
966969,1442437,4464092,6,23,6624,1,1080,1920,717,254,798,335,6561,0.003,,
966970,1442437,4464092,6,23,6648,0,1080,1920,606,277,705,375,9702,0.005,,
966971,1442437,4464092,6,23,6648,1,1080,1920,1301,132,1546,376,59780,0.029,,
966972,1442437,4464092,6,23,6648,2,1080,1920,725,254,807,335,6642,0.003,,
966973,1442437,4464092,6,23,6672,0,1080,1920,1321,140,1525,344,41616,0.02,,
966974,1442437,4464092,6,23,6672,1,1080,1920,725,254,807,335,6642,0.003,,
966975,1442437,4464092,6,23,6696,0,1080,1920,1301,182,1505,385,41412,0.02,,
966976,1442437,4464092,6,23,6696,1,1080,1920,725,254,807,335,6642,0.003,,
966977,1442437,4464092,6,23,6720,0,1080,1920,1301,161,1505,365,41616,0.02,,
966978,1442437,4464092,6,23,6720,1,1080,1920,725,254,807,335,6642,0.003,,
966979,1442437,4464092,6,23,6744,0,1080,1920,1001,255,1295,548,86142,0.042,,
966980,1442437,4464092,6,23,6768,0,1080,1920,971,255,1265,548,86142,0.042,,
966981,1442437,4464092,6,23,6792,0,1080,1920,1001,225,1295,519,86436,0.042,,
966982,1442437,4464092,6,23,6816,0,1080,1920,979,255,1224,500,60025,0.029,,
966983,1442437,4464092,6,23,6840,0,1080,1920,880,255,1125,500,60025,0.029,,
966984,1442437,4464092,6,23,6864,0,1080,1920,776,256,845,324,4692,0.002,,
966985,1442437,4464092,6,23,6864,1,1080,1920,1326,132,1571,376,59780,0.029,,
966986,1442437,4464092,6,23,6864,2,1080,1920,583,267,701,385,13924,0.007,,
966987,1442437,4464092,6,23,6888,0,1080,1920,586,277,685,375,9702,0.005,,
966988,1442437,4464092,6,23,6888,1,1080,1920,770,256,838,324,4624,0.002,,
966989,1442437,4464092,6,23,6888,2,1080,1920,1326,132,1571,376,59780,0.029,,
966990,1442437,4464092,6,23,6912,0,1080,1920,616,287,715,385,9702,0.005,,
966991,1442437,4464092,6,23,6912,1,1080,1920,1269,106,1562,400,86142,0.042,,
966992,1442437,4464092,6,23,6912,2,1080,1920,750,254,832,335,6642,0.003,,
966993,1442437,4464092,6,23,7008,0,1080,1920,1649,465,1688,505,1560,0.001,,
966994,1442437,4464092,6,23,7032,0,1080,1920,1593,525,1632,565,1560,0.001,,
966995,1442437,4464092,6,23,7056,0,1080,1920,1470,566,1517,614,2256,0.001,,
966996,1442437,4464092,6,23,7056,1,1080,1920,1237,541,1276,581,1560,0.001,,
966997,1442437,4464092,6,23,7080,0,1080,1920,1305,577,1344,617,1560,0.001,,
966998,1442437,4464092,6,23,7104,0,1080,1920,1329,601,1368,641,1560,0.001,,
966999,1442437,4464092,6,23,7152,0,1080,1920,1165,189,1222,245,3192,0.002,,
967000,1442437,4464092,6,23,7152,1,1080,1920,987,85,1043,142,3192,0.002,,
967001,1442437,4464092,6,23,7152,2,1080,1920,1516,177,1573,234,3249,0.002,,
967002,1442437,4464092,6,23,7152,3,1080,1920,1355,240,1402,287,2209,0.001,,
967003,1442437,4464092,6,23,7176,0,1080,1920,929,91,986,148,3249,0.002,,
967004,1442437,4464092,6,23,7176,1,1080,1920,1129,201,1176,249,2256,0.001,,
967005,1442437,4464092,6,23,7176,2,1080,1920,1488,183,1545,240,3249,0.002,,
967006,1442437,4464092,6,23,7176,3,1080,1920,1303,246,1360,303,3249,0.002,,
967007,1442437,4464092,6,23,7200,0,1080,1920,894,97,962,165,4624,0.002,,
967008,1442437,4464092,6,23,7200,1,1080,1920,1119,223,1176,280,3249,0.002,,
967009,1442437,4464092,6,23,7200,2,1080,1920,1459,200,1516,257,3249,0.002,,
967010,1442437,4464092,6,23,7224,0,1080,1920,733,88,815,170,6724,0.003,,
967011,1442437,4464092,6,23,7224,1,1080,1920,1184,263,1253,331,4692,0.002,,
967012,1442437,4464092,6,23,7224,2,1080,1920,992,223,1049,280,3249,0.002,,
967013,1442437,4464092,6,23,7224,3,1080,1920,1371,201,1439,269,4624,0.002,,
967014,1442437,4464092,6,23,7248,0,1080,1920,696,78,794,176,9604,0.005,,
967015,1442437,4464092,6,23,7248,1,1080,1920,1170,263,1239,331,4692,0.002,,
967016,1442437,4464092,6,23,7248,2,1080,1920,958,212,1015,268,3192,0.002,,
967017,1442437,4464092,6,23,7248,3,1080,1920,1433,187,1501,255,4624,0.002,,
967018,1442437,4464092,6,23,7272,0,1080,1920,1430,187,1512,269,6724,0.003,,
967019,1442437,4464092,6,23,7272,1,1080,1920,956,194,1024,262,4624,0.002,,
967020,1442437,4464092,6,23,7272,2,1080,1920,766,104,848,186,6724,0.003,,
967021,1442437,4464092,6,23,7272,3,1080,1920,1170,256,1239,324,4692,0.002,,
967022,1442437,4464092,6,23,7296,0,1080,1920,1488,187,1570,269,6724,0.003,,
967023,1442437,4464092,6,23,7296,1,1080,1920,799,79,881,161,6724,0.003,,
967024,1442437,4464092,6,23,7296,2,1080,1920,1226,249,1294,317,4624,0.002,,
967025,1442437,4464092,6,23,7296,3,1080,1920,1018,194,1087,262,4692,0.002,,
967026,1442437,4464092,6,23,7320,0,1080,1920,1513,212,1595,294,6724,0.003,,
967027,1442437,4464092,6,23,7320,1,1080,1920,970,215,1038,283,4624,0.002,,
967028,1442437,4464092,6,23,7320,2,1080,1920,1233,284,1301,352,4624,0.002,,
967029,1442437,4464092,6,23,7320,3,1080,1920,766,96,848,178,6724,0.003,,
967030,1442437,4464092,6,23,7344,0,1080,1920,487,158,585,256,9604,0.005,,
967031,1442437,4464092,6,23,7344,1,1080,1920,1452,297,1551,395,9702,0.005,,
967032,1442437,4464092,6,23,7344,2,1080,1920,1123,395,1205,476,6642,0.003,,
967033,1442437,4464092,6,23,7344,3,1080,1920,808,320,890,402,6724,0.003,,
967034,1442437,4464092,6,23,7368,0,1080,1920,596,198,766,368,28900,0.014,,
967035,1442437,4464092,6,23,7368,1,1080,1920,1026,474,1195,643,28561,0.014,,
967036,1442437,4464092,6,23,7368,2,1080,1920,1655,344,1920,637,77645,0.037,,
967037,1442437,4464092,6,23,7392,0,1080,1920,974,456,1144,626,28900,0.014,,
967038,1442437,4464092,6,23,7392,1,1080,1920,1595,314,1889,608,86436,0.042,,
967039,1442437,4464092,6,23,7392,2,1080,1920,558,202,762,406,41616,0.02,,
967040,1442437,4464092,6,23,7416,0,1080,1920,1587,279,1704,397,13806,0.007,,
967041,1442437,4464092,6,23,7416,1,1080,1920,487,97,629,239,20164,0.01,,
967042,1442437,4464092,6,23,7416,2,1080,1920,1253,387,1352,485,9702,0.005,,
967043,1442437,4464092,6,23,7416,3,1080,1920,915,307,1013,405,9604,0.005,,
967044,1442437,4464092,6,23,7440,0,1080,1920,750,179,832,261,6724,0.003,,
967045,1442437,4464092,6,23,7440,1,1080,1920,1339,395,1420,476,6561,0.003,,
967046,1442437,4464092,6,23,7440,2,1080,1920,1612,307,1710,405,9604,0.005,,
967047,1442437,4464092,6,23,7440,3,1080,1920,1074,346,1142,414,4624,0.002,,
967048,1442437,4464092,6,23,7464,0,1080,1920,1645,270,1727,352,6724,0.003,,
967049,1442437,4464092,6,23,7464,1,1080,1920,1372,361,1454,443,6724,0.003,,
967050,1442437,4464092,6,23,7464,2,1080,1920,776,148,874,246,9604,0.005,,
967051,1442437,4464092,6,23,7464,3,1080,1920,1057,287,1138,369,6642,0.003,,
967052,1442437,4464092,6,23,7488,0,1080,1920,1330,370,1412,452,6724,0.003,,
967053,1442437,4464092,6,23,7488,1,1080,1920,733,171,815,253,6724,0.003,,
967054,1442437,4464092,6,23,7488,2,1080,1920,1612,287,1694,369,6724,0.003,,
967055,1442437,4464092,6,23,7488,3,1080,1920,1023,312,1105,394,6724,0.003,,
967056,1442437,4464092,6,23,7512,0,1080,1920,675,162,757,244,6724,0.003,,
967057,1442437,4464092,6,23,7512,1,1080,1920,1571,287,1653,369,6724,0.003,,
967058,1442437,4464092,6,23,7512,2,1080,1920,1281,378,1362,460,6642,0.003,,
967059,1442437,4464092,6,23,7512,3,1080,1920,957,303,1039,385,6724,0.003,,
967060,1442437,4464092,6,23,7536,0,1080,1920,1542,277,1640,375,9604,0.005,,
967061,1442437,4464092,6,23,7536,1,1080,1920,932,295,1014,377,6724,0.003,,
967062,1442437,4464092,6,23,7536,2,1080,1920,619,160,737,278,13924,0.007,,
967063,1442437,4464092,6,23,7560,0,1080,1920,1502,267,1600,366,9702,0.005,,
967064,1442437,4464092,6,23,7560,1,1080,1920,567,148,665,246,9604,0.005,,
967065,1442437,4464092,6,23,7560,2,1080,1920,875,277,973,375,9604,0.005,,
967066,1442437,4464092,6,23,7560,3,1080,1920,1140,361,1221,443,6642,0.003,,
967067,1442437,4464092,6,23,7584,0,1080,1920,1407,255,1525,373,13924,0.007,,
967068,1442437,4464092,6,23,7584,1,1080,1920,791,328,873,410,6724,0.003,,
967069,1442437,4464092,6,23,7584,2,1080,1920,487,138,585,236,9604,0.005,,
967070,1442437,4464092,6,23,7584,3,1080,1920,1115,353,1197,435,6724,0.003,,
967071,1442437,4464092,6,23,7608,0,1080,1920,547,124,665,242,13924,0.007,,
967072,1442437,4464092,6,23,7608,1,1080,1920,1363,247,1461,346,9702,0.005,,
967073,1442437,4464092,6,23,7608,2,1080,1920,741,262,823,344,6724,0.003,,
967074,1442437,4464092,6,23,7608,3,1080,1920,1057,320,1138,402,6642,0.003,,
967075,1442437,4464092,6,23,7632,0,1080,1920,858,204,939,286,6642,0.003,,
967076,1442437,4464092,6,23,7632,1,1080,1920,1090,245,1172,327,6724,0.003,,
967077,1442437,4464092,6,23,7632,2,1080,1920,1363,217,1461,316,9702,0.005,,
967078,1442437,4464092,6,23,7656,0,1080,1920,1140,179,1221,261,6642,0.003,,
967079,1442437,4464092,6,23,7656,1,1080,1920,1025,482,1143,600,13924,0.007,,
967080,1442437,4464092,6,23,7704,0,1080,1920,750,250,920,420,28900,0.014,,
967081,1442437,4464092,6,23,7728,0,1080,1920,822,279,940,397,13924,0.007,,
967082,1442437,4464092,6,23,7824,0,1080,1920,930,387,1048,505,13924,0.007,,
967083,1442437,4464092,6,23,7848,0,1080,1920,1046,326,1188,468,20164,0.01,,
967084,1442437,4464092,6,23,7872,0,1080,1920,991,353,1161,523,28900,0.014,,
967085,1442437,4464092,6,23,7896,0,1080,1920,1008,353,1178,523,28900,0.014,,
967086,1442437,4464092,6,23,7920,0,1080,1920,991,336,1161,506,28900,0.014,,
967087,1442437,4464092,6,23,7944,0,1080,1920,950,244,1154,447,41412,0.02,,
967088,1442437,4464092,6,23,7968,0,1080,1920,929,244,1133,447,41412,0.02,,
967089,1442437,4464092,6,23,7992,0,1080,1920,1078,255,1323,500,60025,0.029,,
967090,1442437,4464092,6,23,8016,0,1080,1920,1074,182,1278,385,41412,0.02,,
967091,1442437,4464092,6,23,8040,0,1080,1920,1227,231,1472,475,59780,0.029,,
967092,1442437,4464092,6,23,8112,0,1080,1920,906,291,1024,409,13924,0.007,,
967093,1442437,4464092,6,23,8136,0,1080,1920,774,240,915,382,20022,0.01,,
967094,1442437,4464092,6,23,8232,0,1080,1920,372,285,576,489,41616,0.02,,
967095,1442437,4464092,6,23,8256,0,1080,1920,389,353,559,523,28900,0.014,,
967096,1442437,4464092,6,23,8280,0,1080,1920,434,306,638,509,41412,0.02,,
967097,1442437,4464092,6,23,8280,1,1080,1920,0,355,141,497,20022,0.01,,
967098,1442437,4464092,6,23,8304,0,1080,1920,1131,312,1213,394,6724,0.003,,
967099,1442437,4464092,6,23,8304,1,1080,1920,1695,212,1777,294,6724,0.003,,
967100,1442437,4464092,6,23,8304,2,1080,1920,716,255,858,396,20022,0.01,,
967101,1442437,4464092,6,23,8304,3,1080,1920,526,195,608,277,6724,0.003,,
967102,1442437,4464092,6,23,8328,0,1080,1920,750,303,868,421,13924,0.007,,
967103,1442437,4464092,6,23,8328,1,1080,1920,1156,328,1238,410,6724,0.003,,
967104,1442437,4464092,6,23,8328,2,1080,1920,542,229,624,311,6724,0.003,,
967105,1442437,4464092,6,23,8352,0,1080,1920,1134,337,1232,435,9604,0.005,,
967106,1442437,4464092,6,23,8352,1,1080,1920,688,298,829,439,19881,0.01,,
967107,1442437,4464092,6,23,8352,2,1080,1920,509,245,591,327,6724,0.003,,
967108,1442437,4464092,6,23,8376,0,1080,1920,509,237,591,319,6724,0.003,,
967109,1442437,4464092,6,23,8376,1,1080,1920,673,326,815,468,20164,0.01,,
967110,1442437,4464092,6,23,8376,2,1080,1920,1169,303,1286,421,13806,0.007,,
967111,1442437,4464092,6,23,8376,3,1080,1920,874,262,956,344,6724,0.003,,
967112,1442437,4464092,6,23,8376,4,1080,1920,1801,277,1899,375,9604,0.005,,
967113,1442437,4464092,6,23,8400,0,1080,1920,509,206,753,450,59536,0.029,,
967114,1442437,4464092,6,23,8424,0,1080,1920,509,231,753,475,59536,0.029,,
967115,1442437,4464092,6,23,8448,0,1080,1920,509,280,753,525,59780,0.029,,
967116,1442437,4464092,6,23,8472,0,1080,1920,1491,327,1609,445,13924,0.007,,
967117,1442437,4464092,6,23,8472,1,1080,1920,888,302,1058,471,28730,0.014,,
967118,1442437,4464092,6,23,8472,2,1080,1920,655,172,773,290,13924,0.007,,
967119,1442437,4464092,6,23,8496,0,1080,1920,1519,298,1661,439,20022,0.01,,
967120,1442437,4464092,6,23,8496,1,1080,1920,909,285,1113,489,41616,0.02,,
967121,1442437,4464092,6,23,8496,2,1080,1920,667,148,785,266,13924,0.007,,
967122,1442437,4464092,6,23,8520,0,1080,1920,1519,312,1661,454,20164,0.01,,
967123,1442437,4464092,6,23,8520,1,1080,1920,847,223,1051,427,41616,0.02,,
967124,1442437,4464092,6,23,8520,2,1080,1920,1157,196,1275,314,13924,0.007,,
967125,1442437,4464092,6,23,8520,3,1080,1920,667,172,785,290,13924,0.007,,
967126,1442437,4464092,6,23,8544,0,1080,1920,1447,341,1589,482,20022,0.01,,
967127,1442437,4464092,6,23,8544,1,1080,1920,836,319,1006,489,28900,0.014,,
967128,1442437,4464092,6,23,8544,2,1080,1920,1097,231,1215,349,13924,0.007,,
967129,1442437,4464092,6,23,8568,0,1080,1920,534,231,778,475,59536,0.029,,
967130,1442437,4464092,6,23,8592,0,1080,1920,484,255,729,500,60025,0.029,,
967131,1442437,4464092,6,23,8616,0,1080,1920,826,264,1030,468,41616,0.02,,
967132,1442437,4464092,6,23,8616,1,1080,1920,1533,326,1675,468,20164,0.01,,
967133,1442437,4464092,6,23,8616,2,1080,1920,1169,196,1286,314,13806,0.007,,
967134,1442437,4464092,6,23,8616,3,1080,1920,559,154,700,296,20022,0.01,,
967135,1442437,4464092,6,23,8640,0,1080,1920,1519,312,1661,454,20164,0.01,,
967136,1442437,4464092,6,23,8640,1,1080,1920,826,244,1030,447,41412,0.02,,
967137,1442437,4464092,6,23,8664,0,1080,1920,1519,326,1661,468,20164,0.01,,
967138,1442437,4464092,6,23,8664,1,1080,1920,826,264,1030,468,41616,0.02,,
967139,1442437,4464092,6,23,8664,2,1080,1920,607,160,725,278,13924,0.007,,
967140,1442437,4464092,6,23,8688,0,1080,1920,534,181,778,426,59780,0.029,,
967141,1442437,4464092,6,23,8712,0,1080,1920,930,206,1174,450,59536,0.029,,
967142,1442437,4464092,6,23,8712,1,1080,1920,1731,233,1901,403,28900,0.014,,
967143,1442437,4464092,6,23,8712,2,1080,1920,1324,112,1442,230,13924,0.007,,
967144,1442437,4464092,6,23,8736,0,1080,1920,1012,140,1216,344,41616,0.02,,
967145,1442437,4464092,6,23,8736,1,1080,1920,1734,283,1876,425,20164,0.01,,
967146,1442437,4464092,6,23,8736,2,1080,1920,1336,160,1454,278,13924,0.007,,
967147,1442437,4464092,6,23,8736,3,1080,1920,759,126,901,267,20022,0.01,,
967148,1442437,4464092,6,23,8760,0,1080,1920,1094,244,1298,447,41412,0.02,,
967149,1442437,4464092,6,23,8760,1,1080,1920,1734,283,1876,425,20164,0.01,,
967150,1442437,4464092,6,23,8760,2,1080,1920,822,148,940,266,13924,0.007,,
967151,1442437,4464092,6,23,8784,0,1080,1920,1748,269,1890,411,20164,0.01,,
967152,1442437,4464092,6,23,8784,1,1080,1920,1004,156,1249,401,60025,0.029,,
967153,1442437,4464092,6,23,8784,2,1080,1920,822,148,940,266,13924,0.007,,
967154,1442437,4464092,6,23,8784,3,1080,1920,1372,172,1489,290,13806,0.007,,
967155,1442437,4464092,6,23,8808,0,1080,1920,1691,269,1833,411,20164,0.01,,
967156,1442437,4464092,6,23,8808,1,1080,1920,905,280,1150,525,60025,0.029,,
967157,1442437,4464092,6,23,8808,2,1080,1920,810,148,928,266,13924,0.007,,
967158,1442437,4464092,6,23,8808,3,1080,1920,1372,172,1489,290,13806,0.007,,
967159,1442437,4464092,6,23,8832,0,1080,1920,1691,283,1833,425,20164,0.01,,
967160,1442437,4464092,6,23,8832,1,1080,1920,979,206,1224,450,59780,0.029,,
967161,1442437,4464092,6,23,8832,2,1080,1920,774,136,892,254,13924,0.007,,
967162,1442437,4464092,6,23,8832,3,1080,1920,1348,160,1466,278,13924,0.007,,
967163,1442437,4464092,6,23,8856,0,1080,1920,1648,298,1790,439,20022,0.01,,
967164,1442437,4464092,6,23,8856,1,1080,1920,888,285,1092,489,41616,0.02,,
967165,1442437,4464092,6,23,8856,2,1080,1920,750,148,868,266,13924,0.007,,
967166,1442437,4464092,6,23,8856,3,1080,1920,1304,169,1446,310,20022,0.01,,
967167,1442437,4464092,6,23,8880,0,1080,1920,1619,298,1761,439,20022,0.01,,
967168,1442437,4464092,6,23,8880,1,1080,1920,1012,264,1216,468,41616,0.02,,
967169,1442437,4464092,6,23,8880,2,1080,1920,715,148,833,266,13924,0.007,,
967170,1442437,4464092,6,23,8880,3,1080,1920,1218,169,1360,310,20022,0.01,,
967171,1442437,4464092,6,23,8904,0,1080,1920,1619,298,1761,439,20022,0.01,,
967172,1442437,4464092,6,23,8904,1,1080,1920,856,181,1100,426,59780,0.029,,
967173,1442437,4464092,6,23,8904,2,1080,1920,1204,169,1345,310,19881,0.01,,
967174,1442437,4464092,6,23,8928,0,1080,1920,1648,283,1790,425,20164,0.01,,
967175,1442437,4464092,6,23,8928,1,1080,1920,930,231,1174,475,59536,0.029,,
967176,1442437,4464092,6,23,8928,2,1080,1920,1218,169,1360,310,20022,0.01,,
967177,1442437,4464092,6,23,8952,0,1080,1920,1648,283,1790,425,20164,0.01,,
967178,1442437,4464092,6,23,8952,1,1080,1920,930,231,1174,475,59536,0.029,,
967179,1442437,4464092,6,23,8952,2,1080,1920,1218,140,1360,282,20164,0.01,,
967180,1442437,4464092,6,23,8976,0,1080,1920,620,202,824,406,41616,0.02,,
967181,1442437,4464092,6,23,9000,0,1080,1920,509,280,753,525,59780,0.029,,
967182,1442437,4464092,6,23,9024,0,1080,1920,950,326,1154,530,41616,0.02,,
967183,1442437,4464092,6,23,9024,1,1080,1920,1777,240,1919,382,20164,0.01,,
967184,1442437,4464092,6,23,9024,2,1080,1920,774,136,892,254,13924,0.007,,
967185,1442437,4464092,6,23,9024,3,1080,1920,1360,172,1478,290,13924,0.007,,
967186,1442437,4464092,6,23,9048,0,1080,1920,1094,347,1298,551,41616,0.02,,
967187,1442437,4464092,6,23,9048,1,1080,1920,834,136,952,254,13924,0.007,,
967188,1442437,4464092,6,23,9048,2,1080,1920,1419,160,1537,278,13924,0.007,,
967189,1442437,4464092,6,23,9072,0,1080,1920,1078,206,1323,450,59780,0.029,,
967190,1442437,4464092,6,23,9072,1,1080,1920,906,136,1024,254,13924,0.007,,
967191,1442437,4464092,6,23,9072,2,1080,1920,1515,160,1633,278,13924,0.007,,
967192,1442437,4464092,6,23,9096,0,1080,1920,459,231,704,475,59780,0.029,,
967193,1442437,4464092,6,23,9120,0,1080,1920,509,181,753,426,59780,0.029,,
967194,1442437,4464092,6,23,9144,0,1080,1920,583,231,828,475,59780,0.029,,
967195,1442437,4464092,6,23,9168,0,1080,1920,1074,202,1278,406,41616,0.02,,
967196,1442437,4464092,6,23,9168,1,1080,1920,831,212,973,353,20022,0.01,,
967197,1442437,4464092,6,23,9192,0,1080,1920,1053,264,1257,468,41616,0.02,,
967198,1442437,4464092,6,23,9192,1,1080,1920,831,212,973,353,20022,0.01,,
967199,1442437,4464092,6,23,9216,0,1080,1920,608,206,852,450,59536,0.029,,
967200,1442437,4464092,6,23,9240,0,1080,1920,620,223,824,427,41616,0.02,,
967201,1442437,4464092,6,23,9264,0,1080,1920,517,223,720,427,41412,0.02,,
967202,1442437,4464092,6,23,9288,0,1080,1920,1054,305,1298,550,59780,0.029,,
967203,1442437,4464092,6,23,9312,0,1080,1920,930,305,1174,550,59780,0.029,,
967204,1442437,4464092,6,23,9312,1,1080,1920,1275,183,1417,325,20164,0.01,,
967205,1442437,4464092,6,23,9312,2,1080,1920,1765,302,1920,471,26195,0.013,,
967206,1442437,4464092,6,23,9336,0,1080,1920,1033,140,1236,344,41412,0.02,,
967207,1442437,4464092,6,23,9336,1,1080,1920,1336,160,1454,278,13924,0.007,,
967208,1442437,4464092,6,23,9336,2,1080,1920,141,137,493,489,123904,0.06,,
967209,1442437,4464092,6,23,9336,3,1080,1920,1791,269,1920,411,18318,0.009,,
967210,1442437,4464092,6,23,9360,0,1080,1920,1053,285,1257,489,41616,0.02,,
967211,1442437,4464092,6,23,9360,1,1080,1920,1777,283,1919,425,20164,0.01,,
967212,1442437,4464092,6,23,9360,2,1080,1920,858,148,976,266,13924,0.007,,
967213,1442437,4464092,6,23,9384,0,1080,1920,1763,269,1904,411,20022,0.01,,
967214,1442437,4464092,6,23,9384,1,1080,1920,1012,264,1216,468,41616,0.02,,
967215,1442437,4464092,6,23,9384,2,1080,1920,846,148,964,266,13924,0.007,,
967216,1442437,4464092,6,23,9384,3,1080,1920,1336,172,1454,290,13924,0.007,,
967217,1442437,4464092,6,23,9408,0,1080,1920,991,285,1195,489,41616,0.02,,
967218,1442437,4464092,6,23,9408,1,1080,1920,1763,269,1904,411,20022,0.01,,
967219,1442437,4464092,6,23,9408,2,1080,1920,846,136,964,254,13924,0.007,,
967220,1442437,4464092,6,23,9408,3,1080,1920,1360,160,1478,278,13924,0.007,,
967221,1442437,4464092,6,23,9432,0,1080,1920,1012,223,1216,427,41616,0.02,,
967222,1442437,4464092,6,23,9432,1,1080,1920,846,136,964,254,13924,0.007,,
967223,1442437,4464092,6,23,9432,2,1080,1920,1407,148,1525,266,13924,0.007,,
967224,1442437,4464092,6,23,9456,0,1080,1920,930,206,1174,450,59536,0.029,,
967225,1442437,4464092,6,23,9456,1,1080,1920,1419,148,1537,266,13924,0.007,,
967226,1442437,4464092,6,23,9480,0,1080,1920,1094,233,1264,403,28900,0.014,,
967227,1442437,4464092,6,23,9480,1,1080,1920,1395,148,1513,266,13924,0.007,,
967228,1442437,4464092,6,23,9480,2,1080,1920,870,124,988,242,13924,0.007,,
967229,1442437,4464092,6,23,9504,0,1080,1920,496,166,789,459,85849,0.041,,
967230,1442437,4464092,6,23,9528,0,1080,1920,583,255,828,500,60025,0.029,,
967231,1442437,4464092,6,23,9552,0,1080,1920,526,255,819,548,85849,0.041,,
967232,1442437,4464092,6,23,9576,0,1080,1920,496,225,789,519,86142,0.042,,
967233,1442437,4464092,6,23,9600,0,1080,1920,496,166,789,459,85849,0.041,,
967234,1442437,4464092,6,23,9624,0,1080,1920,534,255,778,500,59780,0.029,,
967235,1442437,4464092,6,23,9648,0,1080,1920,496,225,789,519,86142,0.042,,
967236,1442437,4464092,6,23,9672,0,1080,1920,496,225,789,519,86142,0.042,,
967237,1442437,4464092,6,23,9696,0,1080,1920,533,172,885,525,124256,0.06,,
967238,1442437,4464092,6,23,9720,0,1080,1920,569,172,921,525,124256,0.06,,
967239,1442437,4464092,6,23,9744,0,1080,1920,462,172,814,525,124256,0.06,,
967240,1442437,4464092,6,23,9768,0,1080,1920,462,279,814,632,124256,0.06,,
967241,1442437,4464092,6,23,9792,0,1080,1920,1073,112,1191,230,13924,0.007,,
967242,1442437,4464092,6,23,9816,0,1080,1920,1109,76,1227,194,13924,0.007,,
967243,1442437,4464092,6,23,9840,0,1080,1920,1288,64,1406,182,13924,0.007,,
967244,1442437,4464092,6,23,9888,0,1080,1920,1180,147,1350,317,28900,0.014,,
967245,1442437,4464092,6,23,9912,0,1080,1920,971,99,1174,303,41412,0.02,,
967246,1442437,4464092,6,23,9936,0,1080,1920,922,233,1092,403,28900,0.014,,
967247,1442437,4464092,6,23,9960,0,1080,1920,871,198,1041,368,28900,0.014,,
967248,1442437,4464092,6,23,9984,0,1080,1920,533,208,885,560,123904,0.06,,
967249,1442437,4464092,6,23,10008,0,1080,1920,426,208,778,560,123904,0.06,,
967250,1442437,4464092,6,23,10032,0,1080,1920,806,182,1009,385,41209,0.02,,
967251,1442437,4464092,6,23,10056,0,1080,1920,679,124,797,242,13924,0.007,,
967252,1442437,4464092,6,23,10080,0,1080,1920,643,124,761,242,13924,0.007,,
967253,1442437,4464092,6,23,10104,0,1080,1920,620,202,824,406,41616,0.02,,
967254,1442437,4464092,6,23,10128,0,1080,1920,922,164,1092,334,28900,0.014,,
967255,1442437,4464092,6,23,10152,0,1080,1920,957,181,1127,351,28900,0.014,,
967256,1442437,4464092,6,23,10176,0,1080,1920,1033,140,1236,344,41412,0.02,,
967257,1442437,4464092,6,23,10200,0,1080,1920,1026,181,1195,351,28730,0.014,,
967258,1442437,4464092,6,23,10224,0,1080,1920,991,120,1195,324,41616,0.02,,
967259,1442437,4464092,6,23,10272,0,1080,1920,596,216,766,385,28730,0.014,,
967260,1442437,4464092,6,23,10296,0,1080,1920,647,198,817,368,28900,0.014,,
967261,1442437,4464092,6,23,10320,0,1080,1920,747,208,1099,560,123904,0.06,,
967262,1442437,4464092,6,23,10344,0,1080,1920,676,208,1028,560,123904,0.06,,
967263,1442437,4464092,6,23,10368,0,1080,1920,763,195,1057,489,86436,0.042,,
967264,1442437,4464092,6,23,10392,0,1080,1920,806,231,1051,475,59780,0.029,,
967265,1442437,4464092,6,23,10392,1,1080,1920,726,132,1148,555,178506,0.086,,
967266,1442437,4464092,6,23,10416,0,1080,1920,711,208,1063,560,123904,0.06,,
967267,1442437,4464092,6,23,10440,0,1080,1920,711,244,1063,596,123904,0.06,,
967268,1442437,4464092,6,23,10464,0,1080,1920,711,208,1063,560,123904,0.06,,
967269,1442437,4464092,6,23,10488,0,1080,1920,711,172,1063,525,124256,0.06,,
967270,1442437,4464092,6,23,10512,0,1080,1920,783,172,1135,525,124256,0.06,,
967271,1442437,4464092,6,23,10536,0,1080,1920,676,208,1028,560,123904,0.06,,
967272,1442437,4464092,6,23,10560,0,1080,1920,704,195,997,489,86142,0.042,,
967273,1442437,4464092,6,23,10584,0,1080,1920,676,244,1028,596,123904,0.06,,
967274,1442437,4464092,6,23,10608,0,1080,1920,526,195,819,489,86142,0.042,,
967275,1442437,4464092,6,23,10632,0,1080,1920,585,195,878,489,86142,0.042,,
967276,1442437,4464092,6,23,10656,0,1080,1920,466,255,760,548,86142,0.042,,
967277,1442437,4464092,6,23,10680,0,1080,1920,436,255,730,548,86142,0.042,,
967278,1442437,4464092,6,23,10704,0,1080,1920,929,182,1133,385,41412,0.02,,
967279,1442437,4464092,6,23,10728,0,1080,1920,867,161,1071,365,41616,0.02,,
967280,1442437,4464092,6,23,10752,0,1080,1920,909,223,1113,427,41616,0.02,,
967281,1442437,4464092,6,23,10776,0,1080,1920,711,279,1063,632,124256,0.06,,
967282,1442437,4464092,6,23,10800,0,1080,1920,640,244,992,596,123904,0.06,,
967283,1442437,4464092,6,23,10824,0,1080,1920,1029,404,1273,649,59780,0.029,,
967284,1442437,4464092,6,23,10848,0,1080,1920,1043,233,1213,403,28900,0.014,,
967285,1442437,4464092,6,23,10872,0,1080,1920,1026,198,1195,368,28730,0.014,,
967286,1442437,4464092,6,23,10896,0,1080,1920,569,279,921,632,124256,0.06,,
967287,1442437,4464092,6,23,10920,0,1080,1920,604,208,956,560,123904,0.06,,
967288,1442437,4464092,6,23,10944,0,1080,1920,1094,128,1192,226,9604,0.005,,
967289,1442437,4464092,6,23,10968,0,1080,1920,1073,121,1155,203,6724,0.003,,
967290,1442437,4464092,6,23,10992,0,1080,1920,1098,104,1180,186,6724,0.003,,
967291,1442437,4464092,6,23,11016,0,1080,1920,1133,184,1251,302,13924,0.007,,
967292,1442437,4464092,6,23,11040,0,1080,1920,979,255,1224,500,60025,0.029,,
967293,1442437,4464092,6,23,11064,0,1080,1920,707,231,952,475,59780,0.029,,
967294,1442437,4464092,6,23,11112,0,1080,1920,763,225,1057,519,86436,0.042,,
967295,1442437,4464092,6,23,11136,0,1080,1920,890,351,1242,703,123904,0.06,,
967296,1442437,4464092,6,23,11160,0,1080,1920,818,458,1170,810,123904,0.06,,
967297,1442437,4464092,6,23,11184,0,1080,1920,604,493,956,846,124256,0.06,,
967298,1442437,4464092,6,23,11208,0,1080,1920,854,208,1206,560,123904,0.06,,
967299,1442437,4464092,6,23,11232,0,1080,1920,783,208,1135,560,123904,0.06,,
967300,1442437,4464092,6,23,11280,0,1080,1920,747,351,1099,703,123904,0.06,,
967301,1442437,4464092,6,23,11472,0,1080,1920,1333,169,1372,209,1560,0.001,,
967302,1442437,4464092,6,23,11520,0,1080,1920,1331,173,1378,220,2209,0.001,,
967303,1442437,4464092,6,23,11544,0,1080,1920,447,257,545,356,9702,0.005,,
967304,1442437,4464092,6,23,11544,1,1080,1920,1521,220,1603,302,6724,0.003,,
967305,1442437,4464092,6,23,11544,2,1080,1920,990,436,1072,518,6724,0.003,,
967306,1442437,4464092,6,23,11568,0,1080,1920,1587,212,1669,294,6724,0.003,,
967307,1442437,4464092,6,23,11568,1,1080,1920,1023,419,1105,501,6724,0.003,,
967308,1442437,4464092,6,23,11568,2,1080,1920,447,247,545,346,9702,0.005,,
967309,1442437,4464092,6,23,11592,0,1080,1920,1057,320,1138,402,6642,0.003,,
967310,1442437,4464092,6,23,11592,1,1080,1920,417,247,516,346,9801,0.005,,
967311,1442437,4464092,6,23,11592,2,1080,1920,907,386,989,468,6724,0.003,,
967312,1442437,4464092,6,23,11592,3,1080,1920,1592,217,1690,316,9702,0.005,,
967313,1442437,4464092,6,23,11616,0,1080,1920,1057,345,1138,427,6642,0.003,,
967314,1442437,4464092,6,23,11616,1,1080,1920,1587,254,1669,335,6642,0.003,,
967315,1442437,4464092,6,23,11616,2,1080,1920,899,419,981,501,6724,0.003,,
967316,1442437,4464092,6,23,11640,0,1080,1920,915,339,983,407,4624,0.002,,
967317,1442437,4464092,6,23,11640,1,1080,1920,1463,254,1545,335,6642,0.003,,
967318,1442437,4464092,6,23,11640,2,1080,1920,791,411,873,493,6724,0.003,,
967319,1442437,4464092,6,23,11664,0,1080,1920,1529,270,1611,352,6724,0.003,,
967320,1442437,4464092,6,23,11664,1,1080,1920,852,346,921,414,4692,0.002,,
967321,1442437,4464092,6,23,11664,2,1080,1920,700,428,782,510,6724,0.003,,
967322,1442437,4464092,6,23,11688,0,1080,1920,832,346,900,414,4624,0.002,,
967323,1442437,4464092,6,23,11688,1,1080,1920,1463,295,1545,377,6724,0.003,,
967324,1442437,4464092,6,23,11688,2,1080,1920,584,436,666,518,6724,0.003,,
967325,1442437,4464092,6,23,11688,3,1080,1920,149,287,247,385,9604,0.005,,
967326,1442437,4464092,6,23,11712,0,1080,1920,119,267,217,366,9702,0.005,,
967327,1442437,4464092,6,23,11712,1,1080,1920,625,419,707,501,6724,0.003,,
967328,1442437,4464092,6,23,11712,2,1080,1920,916,320,997,402,6642,0.003,,
967329,1442437,4464092,6,23,11712,3,1080,1920,1546,278,1628,360,6724,0.003,,
967330,1442437,4464092,6,23,11736,0,1080,1920,1067,353,1135,421,4624,0.002,,
967331,1442437,4464092,6,23,11736,1,1080,1920,249,231,367,349,13924,0.007,,
967332,1442437,4464092,6,23,11736,2,1080,1920,1622,287,1720,385,9604,0.005,,
967333,1442437,4464092,6,23,11736,3,1080,1920,625,419,707,501,6724,0.003,,
967334,1442437,4464092,6,23,11760,0,1080,1920,1204,337,1302,435,9604,0.005,,
967335,1442437,4464092,6,23,11760,1,1080,1920,404,231,522,349,13924,0.007,,
967336,1442437,4464092,6,23,11760,2,1080,1920,786,417,884,515,9604,0.005,,
967337,1442437,4464092,6,23,11784,0,1080,1920,1413,347,1511,445,9604,0.005,,
967338,1442437,4464092,6,23,11784,1,1080,1920,544,212,686,353,20022,0.01,,
967339,1442437,4464092,6,23,11784,2,1080,1920,985,417,1083,515,9604,0.005,,
967340,1442437,4464092,6,23,11808,0,1080,1920,444,197,586,339,20164,0.01,,
967341,1442437,4464092,6,23,11808,1,1080,1920,1180,423,1298,540,13806,0.007,,
967342,1442437,4464092,6,23,11832,0,1080,1920,1240,446,1358,564,13924,0.007,,
967343,1442437,4464092,6,23,11880,0,1080,1920,681,258,738,315,3249,0.002,,
967344,1442437,4464092,6,23,11904,0,1080,1920,1001,387,1119,505,13924,0.007,,
967345,1442437,4464092,6,23,12000,0,1080,1920,1017,169,1159,310,20022,0.01,,
967346,1442437,4464092,6,23,12216,0,1080,1920,1180,315,1298,433,13924,0.007,,
967347,1442437,4464092,6,23,12216,1,1080,1920,286,250,456,420,28900,0.014,,
967348,1442437,4464092,6,23,12240,0,1080,1920,329,240,471,382,20164,0.01,,
967349,1442437,4464092,6,23,12240,1,1080,1920,1184,327,1282,425,9604,0.005,,
967350,1442437,4464092,6,23,12240,2,1080,1920,894,411,1012,529,13924,0.007,,
967351,1442437,4464092,6,23,12264,0,1080,1920,441,216,611,385,28730,0.014,,
967352,1442437,4464092,6,23,12264,1,1080,1920,1192,315,1310,433,13924,0.007,,
967353,1442437,4464092,6,23,12288,0,1080,1920,496,182,700,385,41412,0.02,,
967354,1442437,4464092,6,23,12384,0,1080,1920,1032,384,1173,525,19881,0.01,,
967355,1442437,4464092,6,23,12384,1,1080,1920,537,264,741,468,41616,0.02,,
967356,1442437,4464092,6,23,12504,0,1080,1920,1261,283,1403,425,20164,0.01,,
967357,1442437,4464092,6,23,12504,1,1080,1920,492,233,662,403,28900,0.014,,
967358,1442437,4464092,6,23,12504,2,1080,1920,888,398,1030,540,20164,0.01,,
967359,1442437,4464092,6,23,12528,0,1080,1920,1247,255,1388,396,19881,0.01,,
967360,1442437,4464092,6,23,12528,1,1080,1920,894,363,1012,481,13924,0.007,,
967361,1442437,4464092,6,23,12528,2,1080,1920,492,181,662,351,28900,0.014,,
967362,1442437,4464092,6,23,12552,0,1080,1920,1146,140,1288,282,20164,0.01,,
967363,1442437,4464092,6,23,12576,0,1080,1920,1146,130,1316,299,28730,0.014,,
967364,1442437,4464092,6,23,12600,0,1080,1920,1198,130,1367,299,28561,0.014,,
967365,1442437,4464092,6,23,12624,0,1080,1920,1347,269,1489,411,20164,0.01,,
967366,1442437,4464092,6,23,12624,1,1080,1920,954,363,1071,481,13806,0.007,,
967367,1442437,4464092,6,23,12648,0,1080,1920,507,357,605,455,9604,0.005,,
967368,1442437,4464092,6,23,12672,0,1080,1920,428,339,546,457,13924,0.007,,
967369,1442437,4464092,6,23,12696,0,1080,1920,535,327,653,445,13924,0.007,,
967370,1442437,4464092,6,23,12720,0,1080,1920,1240,279,1358,397,13924,0.007,,
967371,1442437,4464092,6,23,12768,0,1080,1920,1064,267,1163,366,9801,0.005,,
967372,1442437,4464092,6,23,12888,0,1080,1920,1054,208,1153,306,9702,0.005,,
967373,1442437,4464092,6,23,12912,0,1080,1920,447,287,545,385,9604,0.005,,
967374,1442437,4464092,6,23,12912,1,1080,1920,1109,172,1227,290,13924,0.007,,
967375,1442437,4464092,6,23,12936,0,1080,1920,1109,231,1227,349,13924,0.007,,
967376,1442437,4464092,6,23,12960,0,1080,1920,1060,226,1202,368,20164,0.01,,
967377,1442437,4464092,6,23,12984,0,1080,1920,768,267,938,437,28900,0.014,,
967378,1442437,4464092,6,23,13008,0,1080,1920,802,302,972,471,28730,0.014,,
967379,1442437,4464092,6,23,13032,0,1080,1920,822,172,940,290,13924,0.007,,
967380,1442437,4464092,6,23,13056,0,1080,1920,834,160,952,278,13924,0.007,,
967381,1442437,4464092,6,23,13080,0,1080,1920,699,336,869,506,28900,0.014,,
967382,1442437,4464092,6,23,13104,0,1080,1920,664,370,834,540,28900,0.014,,
967383,1442437,4464092,6,23,13128,0,1080,1920,888,169,1030,310,20022,0.01,,
967384,1442437,4464092,6,23,13176,0,1080,1920,487,226,629,368,20164,0.01,,
967385,1442437,4464092,6,23,13200,0,1080,1920,1132,283,1274,425,20164,0.01,,
967386,1442437,4464092,6,23,13224,0,1080,1920,1132,212,1274,353,20022,0.01,,
967387,1442437,4464092,6,23,13248,0,1080,1920,1060,255,1202,396,20022,0.01,,
967388,1442437,4464092,6,23,13272,0,1080,1920,1043,250,1213,420,28900,0.014,,
967389,1442437,4464092,6,23,13296,0,1080,1920,1017,269,1159,411,20164,0.01,,
967390,1442437,4464092,6,23,13320,0,1080,1920,707,231,952,475,59780,0.029,,
967391,1442437,4464092,6,23,13344,0,1080,1920,723,182,927,385,41412,0.02,,
967392,1442437,4464092,6,23,13368,0,1080,1920,733,233,903,403,28900,0.014,,
967393,1442437,4464092,6,23,13392,0,1080,1920,785,284,955,454,28900,0.014,,
967394,1442437,4464092,6,23,13416,0,1080,1920,871,250,1041,420,28900,0.014,,
967395,1442437,4464092,6,23,13440,0,1080,1920,854,198,1024,368,28900,0.014,,
967396,1442437,4464092,6,23,13464,0,1080,1920,854,233,1024,403,28900,0.014,,
967397,1442437,4464092,6,23,13560,0,1080,1920,957,319,1127,489,28900,0.014,,
967398,1442437,4464092,6,23,13608,0,1080,1920,870,196,988,314,13924,0.007,,
967399,1442437,4464092,6,23,13632,0,1080,1920,917,212,1059,353,20022,0.01,,
967400,1442437,4464092,6,23,13872,0,1080,1920,831,169,973,310,20022,0.01,,
967401,1442437,4464092,6,23,13920,0,1080,1920,785,161,989,365,41616,0.02,,
967402,1442437,4464092,6,23,13944,0,1080,1920,819,216,989,385,28730,0.014,,
967403,1442437,4464092,6,23,13968,0,1080,1920,785,233,955,403,28900,0.014,,
967404,1442437,4464092,6,23,13992,0,1080,1920,831,269,973,411,20164,0.01,,
967405,1442437,4464092,6,23,14016,0,1080,1920,802,250,972,420,28900,0.014,,
967406,1442437,4464092,6,23,14040,0,1080,1920,806,161,1009,365,41412,0.02,,
967407,1442437,4464092,6,23,14064,0,1080,1920,733,216,903,385,28730,0.014,,
967408,1442437,4464092,6,23,14088,0,1080,1920,699,216,869,385,28730,0.014,,
967409,1442437,4464092,6,23,14112,0,1080,1920,640,140,844,344,41616,0.02,,
967410,1442437,4464092,6,23,14136,0,1080,1920,620,264,824,468,41616,0.02,,
967411,1442437,4464092,6,23,14160,0,1080,1920,847,264,1051,468,41616,0.02,,
967412,1442437,4464092,6,23,14184,0,1080,1920,826,264,1030,468,41616,0.02,,
967413,1442437,4464092,6,23,14208,0,1080,1920,785,223,989,427,41616,0.02,,
967414,1442437,4464092,6,23,14232,0,1080,1920,847,244,1051,447,41412,0.02,,
967415,1442437,4464092,6,23,14256,0,1080,1920,1053,182,1257,385,41412,0.02,,
967416,1442437,4464092,6,23,14304,0,1080,1920,802,216,972,385,28730,0.014,,
967417,1442437,4464092,6,23,14328,0,1080,1920,1008,267,1178,437,28900,0.014,,
967418,1442437,4464092,6,23,14352,0,1080,1920,475,182,679,385,41412,0.02,,
967419,1442437,4464092,6,23,14376,0,1080,1920,1033,244,1236,447,41209,0.02,,
967420,1442437,4464092,6,23,14400,0,1080,1920,1012,264,1216,468,41616,0.02,,
967421,1442437,4464092,6,23,14424,0,1080,1920,971,347,1174,551,41412,0.02,,
967422,1442437,4464092,6,23,14496,0,1080,1920,806,305,1051,550,60025,0.029,,
967423,1442437,4464092,6,23,14520,0,1080,1920,534,156,778,401,59780,0.029,,
967424,1442437,4464092,6,23,14544,0,1080,1920,434,202,638,406,41616,0.02,,
967425,1442437,4464092,6,23,14568,0,1080,1920,1031,255,1324,548,85849,0.041,,
967426,1442437,4464092,6,23,14592,0,1080,1920,852,166,1146,459,86142,0.042,,
967427,1442437,4464092,6,23,14616,0,1080,1920,434,182,638,385,41412,0.02,,
967428,1442437,4464092,6,23,14640,0,1080,1920,410,156,654,401,59780,0.029,,
967429,1442437,4464092,6,23,14664,0,1080,1920,484,156,729,401,60025,0.029,,
967430,1442437,4464092,6,23,14688,0,1080,1920,407,166,700,459,85849,0.041,,
967431,1442437,4464092,6,23,14712,0,1080,1920,633,181,877,426,59780,0.029,,
967432,1442437,4464092,6,23,14736,0,1080,1920,599,161,803,365,41616,0.02,,
967433,1442437,4464092,6,23,14760,0,1080,1920,558,202,762,406,41616,0.02,,
967434,1442437,4464092,6,23,14760,1,1080,1920,1211,172,1563,525,124256,0.06,,
967435,1442437,4464092,6,23,14784,0,1080,1920,905,132,1150,376,59780,0.029,,
967436,1442437,4464092,6,23,14808,0,1080,1920,831,107,1075,351,59536,0.029,,
967437,1442437,4464092,6,23,14832,0,1080,1920,484,156,729,401,60025,0.029,,
967438,1442437,4464092,6,23,14856,0,1080,1920,558,181,803,426,60025,0.029,,
967439,1442437,4464092,6,23,14880,0,1080,1920,608,181,852,426,59780,0.029,,
967440,1442437,4464092,6,23,14904,0,1080,1920,583,206,828,450,59780,0.029,,
967441,1442437,4464092,6,23,14928,0,1080,1920,781,206,1026,450,59780,0.029,,
967442,1442437,4464092,6,23,14952,0,1080,1920,971,182,1174,385,41209,0.02,,
967443,1442437,4464092,6,23,14976,0,1080,1920,756,231,1001,475,59780,0.029,,
967444,1442437,4464092,6,23,15000,0,1080,1920,955,280,1199,525,59780,0.029,,
967445,1442437,4464092,6,23,15024,0,1080,1920,544,198,714,368,28900,0.014,,
967446,1442437,4464092,6,23,15048,0,1080,1920,544,250,714,420,28900,0.014,,
967447,1442437,4464092,6,23,15072,0,1080,1920,1049,196,1167,314,13924,0.007,,
967448,1442437,4464092,6,23,15072,1,1080,1920,416,602,534,720,13924,0.007,,
967449,1442437,4464092,6,23,15096,0,1080,1920,501,584,643,726,20164,0.01,,
967450,1442437,4464092,6,23,15096,1,1080,1920,1046,183,1188,325,20164,0.01,,
967451,1442437,4464092,6,23,15216,0,1080,1920,1074,202,1278,406,41616,0.02,,
967452,1442437,4464092,6,23,15240,0,1080,1920,1053,202,1257,406,41616,0.02,,
967453,1442437,4464092,6,23,15264,0,1080,1920,781,181,1026,426,60025,0.029,,
967454,1442437,4464092,6,23,15288,0,1080,1920,1053,182,1257,385,41412,0.02,,
967455,1442437,4464092,6,23,15312,0,1080,1920,578,182,782,385,41412,0.02,,
967456,1442437,4464092,6,23,15336,0,1080,1920,599,140,803,344,41616,0.02,,
967457,1442437,4464092,6,23,15360,0,1080,1920,496,120,700,324,41616,0.02,,
967458,1442437,4464092,6,23,15384,0,1080,1920,413,120,617,324,41616,0.02,,
967459,1442437,4464092,6,23,15408,0,1080,1920,854,261,1277,683,178506,0.086,,
967460,1442437,4464092,6,23,15432,0,1080,1920,657,181,902,426,60025,0.029,,
967461,1442437,4464092,6,23,15456,0,1080,1920,537,202,741,406,41616,0.02,,
967462,1442437,4464092,6,23,15480,0,1080,1920,1032,244,1384,596,123904,0.06,,
967463,1442437,4464092,6,23,15504,0,1080,1920,534,156,778,401,59780,0.029,,
967464,1442437,4464092,6,23,15528,0,1080,1920,475,202,679,406,41616,0.02,,
967465,1442437,4464092,6,23,15552,0,1080,1920,466,195,760,489,86436,0.042,,
967466,1442437,4464092,6,23,15576,0,1080,1920,558,255,803,500,60025,0.029,,
967467,1442437,4464092,6,23,15600,0,1080,1920,599,223,803,427,41616,0.02,,
967468,1442437,4464092,6,23,15624,0,1080,1920,608,206,852,450,59536,0.029,,
967469,1442437,4464092,6,23,15648,0,1080,1920,997,208,1349,560,123904,0.06,,
967470,1442437,4464092,6,23,15672,0,1080,1920,925,279,1277,632,124256,0.06,,
967471,1442437,4464092,6,23,15696,0,1080,1920,942,285,1235,578,85849,0.041,,
967472,1442437,4464092,6,23,15720,0,1080,1920,781,206,1026,450,59780,0.029,,
967473,1442437,4464092,6,23,15744,0,1080,1920,1012,202,1216,406,41616,0.02,,
967474,1442437,4464092,6,23,15768,0,1080,1920,1077,216,1247,385,28730,0.014,,
967475,1442437,4464092,6,23,15816,0,1080,1920,664,319,834,489,28900,0.014,,
967476,1442437,4464092,6,23,15888,0,1080,1920,661,161,865,365,41616,0.02,,
967477,1442437,4464092,6,23,15912,0,1080,1920,699,233,869,403,28900,0.014,,
967478,1442437,4464092,6,23,15936,0,1080,1920,1136,223,1340,427,41616,0.02,,
967479,1442437,4464092,6,23,15936,1,1080,1920,832,90,900,158,4624,0.002,,
967480,1442437,4464092,6,23,15960,0,1080,1920,558,264,762,468,41616,0.02,,
967481,1442437,4464092,6,23,15984,0,1080,1920,630,164,800,334,28900,0.014,,
967482,1442437,4464092,6,23,16008,0,1080,1920,785,181,955,351,28900,0.014,,
967483,1442437,4464092,6,23,16032,0,1080,1920,836,233,1006,403,28900,0.014,,
967484,1442437,4464092,6,23,16080,0,1080,1920,733,181,903,351,28900,0.014,,
967485,1442437,4464092,6,23,16104,0,1080,1920,806,206,1051,450,59780,0.029,,
967486,1442437,4464092,6,23,16104,1,1080,1920,343,0,425,70,5740,0.003,,
967487,1442437,4464092,6,23,16128,0,1080,1920,756,206,1001,450,59780,0.029,,
967488,1442437,4464092,6,23,16128,1,1080,1920,293,0,375,62,5084,0.002,,
967489,1442437,4464092,6,23,16152,0,1080,1920,852,166,1146,459,86142,0.042,,
967490,1442437,4464092,6,23,16152,1,1080,1920,385,0,467,53,4346,0.002,,
967491,1442437,4464092,6,23,16176,0,1080,1920,852,166,1146,459,86142,0.042,,
967492,1442437,4464092,6,23,16224,0,1080,1920,604,172,956,525,124256,0.06,,
967493,1442437,4464092,6,23,16248,0,1080,1920,711,208,1063,560,123904,0.06,,
967494,1442437,4464092,6,23,16272,0,1080,1920,676,244,1028,596,123904,0.06,,
967495,1442437,4464092,6,23,16296,0,1080,1920,604,244,956,596,123904,0.06,,
967496,1442437,4464092,6,23,16320,0,1080,1920,818,172,1170,525,124256,0.06,,
967497,1442437,4464092,6,23,16344,0,1080,1920,674,166,968,459,86142,0.042,,
967498,1442437,4464092,6,23,16368,0,1080,1920,604,172,956,525,124256,0.06,,
967499,1442437,4464092,6,23,16392,0,1080,1920,657,280,902,525,60025,0.029,,
967500,1442437,4464092,6,23,16488,0,1080,1920,1136,78,1340,282,41616,0.02,,
967501,1442437,4464092,6,23,16584,0,1080,1920,1012,78,1216,282,41616,0.02,,
967502,1442437,4464092,6,23,16608,0,1080,1920,1085,184,1203,302,13924,0.007,,
967503,1442437,4464092,6,23,16632,0,1080,1920,744,347,947,551,41412,0.02,,
967504,1442437,4464092,6,23,16680,0,1080,1920,1194,118,1292,216,9604,0.005,,
967505,1442437,4464092,6,23,16704,0,1080,1920,1163,164,1333,334,28900,0.014,,
967506,1442437,4464092,6,23,16728,0,1080,1920,716,284,886,454,28900,0.014,,
967507,1442437,4464092,6,23,16752,0,1080,1920,1194,158,1292,256,9604,0.005,,
967508,1442437,4464092,6,23,16776,0,1080,1920,647,250,817,420,28900,0.014,,
967509,1442437,4464092,6,23,16800,0,1080,1920,578,267,748,437,28900,0.014,,
967510,1442437,4464092,6,23,16824,0,1080,1920,1077,181,1247,351,28900,0.014,,
967511,1442437,4464092,6,23,16848,0,1080,1920,1074,161,1278,365,41616,0.02,,
967512,1442437,4464092,6,23,16872,0,1080,1920,640,285,844,489,41616,0.02,,
967513,1442437,4464092,6,23,16896,0,1080,1920,1074,244,1278,447,41412,0.02,,
967514,1442437,4464092,6,23,16920,0,1080,1920,1077,198,1247,368,28900,0.014,,
967515,1442437,4464092,6,23,16944,0,1080,1920,1043,181,1213,351,28900,0.014,,
967516,1442437,4464092,6,23,16968,0,1080,1920,1033,99,1236,303,41412,0.02,,
967517,1442437,4464092,6,23,16992,0,1080,1920,957,198,1127,368,28900,0.014,,
967518,1442437,4464092,6,23,17016,0,1080,1920,599,264,803,468,41616,0.02,,
967519,1442437,4464092,6,23,17040,0,1080,1920,599,244,803,447,41412,0.02,,
967520,1442437,4464092,6,23,17064,0,1080,1920,903,412,1044,554,20022,0.01,,
967521,1442437,4464092,6,23,17064,1,1080,1920,1053,491,1257,695,41616,0.02,,
967522,1442437,4464092,6,23,17112,0,1080,1920,1156,140,1360,344,41616,0.02,,
967523,1442437,4464092,6,23,17136,0,1080,1920,1136,182,1340,385,41412,0.02,,
967524,1442437,4464092,6,23,17160,0,1080,1920,544,312,686,454,20164,0.01,,
967525,1442437,4464092,6,23,17184,0,1080,1920,578,216,748,385,28730,0.014,,
967526,1442437,4464092,6,23,17208,0,1080,1920,640,161,844,365,41616,0.02,,
967527,1442437,4464092,6,23,17232,0,1080,1920,1053,140,1257,344,41616,0.02,,
967528,1442437,4464092,6,23,17256,0,1080,1920,1004,156,1249,401,60025,0.029,,
967529,1442437,4464092,6,23,17280,0,1080,1920,991,223,1195,427,41616,0.02,,
967530,1442437,4464092,6,23,17304,0,1080,1920,558,156,803,401,60025,0.029,,
967531,1442437,4464092,6,23,17328,0,1080,1920,583,107,828,351,59780,0.029,,
967532,1442437,4464092,6,23,17352,0,1080,1920,991,120,1195,324,41616,0.02,,
967533,1442437,4464092,6,23,17376,0,1080,1920,909,223,1113,427,41616,0.02,,
967534,1442437,4464092,6,23,17400,0,1080,1920,929,306,1133,509,41412,0.02,,
967535,1442437,4464092,6,23,17424,0,1080,1920,905,181,1150,426,60025,0.029,,
967536,1442437,4464092,6,23,17448,0,1080,1920,558,161,762,365,41616,0.02,,
967537,1442437,4464092,6,23,17472,0,1080,1920,578,140,782,344,41616,0.02,,
967538,1442437,4464092,6,23,17496,0,1080,1920,950,202,1154,406,41616,0.02,,
967539,1442437,4464092,6,23,17592,0,1080,1920,950,0,1154,200,40800,0.02,,
967540,1442437,4464092,6,23,17616,0,1080,1920,1008,216,1178,385,28730,0.014,,
967541,1442437,4464092,6,23,17640,0,1080,1920,950,306,1154,509,41412,0.02,,
967542,1442437,4464092,6,23,17664,0,1080,1920,793,106,1087,400,86436,0.042,,
967543,1442437,4464092,6,23,17688,0,1080,1920,764,223,968,427,41616,0.02,,
967544,1442437,4464092,6,23,17712,0,1080,1920,558,244,762,447,41412,0.02,,
967545,1442437,4464092,6,23,17736,0,1080,1920,661,140,865,344,41616,0.02,,
967546,1442437,4464092,6,23,17760,0,1080,1920,1031,225,1324,519,86142,0.042,,
967547,1442437,4464092,6,23,17784,0,1080,1920,558,182,762,385,41412,0.02,,
967548,1442437,4464092,6,23,17808,0,1080,1920,509,156,753,401,59780,0.029,,
967549,1442437,4464092,6,23,17832,0,1080,1920,534,181,778,426,59780,0.029,,
967550,1442437,4464092,6,23,17856,0,1080,1920,1178,156,1422,401,59780,0.029,,
967551,1442437,4464092,6,23,17880,0,1080,1920,1146,233,1316,403,28900,0.014,,
967552,1442437,4464092,6,23,17904,0,1080,1920,1115,202,1319,406,41616,0.02,,
967553,1442437,4464092,6,23,17928,0,1080,1920,534,132,778,376,59536,0.029,,
967554,1442437,4464092,6,23,17952,0,1080,1920,1012,140,1216,344,41616,0.02,,
967555,1442437,4464092,6,23,17976,0,1080,1920,1060,112,1230,282,28900,0.014,,
967556,1442437,4464092,6,23,18000,0,1080,1920,1094,140,1298,344,41616,0.02,,
967557,1442437,4464092,6,23,18024,0,1080,1920,599,140,803,344,41616,0.02,,
967558,1442437,4464092,6,23,18048,0,1080,1920,1103,379,1348,624,60025,0.029,,
967559,1442437,4464092,6,23,18072,0,1080,1920,750,78,920,248,28900,0.014,,
967560,1442437,4464092,6,23,18096,0,1080,1920,871,198,1041,368,28900,0.014,,
967561,1442437,4464092,6,23,18120,0,1080,1920,1404,68,1546,210,20164,0.01,,
967562,1442437,4464092,6,23,18144,0,1080,1920,608,181,852,426,59780,0.029,,
967563,1442437,4464092,6,23,18168,0,1080,1920,1060,164,1230,334,28900,0.014,,
967564,1442437,4464092,6,23,18192,0,1080,1920,1029,107,1273,351,59536,0.029,,
967565,1442437,4464092,6,23,18216,0,1080,1920,1433,168,1531,266,9604,0.005,,
967566,1442437,4464092,6,23,18240,0,1080,1920,744,161,947,365,41412,0.02,,
967567,1442437,4464092,6,23,18264,0,1080,1920,1333,168,1431,266,9604,0.005,,
967568,1442437,4464092,6,23,18288,0,1080,1920,699,250,869,420,28900,0.014,,
967569,1442437,4464092,6,23,18312,0,1080,1920,633,305,877,550,59780,0.029,,
967570,1442437,4464092,6,23,18336,0,1080,1920,1339,104,1420,186,6642,0.003,,
967571,1442437,4464092,6,23,18360,0,1080,1920,1323,88,1421,186,9604,0.005,,
967572,1442437,4464092,6,23,18384,0,1080,1920,1312,64,1430,182,13924,0.007,,
967573,1442437,4464092,6,23,18408,0,1080,1920,1094,140,1298,344,41616,0.02,,
967574,1442437,4464092,6,23,18432,0,1080,1920,707,255,952,500,60025,0.029,,
967575,1442437,4464092,6,23,18456,0,1080,1920,1300,172,1418,290,13924,0.007,,
967576,1442437,4464092,6,23,18480,0,1080,1920,558,255,803,500,60025,0.029,,
967577,1442437,4464092,6,23,18504,0,1080,1920,1115,161,1319,365,41616,0.02,,
967578,1442437,4464092,6,23,18528,0,1080,1920,942,195,1235,489,86142,0.042,,
967579,1442437,4464092,6,23,18552,0,1080,1920,912,225,1205,519,86142,0.042,,
967580,1442437,4464092,6,23,18576,0,1080,1920,882,195,1176,489,86436,0.042,,
967581,1442437,4464092,6,23,18600,0,1080,1920,657,206,902,450,59780,0.029,,
967582,1442437,4464092,6,23,18624,0,1080,1920,615,195,908,489,86142,0.042,,
967583,1442437,4464092,6,23,18648,0,1080,1920,533,172,885,525,124256,0.06,,
967584,1442437,4464092,6,23,18672,0,1080,1920,1103,107,1348,351,59780,0.029,,
967585,1442437,4464092,6,23,18696,0,1080,1920,1078,82,1323,327,60025,0.029,,
967586,1442437,4464092,6,23,18720,0,1080,1920,1094,181,1264,351,28900,0.014,,
967587,1442437,4464092,6,23,18768,0,1080,1920,763,195,1057,489,86436,0.042,,
967588,1442437,4464092,6,23,18792,0,1080,1920,732,280,976,525,59780,0.029,,
967589,1442437,4464092,6,23,18816,0,1080,1920,979,255,1224,500,60025,0.029,,
967590,1442437,4464092,6,23,18840,0,1080,1920,707,305,952,550,60025,0.029,,
967591,1442437,4464092,6,23,18864,0,1080,1920,640,172,992,525,124256,0.06,,
967592,1442437,4464092,6,23,18888,0,1080,1920,704,195,997,489,86142,0.042,,
967593,1442437,4464092,6,23,18912,0,1080,1920,704,195,997,489,86142,0.042,,
967594,1442437,4464092,6,23,18936,0,1080,1920,734,225,1027,519,86142,0.042,,
967595,1442437,4464092,6,23,18960,0,1080,1920,756,255,1001,500,60025,0.029,,
967596,1442437,4464092,6,23,18984,0,1080,1920,644,225,938,519,86436,0.042,,
967597,1442437,4464092,6,23,19008,0,1080,1920,704,225,997,519,86142,0.042,,
967598,1442437,4464092,6,23,19032,0,1080,1920,704,166,997,459,85849,0.041,,
967599,1442437,4464092,6,23,19056,0,1080,1920,979,280,1224,525,60025,0.029,,
967600,1442437,4464092,6,23,19080,0,1080,1920,930,280,1174,525,59780,0.029,,
967601,1442437,4464092,6,23,19080,1,1080,1920,854,175,1277,598,178929,0.086,,
967602,1442437,4464092,6,23,19104,0,1080,1920,704,225,997,519,86142,0.042,,
967603,1442437,4464092,6,23,19128,0,1080,1920,734,255,1027,548,85849,0.041,,
967604,1442437,4464092,6,23,19152,0,1080,1920,1001,225,1295,519,86436,0.042,,
967605,1442437,4464092,6,23,19200,0,1080,1920,1017,97,1159,239,20164,0.01,,
967606,1442437,4464092,6,23,19224,0,1080,1920,1097,172,1215,290,13924,0.007,,
967607,1442437,4464092,6,23,19248,0,1080,1920,1085,184,1203,302,13924,0.007,,
967608,1442437,4464092,6,23,19272,0,1080,1920,1046,126,1188,267,20022,0.01,,
967609,1442437,4464092,6,23,19296,0,1080,1920,704,195,997,489,86142,0.042,,
967610,1442437,4464092,6,23,19320,0,1080,1920,781,330,1026,574,59780,0.029,,
967611,1442437,4464092,6,23,19392,0,1080,1920,882,106,1176,400,86436,0.042,,
967612,1442437,4464092,6,23,19416,0,1080,1920,930,132,1174,376,59536,0.029,,
967613,1442437,4464092,6,23,19440,0,1080,1920,781,156,1026,401,60025,0.029,,
967614,1442437,4464092,6,23,19464,0,1080,1920,831,132,1075,376,59536,0.029,,
967615,1442437,4464092,6,23,19512,0,1080,1920,785,285,989,489,41616,0.02,,
967616,1442437,4464092,6,23,19536,0,1080,1920,802,284,972,454,28900,0.014,,
967617,1442437,4464092,6,23,19560,0,1080,1920,716,298,858,439,20022,0.01,,
967618,1442437,4464092,6,23,19632,0,1080,1920,661,306,865,509,41412,0.02,,
967619,1442437,4464092,6,23,19800,0,1080,1920,723,264,927,468,41616,0.02,,
967620,1442437,4464092,6,23,19824,0,1080,1920,826,409,1030,613,41616,0.02,,
967621,1442437,4464092,6,23,19848,0,1080,1920,781,255,1026,500,60025,0.029,,
967622,1442437,4464092,6,23,19872,0,1080,1920,831,280,1075,525,59780,0.029,,
967623,1442437,4464092,6,23,19896,0,1080,1920,702,223,906,427,41616,0.02,,
967624,1442437,4464092,6,23,19920,0,1080,1920,723,223,927,427,41616,0.02,,
967625,1442437,4464092,6,23,20088,0,1080,1920,732,231,976,475,59536,0.029,,
967626,1442437,4464092,6,23,20112,0,1080,1920,756,255,1001,500,60025,0.029,,
967627,1442437,4464092,6,23,20232,0,1080,1920,1177,244,1381,447,41412,0.02,,
967628,1442437,4464092,6,23,20280,0,1080,1920,1046,240,1188,382,20164,0.01,,
967629,1442437,4464092,6,23,20304,0,1080,1920,1026,267,1195,437,28730,0.014,,
967630,1442437,4464092,6,23,20328,0,1080,1920,1136,306,1340,509,41412,0.02,,
967631,1442437,4464092,6,23,20352,0,1080,1920,974,240,1116,382,20164,0.01,,
967632,1442437,4464092,6,23,20376,0,1080,1920,974,240,1116,382,20164,0.01,,
967633,1442437,4464092,6,23,20400,0,1080,1920,974,216,1144,385,28730,0.014,,
967634,1442437,4464092,6,23,20424,0,1080,1920,991,216,1161,385,28730,0.014,,
967635,1442437,4464092,6,23,20448,0,1080,1920,971,182,1174,385,41209,0.02,,
967636,1442437,4464092,6,23,20472,0,1080,1920,929,202,1133,406,41616,0.02,,
967637,1442437,4464092,6,23,20496,0,1080,1920,682,305,927,550,60025,0.029,,
967638,1442437,4464092,6,23,20520,0,1080,1920,785,285,989,489,41616,0.02,,
967639,1442437,4464092,6,23,20544,0,1080,1920,806,255,1051,500,60025,0.029,,
967640,1442437,4464092,6,23,20568,0,1080,1920,620,285,824,489,41616,0.02,,
967641,1442437,4464092,6,23,20592,0,1080,1920,657,255,902,500,60025,0.029,,
967642,1442437,4464092,6,23,20616,0,1080,1920,785,264,989,468,41616,0.02,,
967643,1442437,4464092,6,23,20640,0,1080,1920,991,223,1195,427,41616,0.02,,
967644,1442437,4464092,6,23,20664,0,1080,1920,930,330,1174,574,59536,0.029,,
967645,1442437,4464092,6,23,20688,0,1080,1920,856,255,1100,500,59780,0.029,,
967646,1442437,4464092,6,23,20736,0,1080,1920,509,57,753,302,59780,0.029,,
967647,1442437,4464092,6,23,20760,0,1080,1920,806,132,1051,376,59780,0.029,,
967648,1442437,4464092,6,23,20784,0,1080,1920,1078,206,1323,450,59780,0.029,,
967649,1442437,4464092,6,23,20808,0,1080,1920,1178,280,1422,525,59780,0.029,,
967650,1442437,4464092,6,23,20832,0,1080,1920,1263,317,1362,415,9702,0.005,,
967651,1442437,4464092,6,23,20856,0,1080,1920,1273,237,1372,336,9801,0.005,,
967652,1442437,4464092,6,23,20880,0,1080,1920,1293,227,1391,326,9702,0.005,,
967653,1442437,4464092,6,23,20904,0,1080,1920,682,231,927,475,59780,0.029,,
967654,1442437,4464092,6,23,20928,0,1080,1920,657,330,902,574,59780,0.029,,
967655,1442437,4464092,6,23,20952,0,1080,1920,608,305,852,550,59780,0.029,,
967656,1442437,4464092,6,23,20976,0,1080,1920,1252,196,1370,314,13924,0.007,,
967657,1442437,4464092,6,23,21000,0,1080,1920,1264,231,1382,349,13924,0.007,,
967658,1442437,4464092,6,23,21024,0,1080,1920,633,305,877,550,59780,0.029,,
967659,1442437,4464092,6,23,21048,0,1080,1920,555,255,849,548,86142,0.042,,
967660,1442437,4464092,6,23,21072,0,1080,1920,979,181,1224,426,60025,0.029,,
967661,1442437,4464092,6,23,21096,0,1080,1920,1012,306,1216,509,41412,0.02,,
967662,1442437,4464092,6,23,21120,0,1080,1920,1033,244,1236,447,41209,0.02,,
967663,1442437,4464092,6,23,21144,0,1080,1920,831,255,1075,500,59780,0.029,,
967664,1442437,4464092,6,23,21168,0,1080,1920,882,285,1176,578,86142,0.042,,
967665,1442437,4464092,6,23,21192,0,1080,1920,831,181,1075,426,59780,0.029,,
967666,1442437,4464092,6,23,21216,0,1080,1920,912,195,1205,489,86142,0.042,,
967667,1442437,4464092,6,23,21240,0,1080,1920,1053,202,1257,406,41616,0.02,,
967668,1442437,4464092,6,23,21264,0,1080,1920,1033,223,1236,427,41412,0.02,,
967669,1442437,4464092,6,23,21312,0,1080,1920,756,132,824,200,4624,0.002,,
967670,1442437,4464092,6,23,21360,0,1080,1920,630,527,772,669,20164,0.01,,
967671,1442437,4464092,6,23,21384,0,1080,1920,808,162,890,244,6724,0.003,,
967672,1442437,4464092,6,23,21408,0,1080,1920,903,269,1044,411,20022,0.01,,
967673,1442437,4464092,6,23,21432,0,1080,1920,845,613,987,755,20164,0.01,,
967674,1442437,4464092,6,23,21600,0,1080,1920,674,344,968,637,86142,0.042,,
967675,1442437,4464092,6,23,21624,0,1080,1920,1001,433,1295,727,86436,0.042,,
967676,1442437,4464092,6,23,21648,0,1080,1920,1115,120,1319,324,41616,0.02,,
967677,1442437,4464092,6,23,21672,0,1080,1920,1115,202,1319,406,41616,0.02,,
967678,1442437,4464092,6,23,21696,0,1080,1920,756,231,1001,475,59780,0.029,,
967679,1442437,4464092,6,23,21720,0,1080,1920,1004,206,1249,450,59780,0.029,,
967680,1442437,4464092,6,23,21744,0,1080,1920,1078,255,1323,500,60025,0.029,,
967681,1442437,4464092,6,23,21768,0,1080,1920,991,285,1195,489,41616,0.02,,
967682,1442437,4464092,6,23,21792,0,1080,1920,1004,280,1249,525,60025,0.029,,
967683,1442437,4464092,6,23,21816,0,1080,1920,1078,231,1323,475,59780,0.029,,
967684,1442437,4464092,6,23,21840,0,1080,1920,930,280,1174,525,59780,0.029,,
967685,1442437,4464092,6,23,21864,0,1080,1920,979,181,1224,426,60025,0.029,,
967686,1442437,4464092,6,23,21888,0,1080,1920,1074,264,1278,468,41616,0.02,,
967687,1442437,4464092,6,23,21912,0,1080,1920,1074,244,1278,447,41412,0.02,,
967688,1442437,4464092,6,23,21936,0,1080,1920,1004,330,1249,574,59780,0.029,,
967689,1442437,4464092,6,23,21960,0,1080,1920,831,330,1075,574,59536,0.029,,
967690,1442437,4464092,6,23,22008,0,1080,1920,626,208,725,306,9702,0.005,,
967691,1442437,4464092,6,23,22032,0,1080,1920,1178,330,1422,574,59536,0.029,,
967692,1442437,4464092,6,23,22080,0,1080,1920,831,206,1075,450,59536,0.029,,
967693,1442437,4464092,6,23,22104,0,1080,1920,1029,156,1273,401,59780,0.029,,
967694,1442437,4464092,6,23,22128,0,1080,1920,955,355,1199,599,59536,0.029,,
967695,1442437,4464092,6,23,22152,0,1080,1920,806,285,1009,489,41412,0.02,,
967696,1442437,4464092,6,23,22176,0,1080,1920,1269,314,1562,608,86142,0.042,,
967697,1442437,4464092,6,23,22200,0,1080,1920,852,195,1146,489,86436,0.042,,
967698,1442437,4464092,6,23,22224,0,1080,1920,856,255,1100,500,59780,0.029,,
967699,1442437,4464092,6,23,22248,0,1080,1920,704,403,997,697,86142,0.042,,
967700,1442437,4464092,6,23,22320,0,1080,1920,11,611,181,781,28900,0.014,,
967701,1442437,4464092,6,23,22344,0,1080,1920,516,498,657,640,20022,0.01,,
967702,1442437,4464092,6,23,22392,0,1080,1920,682,156,927,401,60025,0.029,,
967703,1442437,4464092,6,23,22416,0,1080,1920,1033,264,1236,468,41412,0.02,,
967704,1442437,4464092,6,23,22440,0,1080,1920,1033,264,1236,468,41412,0.02,,
967705,1442437,4464092,6,23,22464,0,1080,1920,682,206,927,450,59780,0.029,,
967706,1442437,4464092,6,23,22464,1,1080,1920,1252,280,1496,525,59780,0.029,,
967707,1442437,4464092,6,23,22488,0,1080,1920,633,231,877,475,59536,0.029,,
967708,1442437,4464092,6,23,22488,1,1080,1920,1227,280,1472,525,60025,0.029,,
967709,1442437,4464092,6,23,22512,0,1080,1920,459,206,704,450,59780,0.029,,
967710,1442437,4464092,6,23,22512,1,1080,1920,1227,280,1472,525,60025,0.029,,
967711,1442437,4464092,6,23,22536,0,1080,1920,1252,156,1496,401,59780,0.029,,
967712,1442437,4464092,6,23,22536,1,1080,1920,608,330,852,574,59536,0.029,,
967713,1442437,4464092,6,23,22560,0,1080,1920,1053,264,1257,468,41616,0.02,,
967714,1442437,4464092,6,23,22560,1,1080,1920,657,330,902,574,59780,0.029,,
967715,1442437,4464092,6,23,22584,0,1080,1920,1136,264,1340,468,41616,0.02,,
967716,1442437,4464092,6,23,22608,0,1080,1920,1115,264,1319,468,41616,0.02,,
967717,1442437,4464092,6,23,22632,0,1080,1920,1001,195,1295,489,86436,0.042,,
967718,1442437,4464092,6,23,22656,0,1080,1920,1029,255,1273,500,59780,0.029,,
967719,1442437,4464092,6,23,22680,0,1080,1920,1054,255,1298,500,59780,0.029,,
967720,1442437,4464092,6,23,22704,0,1080,1920,1029,255,1273,500,59780,0.029,,
967721,1442437,4464092,6,23,22704,1,1080,1920,608,305,852,550,59780,0.029,,
967722,1442437,4464092,6,23,22728,0,1080,1920,1031,195,1324,489,86142,0.042,,
967723,1442437,4464092,6,23,22728,1,1080,1920,585,255,878,548,85849,0.041,,
967724,1442437,4464092,6,23,22752,0,1080,1920,1029,181,1273,426,59780,0.029,,
967725,1442437,4464092,6,23,22776,0,1080,1920,1029,206,1273,450,59536,0.029,,
967726,1442437,4464092,6,23,22800,0,1080,1920,1029,255,1273,500,59780,0.029,,
967727,1442437,4464092,6,23,22824,0,1080,1920,1094,264,1298,468,41616,0.02,,
967728,1442437,4464092,6,23,22848,0,1080,1920,1001,195,1295,489,86436,0.042,,
967729,1442437,4464092,6,23,22872,0,1080,1920,1078,231,1323,475,59780,0.029,,
967730,1442437,4464092,6,23,22896,0,1080,1920,1031,195,1324,489,86142,0.042,,
967731,1442437,4464092,6,23,22920,0,1080,1920,1001,225,1295,519,86436,0.042,,
967732,1442437,4464092,6,23,22944,0,1080,1920,1031,195,1324,489,86142,0.042,,
967733,1442437,4464092,6,23,22968,0,1080,1920,1146,250,1316,420,28900,0.014,,
967734,1442437,4464092,6,23,22968,1,1080,1920,544,267,714,437,28900,0.014,,
967735,1442437,4464092,6,23,22992,0,1080,1920,1043,284,1213,454,28900,0.014,,
967736,1442437,4464092,6,23,23016,0,1080,1920,702,285,906,489,41616,0.02,,
967737,1442437,4464092,6,23,23016,1,1080,1920,950,285,1154,489,41616,0.02,,
967738,1442437,4464092,6,23,23064,0,1080,1920,509,179,591,261,6724,0.003,,
967739,1442437,4464092,6,23,23088,0,1080,1920,640,182,844,385,41412,0.02,,
967740,1442437,4464092,6,23,23112,0,1080,1920,823,285,1116,578,85849,0.041,,
967741,1442437,4464092,6,23,23136,0,1080,1920,823,285,1116,578,85849,0.041,,
967742,1442437,4464092,6,23,23160,0,1080,1920,487,197,629,339,20164,0.01,,
967743,1442437,4464092,6,23,23184,0,1080,1920,762,184,880,302,13924,0.007,,
967744,1442437,4464092,6,23,23208,0,1080,1920,1054,255,1298,500,59780,0.029,,
967745,1442437,4464092,6,23,23208,1,1080,1920,728,21,796,89,4624,0.002,,
967746,1442437,4464092,6,23,23232,0,1080,1920,1128,255,1373,500,60025,0.029,,
967747,1442437,4464092,6,23,23232,1,1080,1920,770,35,838,103,4624,0.002,,
967748,1442437,4464092,6,23,23256,0,1080,1920,647,267,817,437,28900,0.014,,
967749,1442437,4464092,6,23,23280,0,1080,1920,688,226,829,368,20022,0.01,,
967750,1442437,4464092,6,23,23304,0,1080,1920,826,182,1030,385,41412,0.02,,
967751,1442437,4464092,6,23,23328,0,1080,1920,814,96,871,153,3249,0.002,,
967752,1442437,4464092,6,23,23328,1,1080,1920,971,223,1174,427,41412,0.02,,
967753,1442437,4464092,6,23,23352,0,1080,1920,762,96,819,153,3249,0.002,,
967754,1442437,4464092,6,23,23352,1,1080,1920,1198,182,1401,385,41209,0.02,,
967755,1442437,4464092,6,23,23376,0,1080,1920,1301,198,1471,368,28900,0.014,,
967756,1442437,4464092,6,23,23376,1,1080,1920,1004,115,1052,162,2256,0.001,,
967757,1442437,4464092,6,23,23400,0,1080,1920,1057,62,1104,110,2256,0.001,,
967758,1442437,4464092,6,23,23400,1,1080,1920,1335,216,1505,385,28730,0.014,,
967759,1442437,4464092,6,23,23424,0,1080,1920,1390,169,1532,310,20022,0.01,,
967760,1442437,4464092,6,23,23424,1,1080,1920,1062,43,1109,90,2209,0.001,,
967761,1442437,4464092,6,23,23448,0,1080,1920,608,231,852,475,59536,0.029,,
967762,1442437,4464092,6,23,23448,1,1080,1920,1761,874,1859,973,9702,0.005,,
967763,1442437,4464092,6,23,23472,0,1080,1920,1318,169,1460,310,20022,0.01,,
967764,1442437,4464092,6,23,23472,1,1080,1920,980,38,1028,86,2304,0.001,,
967765,1442437,4464092,6,23,23496,0,1080,1920,966,28,1013,76,2256,0.001,,
967766,1442437,4464092,6,23,23496,1,1080,1920,1301,164,1471,334,28900,0.014,,
967767,1442437,4464092,6,23,23520,0,1080,1920,1284,147,1453,317,28730,0.014,,
967768,1442437,4464092,6,23,23520,1,1080,1920,966,24,1013,71,2209,0.001,,
967769,1442437,4464092,6,23,23544,0,1080,1920,966,24,1013,71,2209,0.001,,
967770,1442437,4464092,6,23,23544,1,1080,1920,1284,181,1453,351,28730,0.014,,
967771,1442437,4464092,6,23,23568,0,1080,1920,966,48,1013,95,2209,0.001,,
967772,1442437,4464092,6,23,23568,1,1080,1920,1163,181,1333,351,28900,0.014,,
967773,1442437,4464092,6,23,23592,0,1080,1920,1177,223,1381,427,41616,0.02,,
967774,1442437,4464092,6,23,23592,1,1080,1920,1019,38,1066,86,2256,0.001,,
967775,1442437,4464092,6,23,23616,0,1080,1920,1014,33,1061,81,2256,0.001,,
967776,1442437,4464092,6,23,23616,1,1080,1920,1177,202,1381,406,41616,0.02,,
967777,1442437,4464092,6,23,23640,0,1080,1920,704,166,997,459,85849,0.041,,
967778,1442437,4464092,6,23,23664,0,1080,1920,704,136,997,429,85849,0.041,,
967779,1442437,4464092,6,23,23688,0,1080,1920,702,244,906,447,41412,0.02,,
967780,1442437,4464092,6,23,23712,0,1080,1920,971,53,1018,100,2209,0.001,,
967781,1442437,4464092,6,23,23712,1,1080,1920,1198,182,1401,385,41209,0.02,,
967782,1442437,4464092,6,23,23736,0,1080,1920,1115,202,1319,406,41616,0.02,,
967783,1442437,4464092,6,23,23736,1,1080,1920,966,38,1013,86,2256,0.001,,
967784,1442437,4464092,6,23,23760,0,1080,1920,1053,202,1257,406,41616,0.02,,
967785,1442437,4464092,6,23,23760,1,1080,1920,843,56,899,113,3192,0.002,,
967786,1442437,4464092,6,23,23784,0,1080,1920,856,255,1100,500,59780,0.029,,
967787,1442437,4464092,6,23,23784,1,1080,1920,680,0,748,68,4624,0.002,,
967788,1442437,4464092,6,23,23808,0,1080,1920,979,181,1224,426,60025,0.029,,
967789,1442437,4464092,6,23,23832,0,1080,1920,971,225,1265,519,86436,0.042,,
967790,1442437,4464092,6,23,23856,0,1080,1920,852,225,1146,519,86436,0.042,,
967791,1442437,4464092,6,23,23880,0,1080,1920,704,195,997,489,86142,0.042,,
967792,1442437,4464092,6,23,23904,0,1080,1920,707,206,952,450,59780,0.029,,
967793,1442437,4464092,6,23,23928,0,1080,1920,732,206,976,450,59536,0.029,,
967794,1442437,4464092,6,23,23952,0,1080,1920,1061,255,1354,548,85849,0.041,,
967795,1442437,4464092,6,23,23976,0,1080,1920,1061,195,1354,489,86142,0.042,,
967796,1442437,4464092,6,23,23976,1,1080,1920,956,0,1024,48,3264,0.002,,
967797,1442437,4464092,6,23,24000,0,1080,1920,1120,136,1413,429,85849,0.041,,
967798,1442437,4464092,6,23,24024,0,1080,1920,1078,181,1323,426,60025,0.029,,
967799,1442437,4464092,6,23,24048,0,1080,1920,1153,132,1397,376,59536,0.029,,
967800,1442437,4464092,6,23,24048,1,1080,1920,567,0,649,53,4346,0.002,,
967801,1442437,4464092,6,23,24072,0,1080,1920,856,305,1100,550,59780,0.029,,
967802,1442437,4464092,6,23,24096,0,1080,1920,732,280,976,525,59780,0.029,,
967803,1442437,4464092,6,23,24120,0,1080,1920,732,181,976,426,59780,0.029,,
967804,1442437,4464092,6,23,24144,0,1080,1920,732,280,976,525,59780,0.029,,
967805,1442437,4464092,6,23,24168,0,1080,1920,1115,140,1319,344,41616,0.02,,
967806,1442437,4464092,6,23,24192,0,1080,1920,1074,161,1278,365,41616,0.02,,
967807,1442437,4464092,6,23,24216,0,1080,1920,608,107,852,351,59536,0.029,,
967808,1442437,4464092,6,23,24240,0,1080,1920,732,231,976,475,59536,0.029,,
967809,1442437,4464092,6,23,24264,0,1080,1920,734,255,1027,548,85849,0.041,,
967810,1442437,4464092,6,23,24288,0,1080,1920,657,206,902,450,59780,0.029,,
967811,1442437,4464092,6,23,24312,0,1080,1920,657,280,902,525,60025,0.029,,
967812,1442437,4464092,6,23,24336,0,1080,1920,657,305,902,550,60025,0.029,,
967813,1442437,4464092,6,23,24360,0,1080,1920,633,355,877,599,59536,0.029,,
967814,1442437,4464092,6,23,24384,0,1080,1920,732,231,976,475,59536,0.029,,
967815,1442437,4464092,6,23,24408,0,1080,1920,1012,202,1216,406,41616,0.02,,
967816,1442437,4464092,6,23,24432,0,1080,1920,707,255,952,500,60025,0.029,,
967817,1442437,4464092,6,23,24456,0,1080,1920,604,208,956,560,123904,0.06,,
967818,1442437,4464092,6,23,24480,0,1080,1920,644,255,938,548,86142,0.042,,
967819,1442437,4464092,6,23,24504,0,1080,1920,1054,181,1298,426,59780,0.029,,
967820,1442437,4464092,6,23,24528,0,1080,1920,661,264,865,468,41616,0.02,,
967821,1442437,4464092,6,23,24552,0,1080,1920,682,306,885,509,41209,0.02,,
967822,1442437,4464092,6,23,24576,0,1080,1920,880,181,1125,426,60025,0.029,,
967823,1442437,4464092,6,23,24600,0,1080,1920,1177,182,1381,385,41412,0.02,,
967824,1442437,4464092,6,23,24624,0,1080,1920,1177,182,1381,385,41412,0.02,,
967825,1442437,4464092,6,23,24648,0,1080,1920,1094,223,1298,427,41616,0.02,,
967826,1442437,4464092,6,23,24672,0,1080,1920,1156,202,1360,406,41616,0.02,,
967827,1442437,4464092,6,23,24696,0,1080,1920,1128,206,1373,450,59780,0.029,,
967828,1442437,4464092,6,23,24720,0,1080,1920,1156,182,1360,385,41412,0.02,,
967829,1442437,4464092,6,23,24744,0,1080,1920,1128,206,1373,450,59780,0.029,,
967830,1442437,4464092,6,23,24768,0,1080,1920,1103,255,1348,500,60025,0.029,,
967831,1442437,4464092,6,23,24792,0,1080,1920,1128,156,1373,401,60025,0.029,,
967832,1442437,4464092,6,23,24816,0,1080,1920,1128,206,1373,450,59780,0.029,,
967833,1442437,4464092,6,23,24840,0,1080,1920,1103,181,1348,426,60025,0.029,,
967834,1442437,4464092,6,23,24864,0,1080,1920,1078,206,1323,450,59780,0.029,,
967835,1442437,4464092,6,23,24888,0,1080,1920,633,305,877,550,59780,0.029,,
967836,1442437,4464092,6,23,24912,0,1080,1920,644,255,938,548,86142,0.042,,
967837,1442437,4464092,6,23,24936,0,1080,1920,1054,206,1298,450,59536,0.029,,
967838,1442437,4464092,6,23,24960,0,1080,1920,1115,182,1319,385,41412,0.02,,
967839,1442437,4464092,6,23,24984,0,1080,1920,930,280,1174,525,59780,0.029,,
967840,1442437,4464092,6,23,25008,0,1080,1920,785,120,989,324,41616,0.02,,
967841,1442437,4464092,6,23,25032,0,1080,1920,756,107,1001,351,59780,0.029,,
967842,1442437,4464092,6,23,25056,0,1080,1920,785,120,989,324,41616,0.02,,
967843,1442437,4464092,6,23,25080,0,1080,1920,756,107,1001,351,59780,0.029,,
967844,1442437,4464092,6,23,25104,0,1080,1920,764,120,968,324,41616,0.02,,
967845,1442437,4464092,6,23,25128,0,1080,1920,764,120,968,324,41616,0.02,,
967846,1442437,4464092,6,23,25152,0,1080,1920,732,107,976,351,59536,0.029,,
967847,1442437,4464092,6,23,25176,0,1080,1920,744,99,947,303,41412,0.02,,
967848,1442437,4464092,6,23,25200,0,1080,1920,744,120,947,324,41412,0.02,,
967849,1442437,4464092,6,23,25224,0,1080,1920,744,120,947,324,41412,0.02,,
967850,1442437,4464092,6,23,25248,0,1080,1920,971,344,1265,637,86142,0.042,,
967851,1442437,4464092,6,23,25272,0,1080,1920,971,285,1265,578,86142,0.042,,
967852,1442437,4464092,6,23,25296,0,1080,1920,1001,285,1295,578,86142,0.042,,
967853,1442437,4464092,6,23,25320,0,1080,1920,1031,225,1324,519,86142,0.042,,
967854,1442437,4464092,6,23,25344,0,1080,1920,1032,244,1384,596,123904,0.06,,
967855,1442437,4464092,6,23,25368,0,1080,1920,1104,172,1456,525,124256,0.06,,
967856,1442437,4464092,6,23,25392,0,1080,1920,644,314,938,608,86436,0.042,,
967857,1442437,4464092,6,23,25416,0,1080,1920,1032,208,1384,560,123904,0.06,,
967858,1442437,4464092,6,23,25440,0,1080,1920,854,279,1206,632,124256,0.06,,
967859,1442437,4464092,6,23,25464,0,1080,1920,682,164,852,334,28900,0.014,,
967860,1442437,4464092,6,23,25488,0,1080,1920,974,216,1144,385,28730,0.014,,
967861,1442437,4464092,6,23,25512,0,1080,1920,372,269,514,411,20164,0.01,,
967862,1442437,4464092,6,23,25512,1,1080,1920,1288,196,1406,314,13924,0.007,,
967863,1442437,4464092,6,23,25512,2,1080,1920,298,603,720,1026,178506,0.086,,
967864,1442437,4464092,6,23,25536,0,1080,1920,516,197,657,339,20022,0.01,,
967865,1442437,4464092,6,23,25536,1,1080,1920,1333,140,1474,282,20022,0.01,,
967866,1442437,4464092,6,23,25560,0,1080,1920,702,161,906,365,41616,0.02,,
967867,1442437,4464092,6,23,25584,0,1080,1920,608,156,852,401,59780,0.029,,
967868,1442437,4464092,6,23,25608,0,1080,1920,960,255,1102,396,20022,0.01,,
967869,1442437,4464092,6,23,25632,0,1080,1920,516,226,657,368,20022,0.01,,
967870,1442437,4464092,6,23,25656,0,1080,1920,703,231,821,349,13924,0.007,,
967871,1442437,4464092,6,23,25680,0,1080,1920,1033,161,1236,365,41412,0.02,,
967872,1442437,4464092,6,23,25680,1,1080,1920,496,244,700,447,41412,0.02,,
967873,1442437,4464092,6,23,25704,0,1080,1920,561,250,731,420,28900,0.014,,
967874,1442437,4464092,6,23,25704,1,1080,1920,1012,161,1216,365,41616,0.02,,
967875,1442437,4464092,6,23,25728,0,1080,1920,561,250,731,420,28900,0.014,,
967876,1442437,4464092,6,23,25752,0,1080,1920,561,233,731,403,28900,0.014,,
967877,1442437,4464092,6,23,25776,0,1080,1920,517,285,720,489,41412,0.02,,
967878,1442437,4464092,6,23,25776,1,1080,1920,1078,132,1323,376,59780,0.029,,
967879,1442437,4464092,6,23,25800,0,1080,1920,537,264,741,468,41616,0.02,,
967880,1442437,4464092,6,23,25824,0,1080,1920,561,284,731,454,28900,0.014,,
967881,1442437,4464092,6,23,25848,0,1080,1920,644,195,938,489,86436,0.042,,
967882,1442437,4464092,6,23,25872,0,1080,1920,484,231,729,475,59780,0.029,,
967883,1442437,4464092,6,23,25872,1,1080,1920,1090,136,1384,429,86142,0.042,,
967884,1442437,4464092,6,23,25896,0,1080,1920,484,231,729,475,59780,0.029,,
967885,1442437,4464092,6,23,25896,1,1080,1920,1103,156,1348,401,60025,0.029,,
967886,1442437,4464092,6,23,25920,0,1080,1920,496,264,700,468,41616,0.02,,
967887,1442437,4464092,6,23,25920,1,1080,1920,1115,202,1319,406,41616,0.02,,
967888,1442437,4464092,6,23,25944,0,1080,1920,435,255,679,500,59780,0.029,,
967889,1442437,4464092,6,23,25968,0,1080,1920,385,231,630,475,59780,0.029,,
967890,1442437,4464092,6,23,25968,1,1080,1920,1061,166,1354,459,85849,0.041,,
967891,1442437,4464092,6,23,25992,0,1080,1920,435,231,679,475,59536,0.029,,
967892,1442437,4464092,6,23,26016,0,1080,1920,484,231,729,475,59780,0.029,,
967893,1442437,4464092,6,23,26016,1,1080,1920,1178,132,1422,376,59536,0.029,,
967894,1442437,4464092,6,23,26040,0,1080,1920,517,264,720,468,41412,0.02,,
967895,1442437,4464092,6,23,26040,1,1080,1920,1150,136,1443,429,85849,0.041,,
967896,1442437,4464092,6,23,26064,0,1080,1920,509,255,753,500,59780,0.029,,
967897,1442437,4464092,6,23,26064,1,1080,1920,1078,156,1323,401,60025,0.029,,
967898,1442437,4464092,6,23,26088,0,1080,1920,459,280,704,525,60025,0.029,,
967899,1442437,4464092,6,23,26088,1,1080,1920,1128,181,1373,426,60025,0.029,,
967900,1442437,4464092,6,23,26112,0,1080,1920,1078,181,1323,426,60025,0.029,,
967901,1442437,4464092,6,23,26112,1,1080,1920,410,305,654,550,59780,0.029,,
967902,1442437,4464092,6,23,26136,0,1080,1920,435,255,679,500,59780,0.029,,
967903,1442437,4464092,6,23,26136,1,1080,1920,1128,181,1373,426,60025,0.029,,
967904,1442437,4464092,6,23,26160,0,1080,1920,644,195,938,489,86436,0.042,,
967905,1442437,4464092,6,23,26184,0,1080,1920,674,195,968,489,86436,0.042,,
967906,1442437,4464092,6,23,26208,0,1080,1920,435,255,679,500,59780,0.029,,
967907,1442437,4464092,6,23,26208,1,1080,1920,1227,132,1472,376,59780,0.029,,
967908,1442437,4464092,6,23,26232,0,1080,1920,435,280,679,525,59780,0.029,,
967909,1442437,4464092,6,23,26232,1,1080,1920,1128,156,1373,401,60025,0.029,,
967910,1442437,4464092,6,23,26256,0,1080,1920,410,255,654,500,59780,0.029,,
967911,1442437,4464092,6,23,26280,0,1080,1920,484,255,729,500,60025,0.029,,
967912,1442437,4464092,6,23,26280,1,1080,1920,1120,166,1413,459,85849,0.041,,
967913,1442437,4464092,6,23,26304,0,1080,1920,534,255,778,500,59780,0.029,,
967914,1442437,4464092,6,23,26304,1,1080,1920,1269,136,1562,429,85849,0.041,,
967915,1442437,4464092,6,23,26328,0,1080,1920,459,280,704,525,60025,0.029,,
967916,1442437,4464092,6,23,26328,1,1080,1920,1150,195,1443,489,86142,0.042,,
967917,1442437,4464092,6,23,26352,0,1080,1920,435,280,679,525,59780,0.029,,
967918,1442437,4464092,6,23,26352,1,1080,1920,1090,166,1384,459,86142,0.042,,
967919,1442437,4464092,6,23,26376,0,1080,1920,435,280,679,525,59780,0.029,,
967920,1442437,4464092,6,23,26376,1,1080,1920,1090,166,1384,459,86142,0.042,,
967921,1442437,4464092,6,23,26400,0,1080,1920,435,280,679,525,59780,0.029,,
967922,1442437,4464092,6,23,26400,1,1080,1920,1178,206,1422,450,59536,0.029,,
967923,1442437,4464092,6,23,26424,0,1080,1920,509,280,753,525,59780,0.029,,
967924,1442437,4464092,6,23,26424,1,1080,1920,1269,136,1562,429,85849,0.041,,
967925,1442437,4464092,6,23,26448,0,1080,1920,435,330,679,574,59536,0.029,,
967926,1442437,4464092,6,23,26448,1,1080,1920,1104,208,1456,560,123904,0.06,,
967927,1442437,4464092,6,23,26472,0,1080,1920,1178,181,1422,426,59780,0.029,,
967928,1442437,4464092,6,23,26472,1,1080,1920,410,305,654,550,59780,0.029,,
967929,1442437,4464092,6,23,26496,0,1080,1920,1128,181,1373,426,60025,0.029,,
967930,1442437,4464092,6,23,26496,1,1080,1920,459,305,704,550,60025,0.029,,
967931,1442437,4464092,6,23,26520,0,1080,1920,459,280,704,525,60025,0.029,,
967932,1442437,4464092,6,23,26520,1,1080,1920,1209,166,1503,459,86142,0.042,,
967933,1442437,4464092,6,23,26544,0,1080,1920,509,280,753,525,59780,0.029,,
967934,1442437,4464092,6,23,26544,1,1080,1920,1209,166,1503,459,86142,0.042,,
967935,1442437,4464092,6,23,26568,0,1080,1920,534,280,778,525,59780,0.029,,
967936,1442437,4464092,6,23,26568,1,1080,1920,1277,181,1521,426,59780,0.029,,
967937,1442437,4464092,6,23,26592,0,1080,1920,633,305,877,550,59780,0.029,,
967938,1442437,4464092,6,23,26592,1,1080,1920,1358,166,1651,459,85849,0.041,,
967939,1442437,4464092,6,23,26616,0,1080,1920,674,255,968,548,86142,0.042,,
967940,1442437,4464092,6,23,26616,1,1080,1920,1447,166,1740,459,85849,0.041,,
967941,1442437,4464092,6,23,26640,0,1080,1920,732,305,976,550,59780,0.029,,
967942,1442437,4464092,6,23,26640,1,1080,1920,1447,166,1740,459,85849,0.041,,
967943,1442437,4464092,6,23,26664,0,1080,1920,585,344,878,637,85849,0.041,,
967944,1442437,4464092,6,23,26664,1,1080,1920,1282,137,1634,489,123904,0.06,,
967945,1442437,4464092,6,23,26688,0,1080,1920,867,306,1071,509,41412,0.02,,
967946,1442437,4464092,6,23,26688,1,1080,1920,1209,136,1503,429,86142,0.042,,
967947,1442437,4464092,6,23,26736,0,1080,1920,434,244,638,447,41412,0.02,,
967948,1442437,4464092,6,23,26760,0,1080,1920,922,181,1092,351,28900,0.014,,
967949,1442437,4464092,6,23,26784,0,1080,1920,940,370,1110,540,28900,0.014,,
967950,1442437,4464092,6,23,26808,0,1080,1920,785,306,989,509,41412,0.02,,
967951,1442437,4464092,6,23,26832,0,1080,1920,1115,306,1319,509,41412,0.02,,
967952,1442437,4464092,6,23,26856,0,1080,1920,484,379,729,624,60025,0.029,,
967953,1442437,4464092,6,23,26856,1,1080,1920,1120,195,1413,489,86142,0.042,,
967954,1442437,4464092,6,23,26880,0,1080,1920,1120,195,1413,489,86142,0.042,,
967955,1442437,4464092,6,23,26880,1,1080,1920,377,195,670,489,86142,0.042,,
967956,1442437,4464092,6,23,26976,0,1080,1920,977,303,1095,421,13924,0.007,,
967957,1442437,4464092,6,23,26976,1,1080,1920,487,226,629,368,20164,0.01,,
967958,1442437,4464092,6,23,27000,0,1080,1920,1004,305,1249,550,60025,0.029,,
967959,1442437,4464092,6,23,27024,0,1080,1920,458,154,600,296,20164,0.01,,
967960,1442437,4464092,6,23,27024,1,1080,1920,882,148,1000,266,13924,0.007,,
967961,1442437,4464092,6,23,27048,0,1080,1920,401,83,543,224,20022,0.01,,
967962,1442437,4464092,6,23,27048,1,1080,1920,822,124,940,242,13924,0.007,,
967963,1442437,4464092,6,23,27072,0,1080,1920,544,97,686,239,20164,0.01,,
967964,1442437,4464092,6,23,27072,1,1080,1920,894,172,1012,290,13924,0.007,,
967965,1442437,4464092,6,23,27096,0,1080,1920,806,107,1051,351,59780,0.029,,
967966,1442437,4464092,6,23,27120,0,1080,1920,888,302,1058,471,28730,0.014,,
967967,1442437,4464092,6,23,27144,0,1080,1920,971,202,1174,406,41412,0.02,,
967968,1442437,4464092,6,23,27168,0,1080,1920,788,269,930,411,20164,0.01,,
967969,1442437,4464092,6,23,27192,0,1080,1920,1232,197,1374,339,20164,0.01,,
967970,1442437,4464092,6,23,27192,1,1080,1920,458,40,600,181,20022,0.01,,
967971,1442437,4464092,6,23,27216,0,1080,1920,487,326,629,468,20164,0.01,,
967972,1442437,4464092,6,23,27216,1,1080,1920,1112,181,1281,351,28730,0.014,,
967973,1442437,4464092,6,23,27240,0,1080,1920,1132,298,1274,439,20022,0.01,,
967974,1442437,4464092,6,23,27240,1,1080,1920,444,240,586,382,20164,0.01,,
967975,1442437,4464092,6,23,27264,0,1080,1920,1132,183,1274,325,20164,0.01,,
967976,1442437,4464092,6,23,27264,1,1080,1920,458,130,628,299,28730,0.014,,
967977,1442437,4464092,6,23,27288,0,1080,1920,1227,156,1472,401,60025,0.029,,
967978,1442437,4464092,6,23,27288,1,1080,1920,455,99,658,303,41412,0.02,,
967979,1442437,4464092,6,23,27312,0,1080,1920,1301,223,1505,427,41616,0.02,,
967980,1442437,4464092,6,23,27312,1,1080,1920,455,120,658,324,41412,0.02,,
967981,1442437,4464092,6,23,27336,0,1080,1920,1260,202,1463,406,41412,0.02,,
967982,1442437,4464092,6,23,27336,1,1080,1920,413,161,617,365,41616,0.02,,
967983,1442437,4464092,6,23,27360,0,1080,1920,1266,491,1436,661,28900,0.014,,
967984,1442437,4464092,6,23,27360,1,1080,1920,310,223,514,427,41616,0.02,,
967985,1442437,4464092,6,23,27384,0,1080,1920,1249,491,1419,661,28900,0.014,,
967986,1442437,4464092,6,23,27384,1,1080,1920,310,223,514,427,41616,0.02,,
967987,1442437,4464092,6,23,27408,0,1080,1920,1260,244,1463,447,41209,0.02,,
967988,1442437,4464092,6,23,27408,1,1080,1920,496,161,700,365,41616,0.02,,
967989,1442437,4464092,6,23,27432,0,1080,1920,1342,223,1546,427,41616,0.02,,
967990,1442437,4464092,6,23,27432,1,1080,1920,517,182,720,385,41209,0.02,,
967991,1442437,4464092,6,23,27456,0,1080,1920,527,216,697,385,28730,0.014,,
967992,1442437,4464092,6,23,27456,1,1080,1920,1198,223,1401,427,41412,0.02,,
967993,1442437,4464092,6,23,27480,0,1080,1920,510,267,680,437,28900,0.014,,
967994,1442437,4464092,6,23,27480,1,1080,1920,1136,264,1340,468,41616,0.02,,
967995,1442437,4464092,6,23,27504,0,1080,1920,1280,244,1484,447,41412,0.02,,
967996,1442437,4464092,6,23,27504,1,1080,1920,510,233,680,403,28900,0.014,,
967997,1442437,4464092,6,23,27528,0,1080,1920,1252,206,1496,450,59536,0.029,,
967998,1442437,4464092,6,23,27528,1,1080,1920,527,233,697,403,28900,0.014,,
967999,1442437,4464092,6,23,27552,0,1080,1920,1363,202,1567,406,41616,0.02,,
968000,1442437,4464092,6,23,27552,1,1080,1920,527,233,697,403,28900,0.014,,
968001,1442437,4464092,6,23,27576,0,1080,1920,1361,527,1503,669,20164,0.01,,
968002,1442437,4464092,6,23,27576,1,1080,1920,290,202,493,406,41412,0.02,,
968003,1442437,4464092,6,23,27600,0,1080,1920,1347,527,1489,669,20164,0.01,,
968004,1442437,4464092,6,23,27600,1,1080,1920,475,233,645,403,28900,0.014,,
968005,1442437,4464092,6,23,27624,0,1080,1920,1326,280,1571,525,60025,0.029,,
968006,1442437,4464092,6,23,27624,1,1080,1920,372,182,576,385,41412,0.02,,
968007,1442437,4464092,6,23,27648,0,1080,1920,1301,305,1546,550,60025,0.029,,
968008,1442437,4464092,6,23,27648,1,1080,1920,310,223,514,427,41616,0.02,,
968009,1442437,4464092,6,23,27672,0,1080,1920,1280,264,1484,468,41616,0.02,,
968010,1442437,4464092,6,23,27672,1,1080,1920,331,182,535,385,41412,0.02,,
968011,1442437,4464092,6,23,27696,0,1080,1920,331,182,535,385,41412,0.02,,
968012,1442437,4464092,6,23,27696,1,1080,1920,1321,223,1525,427,41616,0.02,,
968013,1442437,4464092,6,23,27720,0,1080,1920,372,140,576,344,41616,0.02,,
968014,1442437,4464092,6,23,27720,1,1080,1920,1198,182,1401,385,41209,0.02,,
968015,1442437,4464092,6,23,27744,0,1080,1920,393,140,597,344,41616,0.02,,
968016,1442437,4464092,6,23,27744,1,1080,1920,1239,264,1443,468,41616,0.02,,
968017,1442437,4464092,6,23,27768,0,1080,1920,1301,181,1546,426,60025,0.029,,
968018,1442437,4464092,6,23,27768,1,1080,1920,385,107,630,351,59780,0.029,,
968019,1442437,4464092,6,23,27792,0,1080,1920,854,279,1206,632,124256,0.06,,
968020,1442437,4464092,6,23,27816,0,1080,1920,912,344,1205,637,85849,0.041,,
968021,1442437,4464092,6,23,27840,0,1080,1920,413,182,617,385,41412,0.02,,
968022,1442437,4464092,6,23,27840,1,1080,1920,1326,181,1571,426,60025,0.029,,
968023,1442437,4464092,6,23,27864,0,1080,1920,335,132,580,376,59780,0.029,,
968024,1442437,4464092,6,23,27864,1,1080,1920,1326,206,1571,450,59780,0.029,,
968025,1442437,4464092,6,23,27888,0,1080,1920,1277,255,1521,500,59780,0.029,,
968026,1442437,4464092,6,23,27888,1,1080,1920,455,161,658,365,41412,0.02,,
968027,1442437,4464092,6,23,27912,0,1080,1920,732,305,976,550,59780,0.029,,
968028,1442437,4464092,6,23,27936,0,1080,1920,1260,182,1463,385,41209,0.02,,
968029,1442437,4464092,6,23,27936,1,1080,1920,385,181,630,426,60025,0.029,,
968030,1442437,4464092,6,23,27960,0,1080,1920,385,181,630,426,60025,0.029,,
968031,1442437,4464092,6,23,27960,1,1080,1920,1103,231,1348,475,59780,0.029,,
968032,1442437,4464092,6,23,27984,0,1080,1920,434,223,638,427,41616,0.02,,
968033,1442437,4464092,6,23,28008,0,1080,1920,1301,285,1505,489,41616,0.02,,
968034,1442437,4464092,6,23,28008,1,1080,1920,385,181,630,426,60025,0.029,,
968035,1442437,4464092,6,23,28032,0,1080,1920,1252,255,1496,500,59780,0.029,,
968036,1442437,4464092,6,23,28032,1,1080,1920,455,202,658,406,41412,0.02,,
968037,1442437,4464092,6,23,28056,0,1080,1920,818,208,1170,560,123904,0.06,,
968038,1442437,4464092,6,23,28080,0,1080,1920,1252,231,1496,475,59536,0.029,,
968039,1442437,4464092,6,23,28080,1,1080,1920,434,161,638,365,41616,0.02,,
968040,1442437,4464092,6,23,28104,0,1080,1920,1277,206,1521,450,59536,0.029,,
968041,1442437,4464092,6,23,28104,1,1080,1920,455,161,658,365,41412,0.02,,
968042,1442437,4464092,6,23,28128,0,1080,1920,971,285,1265,578,86142,0.042,,
968043,1442437,4464092,6,23,28152,0,1080,1920,942,344,1235,637,85849,0.041,,
968044,1442437,4464092,6,23,28176,0,1080,1920,410,231,654,475,59536,0.029,,
968045,1442437,4464092,6,23,28176,1,1080,1920,1277,231,1521,475,59536,0.029,,
968046,1442437,4464092,6,23,28200,0,1080,1920,385,231,630,475,59780,0.029,,
968047,1442437,4464092,6,23,28200,1,1080,1920,1103,231,1348,475,59780,0.029,,
968048,1442437,4464092,6,23,28224,0,1080,1920,890,279,1242,632,124256,0.06,,
968049,1442437,4464092,6,23,28248,0,1080,1920,912,344,1205,637,85849,0.041,,
968050,1442437,4464092,6,23,28272,0,1080,1920,912,344,1205,637,85849,0.041,,
968051,1442437,4464092,6,23,28296,0,1080,1920,335,206,580,450,59780,0.029,,
968052,1442437,4464092,6,23,28296,1,1080,1920,1209,195,1503,489,86436,0.042,,
968053,1442437,4464092,6,23,28320,0,1080,1920,1252,206,1496,450,59536,0.029,,
968054,1442437,4464092,6,23,28320,1,1080,1920,360,231,605,475,59780,0.029,,
968055,1442437,4464092,6,23,28344,0,1080,1920,351,223,555,427,41616,0.02,,
968056,1442437,4464092,6,23,28344,1,1080,1920,1153,379,1397,624,59780,0.029,,
968057,1442437,4464092,6,23,28368,0,1080,1920,961,208,1313,560,123904,0.06,,
968058,1442437,4464092,6,23,28392,0,1080,1920,971,314,1265,608,86436,0.042,,
968059,1442437,4464092,6,23,28416,0,1080,1920,1298,225,1592,519,86436,0.042,,
968060,1442437,4464092,6,23,28416,1,1080,1920,335,206,580,450,59780,0.029,,
968061,1442437,4464092,6,23,28440,0,1080,1920,351,244,555,447,41412,0.02,,
968062,1442437,4464092,6,23,28440,1,1080,1920,1328,255,1621,548,85849,0.041,,
968063,1442437,4464092,6,23,28464,0,1080,1920,252,198,422,368,28900,0.014,,
968064,1442437,4464092,6,23,28464,1,1080,1920,950,285,1154,489,41616,0.02,,
968065,1442437,4464092,6,23,28488,0,1080,1920,215,212,356,353,19881,0.01,,
968066,1442437,4464092,6,23,28512,0,1080,1920,1218,326,1422,530,41616,0.02,,
968067,1442437,4464092,6,23,28512,1,1080,1920,428,172,546,290,13924,0.007,,
968068,1442437,4464092,6,23,28536,0,1080,1920,1054,181,1298,426,59780,0.029,,
968069,1442437,4464092,6,23,28560,0,1080,1920,199,314,492,608,86142,0.042,,
968070,1442437,4464092,6,23,28584,0,1080,1920,1094,99,1298,303,41616,0.02,,
968071,1442437,4464092,6,23,28584,1,1080,1920,517,202,720,406,41412,0.02,,
968072,1442437,4464092,6,23,28608,0,1080,1920,558,78,762,282,41616,0.02,,
968073,1442437,4464092,6,23,28608,1,1080,1920,1301,95,1471,265,28900,0.014,,
968074,1442437,4464092,6,23,28632,0,1080,1920,269,140,473,344,41616,0.02,,
968075,1442437,4464092,6,23,28632,1,1080,1920,960,197,1102,339,20164,0.01,,
968076,1442437,4464092,6,23,28656,0,1080,1920,475,181,645,351,28900,0.014,,
968077,1442437,4464092,6,23,28656,1,1080,1920,1215,250,1385,420,28900,0.014,,
968078,1442437,4464092,6,23,28680,0,1080,1920,338,147,508,317,28900,0.014,,
968079,1442437,4464092,6,23,28680,1,1080,1920,1146,198,1316,368,28900,0.014,,
968080,1442437,4464092,6,23,28704,0,1080,1920,616,154,758,296,20164,0.01,,
968081,1442437,4464092,6,23,28704,1,1080,1920,1215,164,1385,334,28900,0.014,,
968082,1442437,4464092,6,23,28728,0,1080,1920,492,181,662,351,28900,0.014,,
968083,1442437,4464092,6,23,28728,1,1080,1920,1239,161,1443,365,41616,0.02,,
968084,1442437,4464092,6,23,28752,0,1080,1920,971,285,1265,578,86142,0.042,,
968085,1442437,4464092,6,23,28776,0,1080,1920,644,285,938,578,86142,0.042,,
968086,1442437,4464092,6,23,28800,0,1080,1920,1120,344,1413,637,85849,0.041,,
968087,1442437,4464092,6,23,28800,1,1080,1920,50,285,343,578,85849,0.041,,
968088,1442437,4464092,6,23,28824,0,1080,1920,734,374,1027,667,85849,0.041,,
968089,1442437,4464092,6,23,28848,0,1080,1920,534,503,778,748,59780,0.029,,
968090,1442437,4464092,6,23,28872,0,1080,1920,608,528,852,772,59536,0.029,,
968091,1442437,4464092,6,23,28896,0,1080,1920,578,553,782,757,41616,0.02,,
968092,1442437,4464092,6,23,28896,1,1080,1920,1425,156,1670,401,60025,0.029,,
968093,1442437,4464092,6,23,28920,0,1080,1920,599,512,803,716,41616,0.02,,
968094,1442437,4464092,6,23,28944,0,1080,1920,578,370,748,540,28900,0.014,,
968095,1442437,4464092,6,23,28968,0,1080,1920,1232,353,1402,523,28900,0.014,,
968096,1442437,4464092,6,23,28968,1,1080,1920,647,370,817,540,28900,0.014,,
968097,1442437,4464092,6,23,29016,0,1080,1920,940,353,1110,523,28900,0.014,,
968098,1442437,4464092,6,23,29040,0,1080,1920,1033,285,1236,489,41412,0.02,,
968099,1442437,4464092,6,23,29064,0,1080,1920,1115,326,1319,530,41616,0.02,,
968100,1442437,4464092,6,23,29064,1,1080,1920,558,347,762,551,41616,0.02,,
968101,1442437,4464092,6,23,29088,0,1080,1920,1033,306,1236,509,41209,0.02,,
968102,1442437,4464092,6,23,29088,1,1080,1920,558,347,762,551,41616,0.02,,
968103,1442437,4464092,6,23,29112,0,1080,1920,960,283,1102,425,20164,0.01,,
968104,1442437,4464092,6,23,29112,1,1080,1920,664,233,834,403,28900,0.014,,
968105,1442437,4464092,6,23,29136,0,1080,1920,991,336,1161,506,28900,0.014,,
968106,1442437,4464092,6,23,29136,1,1080,1920,682,302,852,471,28730,0.014,,
968107,1442437,4464092,6,23,29160,0,1080,1920,1008,319,1178,489,28900,0.014,,
968108,1442437,4464092,6,23,29160,1,1080,1920,640,244,844,447,41412,0.02,,
968109,1442437,4464092,6,23,29184,0,1080,1920,1012,285,1216,489,41616,0.02,,
968110,1442437,4464092,6,23,29184,1,1080,1920,716,250,886,420,28900,0.014,,
968111,1442437,4464092,6,23,29208,0,1080,1920,1053,285,1257,489,41616,0.02,,
968112,1442437,4464092,6,23,29208,1,1080,1920,723,182,927,385,41412,0.02,,
968113,1442437,4464092,6,23,29232,0,1080,1920,991,306,1195,509,41412,0.02,,
968114,1442437,4464092,6,23,29256,0,1080,1920,929,326,1133,530,41616,0.02,,
968115,1442437,4464092,6,23,29280,0,1080,1920,1029,553,1273,797,59536,0.029,,
968116,1442437,4464092,6,23,29304,0,1080,1920,630,61,800,231,28900,0.014,,
968117,1442437,4464092,6,23,29328,0,1080,1920,661,223,865,427,41616,0.02,,
968118,1442437,4464092,6,23,29352,0,1080,1920,587,326,729,468,20164,0.01,,
968119,1442437,4464092,6,23,29376,0,1080,1920,331,285,535,489,41616,0.02,,
968120,1442437,4464092,6,23,29400,0,1080,1920,824,585,906,667,6724,0.003,,
968121,1442437,4464092,6,23,29472,0,1080,1920,929,285,1133,489,41616,0.02,,
968122,1442437,4464092,6,23,29472,1,1080,1920,1246,28,1315,96,4692,0.002,,
968123,1442437,4464092,6,23,29496,0,1080,1920,929,285,1133,489,41616,0.02,,
968124,1442437,4464092,6,23,29496,1,1080,1920,1253,14,1322,82,4692,0.002,,
968125,1442437,4464092,6,23,29520,0,1080,1920,929,285,1133,489,41616,0.02,,
968126,1442437,4464092,6,23,29544,0,1080,1920,1128,156,1373,401,60025,0.029,,
968127,1442437,4464092,6,23,29592,0,1080,1920,1061,195,1354,489,86142,0.042,,
968128,1442437,4464092,6,23,29616,0,1080,1920,1001,195,1295,489,86436,0.042,,
968129,1442437,4464092,6,23,29688,0,1080,1920,497,315,849,667,123904,0.06,,
968130,1442437,4464092,6,23,29712,0,1080,1920,1068,208,1420,560,123904,0.06,,
968131,1442437,4464092,6,23,29736,0,1080,1920,1068,208,1420,560,123904,0.06,,
968132,1442437,4464092,6,23,29856,0,1080,1920,1156,99,1360,303,41616,0.02,,
968133,1442437,4464092,6,23,29880,0,1080,1920,974,164,1144,334,28900,0.014,,
968134,1442437,4464092,6,23,29904,0,1080,1920,950,78,1154,282,41616,0.02,,
968135,1442437,4464092,6,23,29928,0,1080,1920,501,183,643,325,20164,0.01,,
968136,1442437,4464092,6,23,29928,1,1080,1920,1284,388,1453,557,28561,0.014,,
968137,1442437,4464092,6,23,29952,0,1080,1920,1363,409,1567,613,41616,0.02,,
968138,1442437,4464092,6,23,29952,1,1080,1920,527,216,697,385,28730,0.014,,
968139,1442437,4464092,6,23,30048,0,1080,1920,1301,264,1505,468,41616,0.02,,
968140,1442437,4464092,6,23,30072,0,1080,1920,781,132,1026,376,59780,0.029,,
968141,1442437,4464092,6,23,30096,0,1080,1920,723,223,927,427,41616,0.02,,
968142,1442437,4464092,6,23,30120,0,1080,1920,744,202,947,406,41412,0.02,,
968143,1442437,4464092,6,23,30144,0,1080,1920,664,198,834,368,28900,0.014,,
968144,1442437,4464092,6,23,30168,0,1080,1920,596,198,766,368,28900,0.014,,
968145,1442437,4464092,6,23,30192,0,1080,1920,1136,306,1340,509,41412,0.02,,
968146,1442437,4464092,6,23,30216,0,1080,1920,888,250,1058,420,28900,0.014,,
968147,1442437,4464092,6,23,30240,0,1080,1920,917,183,1059,325,20164,0.01,,
968148,1442437,4464092,6,23,30264,0,1080,1920,909,120,1113,324,41616,0.02,,
968149,1442437,4464092,6,23,30288,0,1080,1920,806,161,1009,365,41412,0.02,,
968150,1442437,4464092,6,23,30312,0,1080,1920,929,285,1133,489,41616,0.02,,
968151,1442437,4464092,6,23,30432,0,1080,1920,1284,405,1453,575,28730,0.014,,
968152,1442437,4464092,6,23,30456,0,1080,1920,516,154,657,296,20022,0.01,,
968153,1442437,4464092,6,23,30456,1,1080,1920,1266,250,1436,420,28900,0.014,,
968154,1442437,4464092,6,23,30480,0,1080,1920,630,197,772,339,20164,0.01,,
968155,1442437,4464092,6,23,30480,1,1080,1920,1404,326,1608,530,41616,0.02,,
968156,1442437,4464092,6,23,30504,0,1080,1920,647,164,817,334,28900,0.014,,
968157,1442437,4464092,6,23,30528,0,1080,1920,596,181,766,351,28900,0.014,,
968158,1442437,4464092,6,23,30552,0,1080,1920,1404,347,1608,551,41616,0.02,,
968159,1442437,4464092,6,23,30552,1,1080,1920,578,181,748,351,28900,0.014,,
968160,1442437,4464092,6,23,30576,0,1080,1920,950,223,1154,427,41616,0.02,,
968161,1442437,4464092,6,23,30648,0,1080,1920,989,327,1107,445,13924,0.007,,
968162,1442437,4464092,6,23,30672,0,1080,1920,186,78,390,282,41616,0.02,,
968163,1442437,4464092,6,23,30672,1,1080,1920,1032,298,1173,439,19881,0.01,,
968164,1442437,4464092,6,23,30696,0,1080,1920,124,78,328,282,41616,0.02,,
968165,1442437,4464092,6,23,30696,1,1080,1920,1261,226,1403,368,20164,0.01,,
968166,1442437,4464092,6,23,30720,0,1080,1920,45,147,215,317,28900,0.014,,
968167,1442437,4464092,6,23,30720,1,1080,1920,1694,423,1812,540,13806,0.007,,
968168,1442437,4464092,6,23,30720,2,1080,1920,1085,387,1203,505,13924,0.007,,
968169,1442437,4464092,6,23,30744,0,1080,1920,424,164,594,334,28900,0.014,,
968170,1442437,4464092,6,23,30744,1,1080,1920,1515,399,1633,517,13924,0.007,,
968171,1442437,4464092,6,23,30744,2,1080,1920,1477,625,1516,665,1560,0.001,,
968172,1442437,4464092,6,23,30768,0,1080,1920,389,130,559,299,28730,0.014,,
968173,1442437,4464092,6,23,30768,1,1080,1920,1433,412,1575,554,20164,0.01,,
968174,1442437,4464092,6,23,30768,2,1080,1920,1409,681,1448,721,1560,0.001,,
968175,1442437,4464092,6,23,30792,0,1080,1920,331,99,535,303,41616,0.02,,
968176,1442437,4464092,6,23,30792,1,1080,1920,1433,427,1575,568,20022,0.01,,
968177,1442437,4464092,6,23,30792,2,1080,1920,1405,689,1444,729,1560,0.001,,
968178,1442437,4464092,6,23,30816,0,1080,1920,331,99,535,303,41616,0.02,,
968179,1442437,4464092,6,23,30816,1,1080,1920,1433,412,1575,554,20164,0.01,,
968180,1442437,4464092,6,23,30816,2,1080,1920,1401,681,1440,721,1560,0.001,,
968181,1442437,4464092,6,23,30840,0,1080,1920,269,99,473,303,41616,0.02,,
968182,1442437,4464092,6,23,30840,1,1080,1920,1404,412,1546,554,20164,0.01,,
968183,1442437,4464092,6,23,30840,2,1080,1920,1377,689,1416,729,1560,0.001,,
968184,1442437,4464092,6,23,30864,0,1080,1920,1094,353,1264,523,28900,0.014,,
968185,1442437,4464092,6,23,30888,0,1080,1920,1074,306,1278,509,41412,0.02,,
968186,1442437,4464092,6,23,30912,0,1080,1920,1156,285,1360,489,41616,0.02,,
968187,1442437,4464092,6,23,30912,1,1080,1920,558,107,803,351,59780,0.029,,
968188,1442437,4464092,6,23,30936,0,1080,1920,1218,326,1422,530,41616,0.02,,
968189,1442437,4464092,6,23,30936,1,1080,1920,558,140,762,344,41616,0.02,,
968190,1442437,4464092,6,23,30960,0,1080,1920,1114,566,1212,664,9604,0.005,,
968191,1442437,4464092,6,23,30960,1,1080,1920,706,227,804,326,9702,0.005,,
968192,1442437,4464092,6,23,30984,0,1080,1920,1114,566,1212,664,9604,0.005,,
968193,1442437,4464092,6,23,30984,1,1080,1920,706,227,804,326,9702,0.005,,
