,series_id,episode_id,season,episode,frame_num,face_num,img_height,img_width,x1,y1,x2,y2,area,pct_of_frame,encoding_path,confidence
2066985,4270492,13206844,6,1,240,0,1080,1920,548,159,617,227,4692,0.002,,
2066986,4270492,13206844,6,1,240,1,1080,1920,974,328,1056,410,6724,0.003,,
2066987,4270492,13206844,6,1,240,2,1080,1920,1651,327,1750,425,9702,0.005,,
2066988,4270492,13206844,6,1,264,0,1080,1920,555,166,611,222,3136,0.002,,
2066989,4270492,13206844,6,1,264,1,1080,1920,984,339,1052,407,4624,0.002,,
2066990,4270492,13206844,6,1,264,2,1080,1920,1651,327,1750,425,9702,0.005,,
2066991,4270492,13206844,6,1,288,0,1080,1920,1078,181,1323,426,60025,0.029,,
2066992,4270492,13206844,6,1,312,0,1080,1920,1031,166,1324,459,85849,0.041,,
2066993,4270492,13206844,6,1,336,0,1080,1920,633,305,877,550,59780,0.029,,
2066994,4270492,13206844,6,1,336,1,1080,1920,1363,202,1567,406,41616,0.02,,
2066995,4270492,13206844,6,1,384,0,1080,1920,871,198,1041,368,28900,0.014,,
2066996,4270492,13206844,6,1,408,0,1080,1920,991,182,1195,385,41412,0.02,,
2066997,4270492,13206844,6,1,432,0,1080,1920,1074,161,1278,365,41616,0.02,,
2066998,4270492,13206844,6,1,480,0,1080,1920,269,161,473,365,41616,0.02,,
2066999,4270492,13206844,6,1,480,1,1080,1920,1300,136,1418,254,13924,0.007,,
2067000,4270492,13206844,6,1,480,2,1080,1920,1671,118,1770,216,9702,0.005,,
2067001,4270492,13206844,6,1,480,3,1080,1920,785,112,955,282,28900,0.014,,
2067002,4270492,13206844,6,1,504,0,1080,1920,750,95,920,265,28900,0.014,,
2067003,4270492,13206844,6,1,504,1,1080,1920,248,161,452,365,41616,0.02,,
2067004,4270492,13206844,6,1,504,2,1080,1920,1661,118,1760,216,9702,0.005,,
2067005,4270492,13206844,6,1,504,3,1080,1920,1288,148,1406,266,13924,0.007,,
2067006,4270492,13206844,6,1,600,0,1080,1920,335,181,580,426,60025,0.029,,
2067007,4270492,13206844,6,1,600,1,1080,1920,1505,154,1646,296,20022,0.01,,
2067008,4270492,13206844,6,1,600,2,1080,1920,950,99,1154,303,41616,0.02,,
2067009,4270492,13206844,6,1,624,0,1080,1920,1115,120,1319,324,41616,0.02,,
2067010,4270492,13206844,6,1,624,1,1080,1920,390,172,742,525,124256,0.06,,
2067011,4270492,13206844,6,1,648,0,1080,1920,811,218,1234,640,178506,0.086,,
2067012,4270492,13206844,6,1,672,0,1080,1920,811,218,1234,640,178506,0.086,,
2067013,4270492,13206844,6,1,696,0,1080,1920,811,218,1234,640,178506,0.086,,
2067014,4270492,13206844,6,1,720,0,1080,1920,811,218,1234,640,178506,0.086,,
2067015,4270492,13206844,6,1,744,0,1080,1920,811,218,1234,640,178506,0.086,,
2067016,4270492,13206844,6,1,768,0,1080,1920,88,327,145,384,3249,0.002,,
2067017,4270492,13206844,6,1,768,1,1080,1920,418,270,500,352,6724,0.003,,
2067018,4270492,13206844,6,1,768,2,1080,1920,908,316,956,364,2304,0.001,,
2067019,4270492,13206844,6,1,792,0,1080,1920,431,277,499,345,4624,0.002,,
2067020,4270492,13206844,6,1,792,1,1080,1920,97,331,144,378,2209,0.001,,
2067021,4270492,13206844,6,1,792,2,1080,1920,908,316,956,364,2304,0.001,,
2067022,4270492,13206844,6,1,816,0,1080,1920,431,277,499,345,4624,0.002,,
2067023,4270492,13206844,6,1,816,1,1080,1920,102,331,149,378,2209,0.001,,
2067024,4270492,13206844,6,1,816,2,1080,1920,908,316,956,364,2304,0.001,,
2067025,4270492,13206844,6,1,840,0,1080,1920,410,278,492,360,6724,0.003,,
2067026,4270492,13206844,6,1,840,1,1080,1920,908,316,956,364,2304,0.001,,
2067027,4270492,13206844,6,1,840,2,1080,1920,102,331,149,378,2209,0.001,,
2067028,4270492,13206844,6,1,864,0,1080,1920,908,312,956,359,2256,0.001,,
2067029,4270492,13206844,6,1,864,1,1080,1920,431,277,499,345,4624,0.002,,
2067030,4270492,13206844,6,1,864,2,1080,1920,92,331,140,378,2256,0.001,,
2067031,4270492,13206844,6,1,888,0,1080,1920,1421,181,1591,351,28900,0.014,,
2067032,4270492,13206844,6,1,888,1,1080,1920,846,196,964,314,13924,0.007,,
2067033,4270492,13206844,6,1,912,0,1080,1920,1447,197,1589,339,20164,0.01,,
2067034,4270492,13206844,6,1,912,1,1080,1920,846,196,964,314,13924,0.007,,
2067035,4270492,13206844,6,1,936,0,1080,1920,834,196,952,314,13924,0.007,,
2067036,4270492,13206844,6,1,936,1,1080,1920,1421,181,1591,351,28900,0.014,,
2067037,4270492,13206844,6,1,960,0,1080,1920,834,196,952,314,13924,0.007,,
2067038,4270492,13206844,6,1,960,1,1080,1920,1447,197,1589,339,20164,0.01,,
2067039,4270492,13206844,6,1,984,0,1080,1920,385,156,630,401,60025,0.029,,
2067040,4270492,13206844,6,1,984,1,1080,1920,1017,498,1159,640,20164,0.01,,
2067041,4270492,13206844,6,1,1008,0,1080,1920,756,181,1001,426,60025,0.029,,
2067042,4270492,13206844,6,1,1032,0,1080,1920,555,166,849,459,86142,0.042,,
2067043,4270492,13206844,6,1,1056,0,1080,1920,1301,132,1546,376,59780,0.029,,
2067044,4270492,13206844,6,1,1056,1,1080,1920,682,280,927,525,60025,0.029,,
2067045,4270492,13206844,6,1,1080,0,1080,1920,561,284,731,454,28900,0.014,,
2067046,4270492,13206844,6,1,1080,1,1080,1920,1301,181,1471,351,28900,0.014,,
2067047,4270492,13206844,6,1,1104,0,1080,1920,561,284,731,454,28900,0.014,,
2067048,4270492,13206844,6,1,1104,1,1080,1920,1301,161,1505,365,41616,0.02,,
2067049,4270492,13206844,6,1,1128,0,1080,1920,261,478,506,723,60025,0.029,,
2067050,4270492,13206844,6,1,1128,1,1080,1920,1209,166,1503,459,86142,0.042,,
2067051,4270492,13206844,6,1,1152,0,1080,1920,916,502,997,584,6642,0.003,,
2067052,4270492,13206844,6,1,1176,0,1080,1920,320,164,490,334,28900,0.014,,
2067053,4270492,13206844,6,1,1176,1,1080,1920,1180,267,1350,437,28900,0.014,,
2067054,4270492,13206844,6,1,1200,0,1080,1920,310,120,514,324,41616,0.02,,
2067055,4270492,13206844,6,1,1200,1,1080,1920,1215,250,1385,420,28900,0.014,,
2067056,4270492,13206844,6,1,1224,0,1080,1920,338,130,508,299,28730,0.014,,
2067057,4270492,13206844,6,1,1224,1,1080,1920,1215,250,1385,420,28900,0.014,,
2067058,4270492,13206844,6,1,1248,0,1080,1920,290,120,493,324,41412,0.02,,
2067059,4270492,13206844,6,1,1248,1,1080,1920,1215,250,1385,420,28900,0.014,,
2067060,4270492,13206844,6,1,1272,0,1080,1920,383,175,806,598,178929,0.086,,
2067061,4270492,13206844,6,1,1296,0,1080,1920,390,244,742,596,123904,0.06,,
2067062,4270492,13206844,6,1,1320,0,1080,1920,1211,244,1563,596,123904,0.06,,
2067063,4270492,13206844,6,1,1344,0,1080,1920,1211,208,1563,560,123904,0.06,,
2067064,4270492,13206844,6,1,1368,0,1080,1920,390,208,742,560,123904,0.06,,
2067065,4270492,13206844,6,1,1392,0,1080,1920,390,208,742,560,123904,0.06,,
2067066,4270492,13206844,6,1,1416,0,1080,1920,340,175,763,598,178929,0.086,,
2067067,4270492,13206844,6,1,1440,0,1080,1920,340,175,763,598,178929,0.086,,
2067068,4270492,13206844,6,1,1536,0,1080,1920,1758,318,1826,386,4624,0.002,,
2067069,4270492,13206844,6,1,1536,1,1080,1920,1695,312,1743,359,2256,0.001,,
2067070,4270492,13206844,6,1,1536,2,1080,1920,624,304,681,361,3249,0.002,,
2067071,4270492,13206844,6,1,1536,3,1080,1920,1197,317,1236,357,1560,0.001,,
2067072,4270492,13206844,6,1,1536,4,1080,1920,1301,341,1340,381,1560,0.001,,
2067073,4270492,13206844,6,1,1560,0,1080,1920,1361,126,1503,267,20022,0.01,,
2067074,4270492,13206844,6,1,1560,1,1080,1920,258,226,399,368,20022,0.01,,
2067075,4270492,13206844,6,1,1560,2,1080,1920,824,328,906,410,6724,0.003,,
2067076,4270492,13206844,6,1,1584,0,1080,1920,1031,195,1324,489,86142,0.042,,
2067077,4270492,13206844,6,1,1608,0,1080,1920,1298,166,1592,459,86142,0.042,,
2067078,4270492,13206844,6,1,1632,0,1080,1920,558,120,762,324,41616,0.02,,
2067079,4270492,13206844,6,1,1632,1,1080,1920,1370,284,1539,454,28730,0.014,,
2067080,4270492,13206844,6,1,1656,0,1080,1920,711,208,1063,560,123904,0.06,,
2067081,4270492,13206844,6,1,1680,0,1080,1920,441,95,611,265,28900,0.014,,
2067082,4270492,13206844,6,1,1680,1,1080,1920,825,297,924,395,9702,0.005,,
2067083,4270492,13206844,6,1,1704,0,1080,1920,441,95,611,265,28900,0.014,,
2067084,4270492,13206844,6,1,1704,1,1080,1920,815,307,914,405,9702,0.005,,
2067085,4270492,13206844,6,1,1728,0,1080,1920,441,112,611,282,28900,0.014,,
2067086,4270492,13206844,6,1,1728,1,1080,1920,815,307,914,405,9702,0.005,,
2067087,4270492,13206844,6,1,1752,0,1080,1920,890,208,1242,560,123904,0.06,,
2067088,4270492,13206844,6,1,1776,0,1080,1920,890,208,1242,560,123904,0.06,,
2067089,4270492,13206844,6,1,1800,0,1080,1920,890,208,1242,560,123904,0.06,,
2067090,4270492,13206844,6,1,1824,0,1080,1920,1078,280,1323,525,60025,0.029,,
2067091,4270492,13206844,6,1,1848,0,1080,1920,1054,305,1298,550,59780,0.029,,
2067092,4270492,13206844,6,1,1872,0,1080,1920,940,175,1362,598,178506,0.086,,
2067093,4270492,13206844,6,1,1896,0,1080,1920,897,159,1404,666,257049,0.124,,
2067094,4270492,13206844,6,1,2664,0,1080,1920,555,344,849,637,86142,0.042,,
2067095,4270492,13206844,6,1,2688,0,1080,1920,585,255,878,548,85849,0.041,,
2067096,4270492,13206844,6,1,2712,0,1080,1920,1578,380,1647,449,4761,0.002,,
2067097,4270492,13206844,6,1,2808,0,1080,1920,1596,594,1678,676,6724,0.003,,
2067098,4270492,13206844,6,1,2856,0,1080,1920,286,503,530,748,59780,0.029,,
2067099,4270492,13206844,6,1,2856,1,1080,1920,894,436,962,504,4624,0.002,,
2067100,4270492,13206844,6,1,2856,2,1080,1920,575,444,657,526,6724,0.003,,
2067101,4270492,13206844,6,1,2880,0,1080,1920,169,463,462,756,85849,0.041,,
2067102,4270492,13206844,6,1,2880,1,1080,1920,501,353,583,435,6724,0.003,,
2067103,4270492,13206844,6,1,2880,2,1080,1920,818,353,886,421,4624,0.002,,
2067104,4270492,13206844,6,1,2904,0,1080,1920,261,379,506,624,60025,0.029,,
2067105,4270492,13206844,6,1,2928,0,1080,1920,1620,422,1688,490,4624,0.002,,
2067106,4270492,13206844,6,1,2952,0,1080,1920,509,107,753,351,59536,0.029,,
2067107,4270492,13206844,6,1,2952,1,1080,1920,1405,453,1487,535,6724,0.003,,
2067108,4270492,13206844,6,1,2952,2,1080,1920,1671,417,1770,515,9702,0.005,,
2067109,4270492,13206844,6,1,2976,0,1080,1920,534,132,778,376,59536,0.029,,
2067110,4270492,13206844,6,1,2976,1,1080,1920,1413,494,1495,576,6724,0.003,,
2067111,4270492,13206844,6,1,2976,2,1080,1920,1721,456,1819,555,9702,0.005,,
2067112,4270492,13206844,6,1,3000,0,1080,1920,410,206,654,450,59536,0.029,,
2067113,4270492,13206844,6,1,3000,1,1080,1920,742,401,810,469,4624,0.002,,
2067114,4270492,13206844,6,1,3024,0,1080,1920,166,223,370,427,41616,0.02,,
2067115,4270492,13206844,6,1,3024,1,1080,1920,1090,486,1172,568,6724,0.003,,
2067116,4270492,13206844,6,1,3048,0,1080,1920,517,99,720,303,41412,0.02,,
2067117,4270492,13206844,6,1,3048,1,1080,1920,1529,502,1611,584,6724,0.003,,
2067118,4270492,13206844,6,1,3072,0,1080,1920,435,156,679,401,59780,0.029,,
2067119,4270492,13206844,6,1,3096,0,1080,1920,290,182,493,385,41209,0.02,,
2067120,4270492,13206844,6,1,3096,1,1080,1920,1472,546,1571,644,9702,0.005,,
2067121,4270492,13206844,6,1,3120,0,1080,1920,537,202,741,406,41616,0.02,,
2067122,4270492,13206844,6,1,3120,1,1080,1920,1582,536,1680,634,9604,0.005,,
2067123,4270492,13206844,6,1,3120,2,1080,1920,852,387,921,456,4761,0.002,,
2067124,4270492,13206844,6,1,3648,0,1080,1920,854,267,1024,437,28900,0.014,,
2067125,4270492,13206844,6,1,3672,0,1080,1920,854,267,1024,437,28900,0.014,,
2067126,4270492,13206844,6,1,3768,0,1080,1920,854,267,1024,437,28900,0.014,,
2067127,4270492,13206844,6,1,3792,0,1080,1920,888,269,1030,411,20164,0.01,,
2067128,4270492,13206844,6,1,3816,0,1080,1920,888,250,1058,420,28900,0.014,,
2067129,4270492,13206844,6,1,3840,0,1080,1920,871,250,1041,420,28900,0.014,,
2067130,4270492,13206844,6,1,3936,0,1080,1920,854,164,1024,334,28900,0.014,,
2067131,4270492,13206844,6,1,3936,1,1080,1920,1443,649,1561,767,13924,0.007,,
2067132,4270492,13206844,6,1,3960,0,1080,1920,847,140,1051,344,41616,0.02,,
2067133,4270492,13206844,6,1,3984,0,1080,1920,922,181,1092,351,28900,0.014,,
2067134,4270492,13206844,6,1,3984,1,1080,1920,1447,642,1589,783,20022,0.01,,
2067135,4270492,13206844,6,1,4008,0,1080,1920,940,181,1110,351,28900,0.014,,
2067136,4270492,13206844,6,1,4128,0,1080,1920,764,288,812,335,2256,0.001,,
2067137,4270492,13206844,6,1,4152,0,1080,1920,711,283,759,330,2256,0.001,,
2067138,4270492,13206844,6,1,4176,0,1080,1920,687,286,744,343,3249,0.002,,
2067139,4270492,13206844,6,1,4200,0,1080,1920,681,252,738,309,3249,0.002,,
2067140,4270492,13206844,6,1,4224,0,1080,1920,704,235,761,292,3249,0.002,,
2067141,4270492,13206844,6,1,4248,0,1080,1920,652,240,709,297,3249,0.002,,
2067142,4270492,13206844,6,1,4272,0,1080,1920,589,258,646,315,3249,0.002,,
2067143,4270492,13206844,6,1,4536,0,1080,1920,1180,216,1350,385,28730,0.014,,
2067144,4270492,13206844,6,1,4560,0,1080,1920,1094,140,1298,344,41616,0.02,,
2067145,4270492,13206844,6,1,4584,0,1080,1920,1115,161,1319,365,41616,0.02,,
2067146,4270492,13206844,6,1,4608,0,1080,1920,1129,164,1299,334,28900,0.014,,
2067147,4270492,13206844,6,1,4632,0,1080,1920,1043,147,1213,317,28900,0.014,,
2067148,4270492,13206844,6,1,4656,0,1080,1920,1077,164,1247,334,28900,0.014,,
2067149,4270492,13206844,6,1,4680,0,1080,1920,1053,140,1257,344,41616,0.02,,
2067150,4270492,13206844,6,1,4704,0,1080,1920,1060,164,1230,334,28900,0.014,,
2067151,4270492,13206844,6,1,4728,0,1080,1920,1060,164,1230,334,28900,0.014,,
2067152,4270492,13206844,6,1,4752,0,1080,1920,1077,181,1247,351,28900,0.014,,
2067153,4270492,13206844,6,1,4776,0,1080,1920,1094,181,1264,351,28900,0.014,,
2067154,4270492,13206844,6,1,4800,0,1080,1920,1094,181,1264,351,28900,0.014,,
2067155,4270492,13206844,6,1,4824,0,1080,1920,1094,164,1264,334,28900,0.014,,
2067156,4270492,13206844,6,1,4848,0,1080,1920,1094,164,1264,334,28900,0.014,,
2067157,4270492,13206844,6,1,4872,0,1080,1920,1077,181,1247,351,28900,0.014,,
2067158,4270492,13206844,6,1,4896,0,1080,1920,1146,181,1316,351,28900,0.014,,
2067159,4270492,13206844,6,1,4920,0,1080,1920,1342,264,1546,468,41616,0.02,,
2067160,4270492,13206844,6,1,4968,0,1080,1920,1163,198,1333,368,28900,0.014,,
2067161,4270492,13206844,6,1,4992,0,1080,1920,1094,198,1264,368,28900,0.014,,
2067162,4270492,13206844,6,1,5016,0,1080,1920,1129,164,1299,334,28900,0.014,,
2067163,4270492,13206844,6,1,5040,0,1080,1920,1129,164,1299,334,28900,0.014,,
2067164,4270492,13206844,6,1,5064,0,1080,1920,1218,120,1422,324,41616,0.02,,
2067165,4270492,13206844,6,1,5088,0,1080,1920,1466,0,1670,200,40800,0.02,,
2067166,4270492,13206844,6,1,5184,0,1080,1920,793,47,1087,340,86142,0.042,,
2067167,4270492,13206844,6,1,5208,0,1080,1920,1175,137,1527,489,123904,0.06,,
2067168,4270492,13206844,6,1,5232,0,1080,1920,1211,244,1563,596,123904,0.06,,
2067169,4270492,13206844,6,1,5256,0,1080,1920,1139,315,1491,667,123904,0.06,,
2067170,4270492,13206844,6,1,5280,0,1080,1920,982,261,1405,683,178506,0.086,,
2067171,4270492,13206844,6,1,5304,0,1080,1920,961,279,1313,632,124256,0.06,,
2067172,4270492,13206844,6,1,5328,0,1080,1920,925,279,1277,632,124256,0.06,,
2067173,4270492,13206844,6,1,5352,0,1080,1920,925,279,1277,632,124256,0.06,,
2067174,4270492,13206844,6,1,5376,0,1080,1920,961,279,1313,632,124256,0.06,,
2067175,4270492,13206844,6,1,5400,0,1080,1920,1276,279,1394,397,13924,0.007,,
2067176,4270492,13206844,6,1,5400,1,1080,1920,659,97,801,239,20164,0.01,,
2067177,4270492,13206844,6,1,5424,0,1080,1920,1264,291,1382,409,13924,0.007,,
2067178,4270492,13206844,6,1,5424,1,1080,1920,759,140,901,282,20164,0.01,,
2067179,4270492,13206844,6,1,5448,0,1080,1920,1264,291,1382,409,13924,0.007,,
2067180,4270492,13206844,6,1,5448,1,1080,1920,817,169,958,310,19881,0.01,,
2067181,4270492,13206844,6,1,5472,0,1080,1920,1264,291,1382,409,13924,0.007,,
2067182,4270492,13206844,6,1,5496,0,1080,1920,1276,279,1394,397,13924,0.007,,
2067183,4270492,13206844,6,1,5520,0,1080,1920,1276,279,1394,397,13924,0.007,,
2067184,4270492,13206844,6,1,5520,1,1080,1920,727,112,845,230,13924,0.007,,
2067185,4270492,13206844,6,1,5544,0,1080,1920,1288,291,1406,409,13924,0.007,,
2067186,4270492,13206844,6,1,5544,1,1080,1920,645,154,786,296,20022,0.01,,
2067187,4270492,13206844,6,1,5568,0,1080,1920,1300,303,1418,421,13924,0.007,,
2067188,4270492,13206844,6,1,5592,0,1080,1920,1312,303,1430,421,13924,0.007,,
2067189,4270492,13206844,6,1,5592,1,1080,1920,673,126,815,267,20022,0.01,,
2067190,4270492,13206844,6,1,5616,0,1080,1920,1336,315,1454,433,13924,0.007,,
2067191,4270492,13206844,6,1,5616,1,1080,1920,731,111,872,253,20022,0.01,,
2067192,4270492,13206844,6,1,5640,0,1080,1920,1383,315,1501,433,13924,0.007,,
2067193,4270492,13206844,6,1,5640,1,1080,1920,860,126,1001,267,19881,0.01,,
2067194,4270492,13206844,6,1,5664,0,1080,1920,971,374,1265,667,86142,0.042,,
2067195,4270492,13206844,6,1,5688,0,1080,1920,925,351,1277,703,123904,0.06,,
2067196,4270492,13206844,6,1,5712,0,1080,1920,961,315,1313,667,123904,0.06,,
2067197,4270492,13206844,6,1,5736,0,1080,1920,942,374,1235,667,85849,0.041,,
2067198,4270492,13206844,6,1,5760,0,1080,1920,1032,208,1384,560,123904,0.06,,
2067199,4270492,13206844,6,1,5784,0,1080,1920,1120,285,1413,578,85849,0.041,,
2067200,4270492,13206844,6,1,5808,0,1080,1920,1031,255,1324,548,85849,0.041,,
2067201,4270492,13206844,6,1,5832,0,1080,1920,854,303,1277,726,178929,0.086,,
2067202,4270492,13206844,6,1,5856,0,1080,1920,940,261,1362,683,178084,0.086,,
2067203,4270492,13206844,6,1,5880,0,1080,1920,890,279,1242,632,124256,0.06,,
2067204,4270492,13206844,6,1,5904,0,1080,1920,961,208,1313,560,123904,0.06,,
2067205,4270492,13206844,6,1,5928,0,1080,1920,497,244,849,596,123904,0.06,,
2067206,4270492,13206844,6,1,5952,0,1080,1920,971,225,1265,519,86436,0.042,,
2067207,4270492,13206844,6,1,6000,0,1080,1920,908,350,956,397,2256,0.001,,
2067208,4270492,13206844,6,1,6024,0,1080,1920,1205,387,1273,456,4692,0.002,,
2067209,4270492,13206844,6,1,6048,0,1080,1920,1205,387,1273,456,4692,0.002,,
2067210,4270492,13206844,6,1,6072,0,1080,1920,1177,394,1246,462,4692,0.002,,
2067211,4270492,13206844,6,1,6096,0,1080,1920,905,231,1150,475,59780,0.029,,
2067212,4270492,13206844,6,1,6120,0,1080,1920,950,223,1154,427,41616,0.02,,
2067213,4270492,13206844,6,1,6144,0,1080,1920,905,206,1150,450,59780,0.029,,
2067214,4270492,13206844,6,1,6168,0,1080,1920,711,315,1063,667,123904,0.06,,
2067215,4270492,13206844,6,1,6240,0,1080,1920,497,244,849,596,123904,0.06,,
2067216,4270492,13206844,6,1,6264,0,1080,1920,1053,326,1257,530,41616,0.02,,
2067217,4270492,13206844,6,1,6288,0,1080,1920,971,326,1174,530,41412,0.02,,
2067218,4270492,13206844,6,1,6360,0,1080,1920,930,206,1174,450,59536,0.029,,
2067219,4270492,13206844,6,1,6384,0,1080,1920,856,255,1100,500,59780,0.029,,
2067220,4270492,13206844,6,1,6408,0,1080,1920,905,206,1150,450,59780,0.029,,
2067221,4270492,13206844,6,1,6432,0,1080,1920,929,223,1133,427,41616,0.02,,
2067222,4270492,13206844,6,1,6456,0,1080,1920,1067,384,1114,431,2209,0.001,,
2067223,4270492,13206844,6,1,6480,0,1080,1920,1102,407,1159,464,3249,0.002,,
2067224,4270492,13206844,6,1,6504,0,1080,1920,1177,264,1381,468,41616,0.02,,
2067225,4270492,13206844,6,1,6528,0,1080,1920,1094,244,1298,447,41412,0.02,,
2067226,4270492,13206844,6,1,6552,0,1080,1920,1075,240,1216,382,20022,0.01,,
2067227,4270492,13206844,6,1,6576,0,1080,1920,1112,250,1281,420,28730,0.014,,
2067228,4270492,13206844,6,1,6600,0,1080,1920,1146,255,1288,396,20022,0.01,,
2067229,4270492,13206844,6,1,6624,0,1080,1920,747,315,1099,667,123904,0.06,,
2067230,4270492,13206844,6,1,6672,0,1080,1920,509,82,753,327,59780,0.029,,
2067231,4270492,13206844,6,1,6696,0,1080,1920,1376,156,1620,401,59780,0.029,,
2067232,4270492,13206844,6,1,6720,0,1080,1920,1507,161,1711,365,41616,0.02,,
2067233,4270492,13206844,6,1,6744,0,1080,1920,763,166,1057,459,86142,0.042,,
2067234,4270492,13206844,6,1,6768,0,1080,1920,1120,195,1413,489,86142,0.042,,
2067235,4270492,13206844,6,1,6792,0,1080,1920,852,255,1146,548,86142,0.042,,
2067236,4270492,13206844,6,1,6816,0,1080,1920,1004,255,1249,500,60025,0.029,,
2067237,4270492,13206844,6,1,6864,0,1080,1920,283,244,636,596,124256,0.06,,
2067238,4270492,13206844,6,1,6888,0,1080,1920,1211,244,1563,596,123904,0.06,,
2067239,4270492,13206844,6,1,6936,0,1080,1920,960,183,1102,325,20164,0.01,,
2067240,4270492,13206844,6,1,6960,0,1080,1920,960,183,1102,325,20164,0.01,,
2067241,4270492,13206844,6,1,6984,0,1080,1920,960,183,1102,325,20164,0.01,,
2067242,4270492,13206844,6,1,6984,1,1080,1920,630,319,800,489,28900,0.014,,
2067243,4270492,13206844,6,1,7056,0,1080,1920,960,183,1102,325,20164,0.01,,
2067244,4270492,13206844,6,1,7056,1,1080,1920,647,302,817,471,28730,0.014,,
2067245,4270492,13206844,6,1,7080,0,1080,1920,960,183,1102,325,20164,0.01,,
2067246,4270492,13206844,6,1,7104,0,1080,1920,946,183,1087,325,20022,0.01,,
2067247,4270492,13206844,6,1,7128,0,1080,1920,946,169,1087,310,19881,0.01,,
2067248,4270492,13206844,6,1,7152,0,1080,1920,946,169,1087,310,19881,0.01,,
2067249,4270492,13206844,6,1,7176,0,1080,1920,946,169,1087,310,19881,0.01,,
2067250,4270492,13206844,6,1,7200,0,1080,1920,946,169,1087,310,19881,0.01,,
2067251,4270492,13206844,6,1,7200,1,1080,1920,630,302,800,471,28730,0.014,,
2067252,4270492,13206844,6,1,7224,0,1080,1920,946,197,1087,339,20022,0.01,,
2067253,4270492,13206844,6,1,7224,1,1080,1920,630,302,800,471,28730,0.014,,
2067254,4270492,13206844,6,1,7248,0,1080,1920,997,137,1349,489,123904,0.06,,
2067255,4270492,13206844,6,1,7272,0,1080,1920,854,172,1206,525,124256,0.06,,
2067256,4270492,13206844,6,1,7296,0,1080,1920,1104,137,1456,489,123904,0.06,,
2067257,4270492,13206844,6,1,7320,0,1080,1920,997,172,1349,525,124256,0.06,,
2067258,4270492,13206844,6,1,7344,0,1080,1920,818,244,1170,596,123904,0.06,,
2067259,4270492,13206844,6,1,7368,0,1080,1920,890,244,1242,596,123904,0.06,,
2067260,4270492,13206844,6,1,7392,0,1080,1920,940,175,1362,598,178506,0.086,,
2067261,4270492,13206844,6,1,7416,0,1080,1920,897,313,1404,820,257049,0.124,,
2067262,4270492,13206844,6,1,7488,0,1080,1920,1026,250,1195,420,28730,0.014,,
2067263,4270492,13206844,6,1,7512,0,1080,1920,1026,216,1195,385,28561,0.014,,
2067264,4270492,13206844,6,1,7536,0,1080,1920,1043,198,1213,368,28900,0.014,,
2067265,4270492,13206844,6,1,7560,0,1080,1920,1043,147,1213,317,28900,0.014,,
2067266,4270492,13206844,6,1,7560,1,1080,1920,702,244,906,447,41412,0.02,,
2067267,4270492,13206844,6,1,7584,0,1080,1920,931,197,1073,339,20164,0.01,,
2067268,4270492,13206844,6,1,7584,1,1080,1920,599,161,803,365,41616,0.02,,
2067269,4270492,13206844,6,1,7608,0,1080,1920,989,298,1130,439,19881,0.01,,
2067270,4270492,13206844,6,1,7608,1,1080,1920,517,58,720,262,41412,0.02,,
2067271,4270492,13206844,6,1,7632,0,1080,1920,596,112,766,282,28900,0.014,,
2067272,4270492,13206844,6,1,7632,1,1080,1920,989,283,1130,425,20022,0.01,,
2067273,4270492,13206844,6,1,7656,0,1080,1920,974,269,1116,411,20164,0.01,,
2067274,4270492,13206844,6,1,7656,1,1080,1920,424,61,594,231,28900,0.014,,
2067275,4270492,13206844,6,1,7680,0,1080,1920,475,78,645,248,28900,0.014,,
2067276,4270492,13206844,6,1,7680,1,1080,1920,989,283,1130,425,20022,0.01,,
2067277,4270492,13206844,6,1,7704,0,1080,1920,426,175,849,598,178929,0.086,,
2067278,4270492,13206844,6,1,7728,0,1080,1920,390,244,742,596,123904,0.06,,
2067279,4270492,13206844,6,1,7776,0,1080,1920,1282,244,1634,596,123904,0.06,,
2067280,4270492,13206844,6,1,7800,0,1080,1920,383,218,806,640,178506,0.086,,
2067281,4270492,13206844,6,1,7824,0,1080,1920,340,175,763,598,178929,0.086,,
2067282,4270492,13206844,6,1,7848,0,1080,1920,298,218,720,640,178084,0.086,,
2067283,4270492,13206844,6,1,7848,1,1080,1920,1051,313,1558,820,257049,0.124,,
2067284,4270492,13206844,6,1,7872,0,1080,1920,383,218,806,640,178506,0.086,,
2067285,4270492,13206844,6,1,7944,0,1080,1920,1025,175,1448,598,178929,0.086,,
2067286,4270492,13206844,6,1,7992,0,1080,1920,462,244,814,596,123904,0.06,,
2067287,4270492,13206844,6,1,8040,0,1080,1920,462,208,814,560,123904,0.06,,
2067288,4270492,13206844,6,1,8064,0,1080,1920,957,233,1127,403,28900,0.014,,
2067289,4270492,13206844,6,1,8064,1,1080,1920,544,95,714,265,28900,0.014,,
2067290,4270492,13206844,6,1,8088,0,1080,1920,974,269,1116,411,20164,0.01,,
2067291,4270492,13206844,6,1,8088,1,1080,1920,510,112,680,282,28900,0.014,,
2067292,4270492,13206844,6,1,8112,0,1080,1920,974,283,1116,425,20164,0.01,,
2067293,4270492,13206844,6,1,8112,1,1080,1920,544,112,714,282,28900,0.014,,
2067294,4270492,13206844,6,1,8136,0,1080,1920,974,269,1116,411,20164,0.01,,
2067295,4270492,13206844,6,1,8136,1,1080,1920,544,112,714,282,28900,0.014,,
2067296,4270492,13206844,6,1,8160,0,1080,1920,960,269,1102,411,20164,0.01,,
2067297,4270492,13206844,6,1,8160,1,1080,1920,527,112,697,282,28900,0.014,,
2067298,4270492,13206844,6,1,8184,0,1080,1920,960,255,1102,396,20022,0.01,,
2067299,4270492,13206844,6,1,8184,1,1080,1920,527,112,697,282,28900,0.014,,
2067300,4270492,13206844,6,1,8208,0,1080,1920,960,269,1102,411,20164,0.01,,
2067301,4270492,13206844,6,1,8208,1,1080,1920,527,112,697,282,28900,0.014,,
2067302,4270492,13206844,6,1,8232,0,1080,1920,960,269,1102,411,20164,0.01,,
2067303,4270492,13206844,6,1,8232,1,1080,1920,561,147,731,317,28900,0.014,,
2067304,4270492,13206844,6,1,8256,0,1080,1920,960,269,1102,411,20164,0.01,,
2067305,4270492,13206844,6,1,8256,1,1080,1920,424,147,594,317,28900,0.014,,
2067306,4270492,13206844,6,1,8280,0,1080,1920,960,269,1102,411,20164,0.01,,
2067307,4270492,13206844,6,1,8304,0,1080,1920,1026,181,1195,351,28730,0.014,,
2067308,4270492,13206844,6,1,8328,0,1080,1920,960,226,1102,368,20164,0.01,,
2067309,4270492,13206844,6,1,8400,0,1080,1920,1001,219,1119,337,13924,0.007,,
2067310,4270492,13206844,6,1,8424,0,1080,1920,1146,183,1288,325,20164,0.01,,
2067311,4270492,13206844,6,1,8448,0,1080,1920,1118,169,1259,310,19881,0.01,,
2067312,4270492,13206844,6,1,8472,0,1080,1920,1146,154,1288,296,20164,0.01,,
2067313,4270492,13206844,6,1,8496,0,1080,1920,1103,140,1245,282,20164,0.01,,
2067314,4270492,13206844,6,1,8544,0,1080,1920,946,140,1087,282,20022,0.01,,
2067315,4270492,13206844,6,1,8568,0,1080,1920,1232,240,1374,382,20164,0.01,,
2067316,4270492,13206844,6,1,8592,0,1080,1920,946,240,1087,382,20022,0.01,,
2067317,4270492,13206844,6,1,8616,0,1080,1920,903,183,1044,325,20022,0.01,,
2067318,4270492,13206844,6,1,8640,0,1080,1920,297,255,415,373,13924,0.007,,
2067319,4270492,13206844,6,1,8640,1,1080,1920,786,136,904,254,13924,0.007,,
2067320,4270492,13206844,6,1,8664,0,1080,1920,273,255,391,373,13924,0.007,,
2067321,4270492,13206844,6,1,8664,1,1080,1920,786,160,904,278,13924,0.007,,
2067322,4270492,13206844,6,1,8688,0,1080,1920,273,255,391,373,13924,0.007,,
2067323,4270492,13206844,6,1,8688,1,1080,1920,731,154,872,296,20022,0.01,,
2067324,4270492,13206844,6,1,8712,0,1080,1920,989,212,1130,353,19881,0.01,,
2067325,4270492,13206844,6,1,8736,0,1080,1920,1103,140,1245,282,20164,0.01,,
2067326,4270492,13206844,6,1,8760,0,1080,1920,1089,154,1231,296,20164,0.01,,
2067327,4270492,13206844,6,1,8784,0,1080,1920,1060,147,1230,317,28900,0.014,,
2067328,4270492,13206844,6,1,8808,0,1080,1920,1075,169,1216,310,19881,0.01,,
2067329,4270492,13206844,6,1,8832,0,1080,1920,1103,154,1245,296,20164,0.01,,
2067330,4270492,13206844,6,1,8856,0,1080,1920,1103,169,1245,310,20022,0.01,,
2067331,4270492,13206844,6,1,8880,0,1080,1920,1118,183,1259,325,20022,0.01,,
2067332,4270492,13206844,6,1,8904,0,1080,1920,344,267,462,385,13924,0.007,,
2067333,4270492,13206844,6,1,8904,1,1080,1920,846,160,964,278,13924,0.007,,
2067334,4270492,13206844,6,1,8928,0,1080,1920,846,160,964,278,13924,0.007,,
2067335,4270492,13206844,6,1,8928,1,1080,1920,332,267,450,385,13924,0.007,,
2067336,4270492,13206844,6,1,8952,0,1080,1920,1103,197,1245,339,20164,0.01,,
2067337,4270492,13206844,6,1,8976,0,1080,1920,1103,169,1245,310,20022,0.01,,
2067338,4270492,13206844,6,1,9000,0,1080,1920,846,160,964,278,13924,0.007,,
2067339,4270492,13206844,6,1,9000,1,1080,1920,332,267,450,385,13924,0.007,,
2067340,4270492,13206844,6,1,9024,0,1080,1920,870,172,988,290,13924,0.007,,
2067341,4270492,13206844,6,1,9024,1,1080,1920,332,279,450,397,13924,0.007,,
2067342,4270492,13206844,6,1,9048,0,1080,1920,332,279,450,397,13924,0.007,,
2067343,4270492,13206844,6,1,9048,1,1080,1920,930,208,1048,325,13806,0.007,,
2067344,4270492,13206844,6,1,9072,0,1080,1920,1249,112,1419,282,28900,0.014,,
2067345,4270492,13206844,6,1,9096,0,1080,1920,974,130,1144,299,28730,0.014,,
2067346,4270492,13206844,6,1,9120,0,1080,1920,1094,120,1298,324,41616,0.02,,
2067347,4270492,13206844,6,1,9144,0,1080,1920,1156,161,1360,365,41616,0.02,,
2067348,4270492,13206844,6,1,9168,0,1080,1920,909,202,1113,406,41616,0.02,,
2067349,4270492,13206844,6,1,9192,0,1080,1920,332,255,450,373,13924,0.007,,
2067350,4270492,13206844,6,1,9192,1,1080,1920,703,148,821,266,13924,0.007,,
2067351,4270492,13206844,6,1,9216,0,1080,1920,703,160,821,278,13924,0.007,,
2067352,4270492,13206844,6,1,9216,1,1080,1920,332,255,450,373,13924,0.007,,
2067353,4270492,13206844,6,1,9240,0,1080,1920,929,120,1133,324,41616,0.02,,
2067354,4270492,13206844,6,1,9264,0,1080,1920,880,132,1125,376,59780,0.029,,
2067355,4270492,13206844,6,1,9288,0,1080,1920,880,107,1125,351,59780,0.029,,
2067356,4270492,13206844,6,1,9312,0,1080,1920,905,181,1150,426,60025,0.029,,
2067357,4270492,13206844,6,1,9336,0,1080,1920,880,156,1125,401,60025,0.029,,
2067358,4270492,13206844,6,1,9360,0,1080,1920,310,306,514,509,41412,0.02,,
2067359,4270492,13206844,6,1,9360,1,1080,1920,1218,244,1422,447,41412,0.02,,
2067360,4270492,13206844,6,1,9384,0,1080,1920,290,306,493,509,41209,0.02,,
2067361,4270492,13206844,6,1,9384,1,1080,1920,971,285,1174,489,41412,0.02,,
2067362,4270492,13206844,6,1,9408,0,1080,1920,1301,132,1546,376,59780,0.029,,
2067363,4270492,13206844,6,1,9408,1,1080,1920,269,306,473,509,41412,0.02,,
2067364,4270492,13206844,6,1,9432,0,1080,1920,1239,344,1532,637,85849,0.041,,
2067365,4270492,13206844,6,1,9432,1,1080,1920,62,306,266,509,41412,0.02,,
2067366,4270492,13206844,6,1,9456,0,1080,1920,880,181,1125,426,60025,0.029,,
2067367,4270492,13206844,6,1,9480,0,1080,1920,880,206,1125,450,59780,0.029,,
2067368,4270492,13206844,6,1,9504,0,1080,1920,930,181,1174,426,59780,0.029,,
2067369,4270492,13206844,6,1,9528,0,1080,1920,930,181,1174,426,59780,0.029,,
2067370,4270492,13206844,6,1,9552,0,1080,1920,955,132,1199,376,59536,0.029,,
2067371,4270492,13206844,6,1,9600,0,1080,1920,1357,401,1425,469,4624,0.002,,
2067372,4270492,13206844,6,1,9624,0,1080,1920,1344,407,1401,464,3249,0.002,,
2067373,4270492,13206844,6,1,9648,0,1080,1920,1330,345,1412,427,6724,0.003,,
2067374,4270492,13206844,6,1,9672,0,1080,1920,1312,243,1430,361,13924,0.007,,
2067375,4270492,13206844,6,1,9696,0,1080,1920,643,279,761,397,13924,0.007,,
2067376,4270492,13206844,6,1,9720,0,1080,1920,739,279,856,397,13806,0.007,,
2067377,4270492,13206844,6,1,9744,0,1080,1920,798,160,916,278,13924,0.007,,
2067378,4270492,13206844,6,1,9768,0,1080,1920,476,444,558,526,6724,0.003,,
2067379,4270492,13206844,6,1,9768,1,1080,1920,514,217,571,274,3249,0.002,,
2067380,4270492,13206844,6,1,9768,2,1080,1920,825,208,924,306,9702,0.005,,
2067381,4270492,13206844,6,1,9768,3,1080,1920,750,171,807,228,3249,0.002,,
2067382,4270492,13206844,6,1,9792,0,1080,1920,746,168,844,266,9604,0.005,,
2067383,4270492,13206844,6,1,9792,1,1080,1920,371,216,418,263,2209,0.001,,
2067384,4270492,13206844,6,1,9792,2,1080,1920,629,166,686,222,3192,0.002,,
2067385,4270492,13206844,6,1,9792,3,1080,1920,1173,453,1255,535,6724,0.003,,
2067386,4270492,13206844,6,1,9816,0,1080,1920,169,206,226,263,3249,0.002,,
2067387,4270492,13206844,6,1,9816,1,1080,1920,1084,436,1182,535,9702,0.005,,
2067388,4270492,13206844,6,1,9816,2,1080,1920,634,262,715,344,6642,0.003,,
2067389,4270492,13206844,6,1,9816,3,1080,1920,362,152,430,221,4692,0.002,,
2067390,4270492,13206844,6,1,9816,4,1080,1920,1044,148,1143,246,9702,0.005,,
2067391,4270492,13206844,6,1,9840,0,1080,1920,783,256,852,324,4692,0.002,,
2067392,4270492,13206844,6,1,9840,1,1080,1920,1343,128,1441,226,9604,0.005,,
2067393,4270492,13206844,6,1,9840,2,1080,1920,85,159,154,227,4692,0.002,,
2067394,4270492,13206844,6,1,9840,3,1080,1920,925,426,1023,525,9702,0.005,,
2067395,4270492,13206844,6,1,9864,0,1080,1920,917,169,1059,310,20022,0.01,,
2067396,4270492,13206844,6,1,9888,0,1080,1920,535,148,653,266,13924,0.007,,
2067397,4270492,13206844,6,1,9888,1,1080,1920,1061,506,1179,624,13924,0.007,,
2067398,4270492,13206844,6,1,9912,0,1080,1920,1721,526,1819,624,9604,0.005,,
2067399,4270492,13206844,6,1,9912,1,1080,1920,788,169,930,310,20022,0.01,,
2067400,4270492,13206844,6,1,9936,0,1080,1920,630,147,800,317,28900,0.014,,
2067401,4270492,13206844,6,1,9960,0,1080,1920,578,182,782,385,41412,0.02,,
2067402,4270492,13206844,6,1,9960,1,1080,1920,1068,0,1491,384,162432,0.078,,
2067403,4270492,13206844,6,1,9984,0,1080,1920,1524,82,1769,327,60025,0.029,,
2067404,4270492,13206844,6,1,9984,1,1080,1920,763,195,1057,489,86436,0.042,,
2067405,4270492,13206844,6,1,10008,0,1080,1920,475,147,645,317,28900,0.014,,
2067406,4270492,13206844,6,1,10032,0,1080,1920,909,140,1113,344,41616,0.02,,
2067407,4270492,13206844,6,1,10056,0,1080,1920,802,164,972,334,28900,0.014,,
2067408,4270492,13206844,6,1,10080,0,1080,1920,769,517,808,557,1560,0.001,,
2067409,4270492,13206844,6,1,10080,1,1080,1920,1679,585,1761,667,6724,0.003,,
2067410,4270492,13206844,6,1,10080,2,1080,1920,385,621,424,661,1560,0.001,,
2067411,4270492,13206844,6,1,10104,0,1080,1920,1682,595,1750,663,4624,0.002,,
2067412,4270492,13206844,6,1,10104,1,1080,1920,737,505,776,545,1560,0.001,,
2067413,4270492,13206844,6,1,10104,2,1080,1920,381,621,420,661,1560,0.001,,
2067414,4270492,13206844,6,1,10104,3,1080,1920,1653,513,1692,553,1560,0.001,,
2067415,4270492,13206844,6,1,10104,4,1080,1920,569,553,608,593,1560,0.001,,
2067416,4270492,13206844,6,1,10128,0,1080,1920,1661,602,1729,670,4624,0.002,,
2067417,4270492,13206844,6,1,10128,1,1080,1920,393,625,432,665,1560,0.001,,
2067418,4270492,13206844,6,1,10128,2,1080,1920,759,504,807,551,2256,0.001,,
2067419,4270492,13206844,6,1,10128,3,1080,1920,1661,517,1700,557,1560,0.001,,
2067420,4270492,13206844,6,1,10152,0,1080,1920,1675,595,1743,663,4624,0.002,,
2067421,4270492,13206844,6,1,10152,1,1080,1920,759,504,807,551,2256,0.001,,
2067422,4270492,13206844,6,1,10152,2,1080,1920,389,621,428,661,1560,0.001,,
2067423,4270492,13206844,6,1,10176,0,1080,1920,867,347,1071,551,41616,0.02,,
2067424,4270492,13206844,6,1,10200,0,1080,1920,1074,161,1278,365,41616,0.02,,
2067425,4270492,13206844,6,1,10200,1,1080,1920,161,262,243,344,6724,0.003,,
2067426,4270492,13206844,6,1,10224,0,1080,1920,1008,198,1178,368,28900,0.014,,
2067427,4270492,13206844,6,1,10224,1,1080,1920,1637,328,1719,410,6724,0.003,,
2067428,4270492,13206844,6,1,10224,2,1080,1920,65,263,133,331,4624,0.002,,
2067429,4270492,13206844,6,1,10248,0,1080,1920,991,182,1195,385,41412,0.02,,
2067430,4270492,13206844,6,1,10272,0,1080,1920,950,161,1154,365,41616,0.02,,
2067431,4270492,13206844,6,1,10272,1,1080,1920,144,245,226,327,6724,0.003,,
2067432,4270492,13206844,6,1,10296,0,1080,1920,634,187,715,269,6642,0.003,,
2067433,4270492,13206844,6,1,10296,1,1080,1920,228,247,326,346,9702,0.005,,
2067434,4270492,13206844,6,1,10296,2,1080,1920,874,97,1016,239,20164,0.01,,
2067435,4270492,13206844,6,1,10320,0,1080,1920,646,188,744,286,9604,0.005,,
2067436,4270492,13206844,6,1,10320,1,1080,1920,235,254,317,335,6642,0.003,,
2067437,4270492,13206844,6,1,10320,2,1080,1920,845,97,987,239,20164,0.01,,
2067438,4270492,13206844,6,1,10344,0,1080,1920,609,187,691,269,6724,0.003,,
2067439,4270492,13206844,6,1,10344,1,1080,1920,219,254,301,335,6642,0.003,,
2067440,4270492,13206844,6,1,10344,2,1080,1920,846,124,964,242,13924,0.007,,
2067441,4270492,13206844,6,1,10368,0,1080,1920,600,187,682,269,6724,0.003,,
2067442,4270492,13206844,6,1,10368,1,1080,1920,846,112,964,230,13924,0.007,,
2067443,4270492,13206844,6,1,10368,2,1080,1920,208,247,307,346,9801,0.005,,
2067444,4270492,13206844,6,1,10392,0,1080,1920,909,182,1113,385,41412,0.02,,
2067445,4270492,13206844,6,1,10416,0,1080,1920,929,161,1133,365,41616,0.02,,
2067446,4270492,13206844,6,1,10416,1,1080,1920,177,254,259,335,6642,0.003,,
2067447,4270492,13206844,6,1,10440,0,1080,1920,929,161,1133,365,41616,0.02,,
2067448,4270492,13206844,6,1,10440,1,1080,1920,177,254,259,335,6642,0.003,,
2067449,4270492,13206844,6,1,10464,0,1080,1920,909,182,1113,385,41412,0.02,,
2067450,4270492,13206844,6,1,10464,1,1080,1920,161,245,243,327,6724,0.003,,
2067451,4270492,13206844,6,1,10488,0,1080,1920,909,182,1113,385,41412,0.02,,
2067452,4270492,13206844,6,1,10488,1,1080,1920,169,254,251,335,6642,0.003,,
2067453,4270492,13206844,6,1,10512,0,1080,1920,909,182,1113,385,41412,0.02,,
2067454,4270492,13206844,6,1,10536,0,1080,1920,909,182,1113,385,41412,0.02,,
2067455,4270492,13206844,6,1,10560,0,1080,1920,909,182,1113,385,41412,0.02,,
2067456,4270492,13206844,6,1,10584,0,1080,1920,1164,254,1246,335,6642,0.003,,
2067457,4270492,13206844,6,1,10584,1,1080,1920,696,168,794,266,9604,0.005,,
2067458,4270492,13206844,6,1,10608,0,1080,1920,727,124,845,242,13924,0.007,,
2067459,4270492,13206844,6,1,10608,1,1080,1920,1114,247,1212,346,9702,0.005,,
2067460,4270492,13206844,6,1,10632,0,1080,1920,161,254,243,335,6642,0.003,,
2067461,4270492,13206844,6,1,10632,1,1080,1920,537,178,635,276,9604,0.005,,
2067462,4270492,13206844,6,1,10632,2,1080,1920,786,124,904,242,13924,0.007,,
2067463,4270492,13206844,6,1,10656,0,1080,1920,455,99,658,303,41412,0.02,,
2067464,4270492,13206844,6,1,10680,0,1080,1920,455,140,658,344,41412,0.02,,
2067465,4270492,13206844,6,1,10704,0,1080,1920,1103,156,1348,401,60025,0.029,,
2067466,4270492,13206844,6,1,10704,1,1080,1920,762,518,880,636,13924,0.007,,
2067467,4270492,13206844,6,1,10728,0,1080,1920,1094,182,1298,385,41412,0.02,,
2067468,4270492,13206844,6,1,10728,1,1080,1920,762,518,880,636,13924,0.007,,
2067469,4270492,13206844,6,1,10752,0,1080,1920,1094,161,1298,365,41616,0.02,,
2067470,4270492,13206844,6,1,10752,1,1080,1920,762,518,880,636,13924,0.007,,
2067471,4270492,13206844,6,1,10776,0,1080,1920,558,82,803,327,60025,0.029,,
2067472,4270492,13206844,6,1,10800,0,1080,1920,599,120,803,324,41616,0.02,,
2067473,4270492,13206844,6,1,10824,0,1080,1920,1103,156,1348,401,60025,0.029,,
2067474,4270492,13206844,6,1,10824,1,1080,1920,762,518,880,636,13924,0.007,,
2067475,4270492,13206844,6,1,10848,0,1080,1920,1103,156,1348,401,60025,0.029,,
2067476,4270492,13206844,6,1,10848,1,1080,1920,750,518,868,636,13924,0.007,,
2067477,4270492,13206844,6,1,10872,0,1080,1920,1136,161,1340,365,41616,0.02,,
2067478,4270492,13206844,6,1,10896,0,1080,1920,119,245,201,327,6724,0.003,,
2067479,4270492,13206844,6,1,10896,1,1080,1920,501,171,583,253,6724,0.003,,
2067480,4270492,13206844,6,1,10896,2,1080,1920,774,112,892,230,13924,0.007,,
2067481,4270492,13206844,6,1,10920,0,1080,1920,487,168,585,266,9604,0.005,,
2067482,4270492,13206844,6,1,10920,1,1080,1920,786,118,884,216,9604,0.005,,
2067483,4270492,13206844,6,1,10920,2,1080,1920,390,206,437,254,2256,0.001,,
2067484,4270492,13206844,6,1,10944,0,1080,1920,487,168,585,266,9604,0.005,,
2067485,4270492,13206844,6,1,10944,1,1080,1920,774,112,892,230,13924,0.007,,
2067486,4270492,13206844,6,1,10944,2,1080,1920,390,206,437,254,2256,0.001,,
2067487,4270492,13206844,6,1,10968,0,1080,1920,929,182,1133,385,41412,0.02,,
2067488,4270492,13206844,6,1,10968,1,1080,1920,152,254,234,335,6642,0.003,,
2067489,4270492,13206844,6,1,10968,2,1080,1920,1488,320,1570,402,6724,0.003,,
2067490,4270492,13206844,6,1,10992,0,1080,1920,929,182,1133,385,41412,0.02,,
2067491,4270492,13206844,6,1,10992,1,1080,1920,152,254,234,335,6642,0.003,,
2067492,4270492,13206844,6,1,10992,2,1080,1920,1488,320,1570,402,6724,0.003,,
2067493,4270492,13206844,6,1,11016,0,1080,1920,929,182,1133,385,41412,0.02,,
2067494,4270492,13206844,6,1,11016,1,1080,1920,161,254,243,335,6642,0.003,,
2067495,4270492,13206844,6,1,11040,0,1080,1920,940,198,1110,368,28900,0.014,,
2067496,4270492,13206844,6,1,11040,1,1080,1920,161,254,243,335,6642,0.003,,
2067497,4270492,13206844,6,1,11064,0,1080,1920,909,223,1113,427,41616,0.02,,
2067498,4270492,13206844,6,1,11064,1,1080,1920,161,254,243,335,6642,0.003,,
2067499,4270492,13206844,6,1,11088,0,1080,1920,922,233,1092,403,28900,0.014,,
2067500,4270492,13206844,6,1,11088,1,1080,1920,161,254,243,335,6642,0.003,,
2067501,4270492,13206844,6,1,11160,0,1080,1920,823,255,1116,548,85849,0.041,,
2067502,4270492,13206844,6,1,11184,0,1080,1920,856,280,1100,525,59780,0.029,,
2067503,4270492,13206844,6,1,11208,0,1080,1920,793,195,1087,489,86436,0.042,,
2067504,4270492,13206844,6,1,11232,0,1080,1920,793,195,1087,489,86436,0.042,,
2067505,4270492,13206844,6,1,11256,0,1080,1920,746,148,844,246,9604,0.005,,
2067506,4270492,13206844,6,1,11256,1,1080,1920,1114,257,1212,356,9702,0.005,,
2067507,4270492,13206844,6,1,11280,0,1080,1920,786,158,884,256,9604,0.005,,
2067508,4270492,13206844,6,1,11280,1,1080,1920,1114,257,1212,356,9702,0.005,,
2067509,4270492,13206844,6,1,11304,0,1080,1920,1114,257,1212,356,9702,0.005,,
2067510,4270492,13206844,6,1,11304,1,1080,1920,776,158,874,256,9604,0.005,,
2067511,4270492,13206844,6,1,11328,0,1080,1920,766,158,864,256,9604,0.005,,
2067512,4270492,13206844,6,1,11328,1,1080,1920,1104,257,1202,356,9702,0.005,,
2067513,4270492,13206844,6,1,11352,0,1080,1920,1123,270,1205,352,6724,0.003,,
2067514,4270492,13206844,6,1,11352,1,1080,1920,766,158,864,256,9604,0.005,,
2067515,4270492,13206844,6,1,11376,0,1080,1920,1033,182,1236,385,41209,0.02,,
2067516,4270492,13206844,6,1,11376,1,1080,1920,1598,327,1716,445,13924,0.007,,
2067517,4270492,13206844,6,1,11400,0,1080,1920,1004,181,1249,426,60025,0.029,,
2067518,4270492,13206844,6,1,11400,1,1080,1920,1598,339,1716,457,13924,0.007,,
2067519,4270492,13206844,6,1,11424,0,1080,1920,942,166,1235,459,85849,0.041,,
2067520,4270492,13206844,6,1,11424,1,1080,1920,1610,339,1728,457,13924,0.007,,
2067521,4270492,13206844,6,1,11448,0,1080,1920,942,195,1235,489,86142,0.042,,
2067522,4270492,13206844,6,1,11448,1,1080,1920,1619,355,1761,497,20164,0.01,,
2067523,4270492,13206844,6,1,11472,0,1080,1920,890,208,1242,560,123904,0.06,,
2067524,4270492,13206844,6,1,11472,1,1080,1920,1662,355,1804,497,20164,0.01,,
2067525,4270492,13206844,6,1,11544,0,1080,1920,948,159,1455,666,257049,0.124,,
2067526,4270492,13206844,6,1,11568,0,1080,1920,948,262,1455,769,257049,0.124,,
2067527,4270492,13206844,6,1,11592,0,1080,1920,948,210,1455,717,257049,0.124,,
2067528,4270492,13206844,6,1,11616,0,1080,1920,897,210,1404,717,257049,0.124,,
2067529,4270492,13206844,6,1,11640,0,1080,1920,1143,230,1191,277,2256,0.001,,
2067530,4270492,13206844,6,1,11640,1,1080,1920,1661,58,1760,157,9801,0.005,,
2067531,4270492,13206844,6,1,11640,2,1080,1920,575,146,657,228,6724,0.003,,
2067532,4270492,13206844,6,1,11664,0,1080,1920,1143,230,1191,277,2256,0.001,,
2067533,4270492,13206844,6,1,11664,1,1080,1920,1679,71,1761,153,6724,0.003,,
2067534,4270492,13206844,6,1,11664,2,1080,1920,575,146,657,228,6724,0.003,,
2067535,4270492,13206844,6,1,11688,0,1080,1920,1687,71,1769,153,6724,0.003,,
2067536,4270492,13206844,6,1,11688,1,1080,1920,1148,225,1196,273,2304,0.001,,
2067537,4270492,13206844,6,1,11688,2,1080,1920,590,152,658,221,4692,0.002,,
2067538,4270492,13206844,6,1,11712,0,1080,1920,496,182,700,385,41412,0.02,,
2067539,4270492,13206844,6,1,11736,0,1080,1920,1148,225,1196,273,2304,0.001,,
2067540,4270492,13206844,6,1,11736,1,1080,1920,583,152,651,221,4692,0.002,,
2067541,4270492,13206844,6,1,11736,2,1080,1920,1681,68,1780,166,9702,0.005,,
2067542,4270492,13206844,6,1,11736,3,1080,1920,261,88,379,206,13924,0.007,,
2067543,4270492,13206844,6,1,11760,0,1080,1920,1148,225,1196,273,2304,0.001,,
2067544,4270492,13206844,6,1,11760,1,1080,1920,590,152,658,221,4692,0.002,,
2067545,4270492,13206844,6,1,11760,2,1080,1920,1544,125,1612,193,4624,0.002,,
2067546,4270492,13206844,6,1,11760,3,1080,1920,1654,79,1736,161,6724,0.003,,
2067547,4270492,13206844,6,1,11760,4,1080,1920,261,88,379,206,13924,0.007,,
2067548,4270492,13206844,6,1,11784,0,1080,1920,1142,217,1199,274,3249,0.002,,
2067549,4270492,13206844,6,1,11784,1,1080,1920,1654,71,1736,153,6724,0.003,,
2067550,4270492,13206844,6,1,11784,2,1080,1920,584,146,666,228,6724,0.003,,
2067551,4270492,13206844,6,1,11784,3,1080,1920,261,88,379,206,13924,0.007,,
2067552,4270492,13206844,6,1,11808,0,1080,1920,1148,225,1196,273,2304,0.001,,
2067553,4270492,13206844,6,1,11808,1,1080,1920,1661,68,1760,166,9702,0.005,,
2067554,4270492,13206844,6,1,11808,2,1080,1920,575,146,657,228,6724,0.003,,
2067555,4270492,13206844,6,1,11808,3,1080,1920,249,88,367,206,13924,0.007,,
2067556,4270492,13206844,6,1,11832,0,1080,1920,1148,225,1196,273,2304,0.001,,
2067557,4270492,13206844,6,1,11832,1,1080,1920,1661,58,1760,157,9801,0.005,,
2067558,4270492,13206844,6,1,11832,2,1080,1920,575,146,657,228,6724,0.003,,
2067559,4270492,13206844,6,1,11832,3,1080,1920,1364,187,1432,255,4624,0.002,,
2067560,4270492,13206844,6,1,11832,4,1080,1920,261,88,379,206,13924,0.007,,
2067561,4270492,13206844,6,1,11856,0,1080,1920,1148,225,1196,273,2304,0.001,,
2067562,4270492,13206844,6,1,11856,1,1080,1920,1357,166,1425,234,4624,0.002,,
2067563,4270492,13206844,6,1,11856,2,1080,1920,1654,71,1736,153,6724,0.003,,
2067564,4270492,13206844,6,1,11856,3,1080,1920,575,146,657,228,6724,0.003,,
2067565,4270492,13206844,6,1,11856,4,1080,1920,249,88,367,206,13924,0.007,,
2067566,4270492,13206844,6,1,11880,0,1080,1920,1078,132,1323,376,59780,0.029,,
2067567,4270492,13206844,6,1,11904,0,1080,1920,905,107,1150,351,59780,0.029,,
2067568,4270492,13206844,6,1,11928,0,1080,1920,578,161,782,365,41616,0.02,,
2067569,4270492,13206844,6,1,11952,0,1080,1920,585,136,878,429,85849,0.041,,
2067570,4270492,13206844,6,1,11976,0,1080,1920,533,137,885,489,123904,0.06,,
2067571,4270492,13206844,6,1,12000,0,1080,1920,558,202,762,406,41616,0.02,,
2067572,4270492,13206844,6,1,12024,0,1080,1920,558,202,762,406,41616,0.02,,
2067573,4270492,13206844,6,1,12048,0,1080,1920,1466,120,1670,324,41616,0.02,,
2067574,4270492,13206844,6,1,12048,1,1080,1920,258,136,552,429,86142,0.042,,
2067575,4270492,13206844,6,1,12072,0,1080,1920,1507,147,1677,317,28900,0.014,,
2067576,4270492,13206844,6,1,12072,1,1080,1920,311,156,555,401,59780,0.029,,
2067577,4270492,13206844,6,1,12096,0,1080,1920,1569,120,1773,324,41616,0.02,,
2067578,4270492,13206844,6,1,12096,1,1080,1920,335,156,580,401,60025,0.029,,
2067579,4270492,13206844,6,1,12120,0,1080,1920,1528,99,1732,303,41616,0.02,,
2067580,4270492,13206844,6,1,12120,1,1080,1920,335,132,580,376,59780,0.029,,
2067581,4270492,13206844,6,1,12120,2,1080,1920,619,303,737,421,13924,0.007,,
2067582,4270492,13206844,6,1,12144,0,1080,1920,1507,120,1711,324,41616,0.02,,
2067583,4270492,13206844,6,1,12144,1,1080,1920,286,156,530,401,59780,0.029,,
2067584,4270492,13206844,6,1,12168,0,1080,1920,1473,130,1643,299,28730,0.014,,
2067585,4270492,13206844,6,1,12168,1,1080,1920,286,156,530,401,59780,0.029,,
2067586,4270492,13206844,6,1,12192,0,1080,1920,1421,147,1591,317,28900,0.014,,
2067587,4270492,13206844,6,1,12192,1,1080,1920,261,156,506,401,60025,0.029,,
2067588,4270492,13206844,6,1,12216,0,1080,1920,615,136,908,429,85849,0.041,,
2067589,4270492,13206844,6,1,12240,0,1080,1920,615,136,908,429,85849,0.041,,
2067590,4270492,13206844,6,1,12264,0,1080,1920,633,156,877,401,59780,0.029,,
2067591,4270492,13206844,6,1,12288,0,1080,1920,615,166,908,459,85849,0.041,,
2067592,4270492,13206844,6,1,12312,0,1080,1920,615,166,908,459,85849,0.041,,
2067593,4270492,13206844,6,1,12336,0,1080,1920,615,166,908,459,85849,0.041,,
2067594,4270492,13206844,6,1,12360,0,1080,1920,1031,166,1324,459,85849,0.041,,
2067595,4270492,13206844,6,1,12384,0,1080,1920,1032,101,1384,453,123904,0.06,,
2067596,4270492,13206844,6,1,12408,0,1080,1920,615,166,908,459,85849,0.041,,
2067597,4270492,13206844,6,1,12432,0,1080,1920,633,181,877,426,59780,0.029,,
2067598,4270492,13206844,6,1,12456,0,1080,1920,585,136,878,429,85849,0.041,,
2067599,4270492,13206844,6,1,12480,0,1080,1920,608,156,852,401,59780,0.029,,
2067600,4270492,13206844,6,1,12504,0,1080,1920,633,132,877,376,59536,0.029,,
2067601,4270492,13206844,6,1,12528,0,1080,1920,615,136,908,429,85849,0.041,,
2067602,4270492,13206844,6,1,12552,0,1080,1920,644,106,938,400,86436,0.042,,
2067603,4270492,13206844,6,1,12576,0,1080,1920,644,136,938,429,86142,0.042,,
2067604,4270492,13206844,6,1,12600,0,1080,1920,657,132,902,376,59780,0.029,,
2067605,4270492,13206844,6,1,12624,0,1080,1920,942,136,1235,429,85849,0.041,,
2067606,4270492,13206844,6,1,12648,0,1080,1920,1269,255,1562,548,85849,0.041,,
2067607,4270492,13206844,6,1,12672,0,1080,1920,897,389,1319,812,178506,0.086,,
2067608,4270492,13206844,6,1,12696,0,1080,1920,517,223,720,427,41412,0.02,,
2067609,4270492,13206844,6,1,12720,0,1080,1920,1301,132,1546,376,59780,0.029,,
2067610,4270492,13206844,6,1,12744,0,1080,1920,1252,132,1496,376,59536,0.029,,
2067611,4270492,13206844,6,1,12768,0,1080,1920,248,264,452,468,41616,0.02,,
2067612,4270492,13206844,6,1,12768,1,1080,1920,1252,132,1496,376,59536,0.029,,
2067613,4270492,13206844,6,1,12792,0,1080,1920,544,267,714,437,28900,0.014,,
2067614,4270492,13206844,6,1,12792,1,1080,1920,1252,132,1496,376,59536,0.029,,
2067615,4270492,13206844,6,1,12816,0,1080,1920,633,255,877,500,59780,0.029,,
2067616,4270492,13206844,6,1,12840,0,1080,1920,657,231,902,475,59780,0.029,,
2067617,4270492,13206844,6,1,12864,0,1080,1920,682,255,927,500,60025,0.029,,
2067618,4270492,13206844,6,1,12888,0,1080,1920,756,206,1001,450,59780,0.029,,
2067619,4270492,13206844,6,1,12912,0,1080,1920,764,223,968,427,41616,0.02,,
2067620,4270492,13206844,6,1,12936,0,1080,1920,707,206,952,450,59780,0.029,,
2067621,4270492,13206844,6,1,12960,0,1080,1920,1383,120,1587,324,41616,0.02,,
2067622,4270492,13206844,6,1,12960,1,1080,1920,212,156,456,401,59780,0.029,,
2067623,4270492,13206844,6,1,12984,0,1080,1920,569,137,921,489,123904,0.06,,
2067624,4270492,13206844,6,1,13008,0,1080,1920,1425,120,1628,324,41412,0.02,,
2067625,4270492,13206844,6,1,13008,1,1080,1920,236,156,481,401,60025,0.029,,
2067626,4270492,13206844,6,1,13032,0,1080,1920,534,107,778,351,59536,0.029,,
2067627,4270492,13206844,6,1,13056,0,1080,1920,596,198,766,368,28900,0.014,,
2067628,4270492,13206844,6,1,13080,0,1080,1920,1061,136,1354,429,85849,0.041,,
2067629,4270492,13206844,6,1,13104,0,1080,1920,961,137,1313,489,123904,0.06,,
2067630,4270492,13206844,6,1,13128,0,1080,1920,1139,137,1491,489,123904,0.06,,
2067631,4270492,13206844,6,1,13152,0,1080,1920,1031,106,1324,400,86142,0.042,,
2067632,4270492,13206844,6,1,13176,0,1080,1920,1179,106,1473,400,86436,0.042,,
2067633,4270492,13206844,6,1,13200,0,1080,1920,1104,137,1456,489,123904,0.06,,
2067634,4270492,13206844,6,1,13224,0,1080,1920,1104,172,1456,525,124256,0.06,,
2067635,4270492,13206844,6,1,13248,0,1080,1920,1068,137,1420,489,123904,0.06,,
2067636,4270492,13206844,6,1,13272,0,1080,1920,1090,166,1384,459,86142,0.042,,
2067637,4270492,13206844,6,1,13296,0,1080,1920,1068,172,1420,525,124256,0.06,,
2067638,4270492,13206844,6,1,13320,0,1080,1920,961,101,1313,453,123904,0.06,,
2067639,4270492,13206844,6,1,13344,0,1080,1920,1061,225,1354,519,86142,0.042,,
2067640,4270492,13206844,6,1,13368,0,1080,1920,1090,136,1384,429,86142,0.042,,
2067641,4270492,13206844,6,1,13392,0,1080,1920,1032,172,1384,525,124256,0.06,,
2067642,4270492,13206844,6,1,13416,0,1080,1920,1068,137,1420,489,123904,0.06,,
2067643,4270492,13206844,6,1,13440,0,1080,1920,1104,101,1456,453,123904,0.06,,
2067644,4270492,13206844,6,1,13464,0,1080,1920,517,140,720,344,41412,0.02,,
2067645,4270492,13206844,6,1,13488,0,1080,1920,1068,208,1420,560,123904,0.06,,
2067646,4270492,13206844,6,1,13512,0,1080,1920,1031,136,1324,429,85849,0.041,,
2067647,4270492,13206844,6,1,13536,0,1080,1920,647,216,817,385,28730,0.014,,
2067648,4270492,13206844,6,1,13560,0,1080,1920,644,136,938,429,86142,0.042,,
2067649,4270492,13206844,6,1,13584,0,1080,1920,585,136,878,429,85849,0.041,,
2067650,4270492,13206844,6,1,13608,0,1080,1920,1060,97,1202,239,20164,0.01,,
2067651,4270492,13206844,6,1,13608,1,1080,1920,290,140,493,344,41412,0.02,,
2067652,4270492,13206844,6,1,13632,0,1080,1920,1252,231,1496,475,59536,0.029,,
2067653,4270492,13206844,6,1,13656,0,1080,1920,1029,156,1273,401,59780,0.029,,
2067654,4270492,13206844,6,1,13680,0,1080,1920,1153,181,1397,426,59780,0.029,,
2067655,4270492,13206844,6,1,13704,0,1080,1920,436,136,730,429,86142,0.042,,
2067656,4270492,13206844,6,1,13728,0,1080,1920,484,156,729,401,60025,0.029,,
2067657,4270492,13206844,6,1,13752,0,1080,1920,484,132,729,376,59780,0.029,,
2067658,4270492,13206844,6,1,13776,0,1080,1920,1090,136,1384,429,86142,0.042,,
2067659,4270492,13206844,6,1,13800,0,1080,1920,1090,136,1384,429,86142,0.042,,
2067660,4270492,13206844,6,1,13824,0,1080,1920,979,132,1224,376,59780,0.029,,
2067661,4270492,13206844,6,1,13848,0,1080,1920,979,132,1224,376,59780,0.029,,
2067662,4270492,13206844,6,1,13872,0,1080,1920,1029,156,1273,401,59780,0.029,,
2067663,4270492,13206844,6,1,13896,0,1080,1920,1004,156,1249,401,60025,0.029,,
2067664,4270492,13206844,6,1,13920,0,1080,1920,1445,202,1649,406,41616,0.02,,
2067665,4270492,13206844,6,1,13920,1,1080,1920,331,120,535,324,41616,0.02,,
2067666,4270492,13206844,6,1,13944,0,1080,1920,1445,202,1649,406,41616,0.02,,
2067667,4270492,13206844,6,1,13944,1,1080,1920,331,120,535,324,41616,0.02,,
2067668,4270492,13206844,6,1,13968,0,1080,1920,1445,202,1649,406,41616,0.02,,
2067669,4270492,13206844,6,1,13968,1,1080,1920,331,120,535,324,41616,0.02,,
2067670,4270492,13206844,6,1,13992,0,1080,1920,1103,97,1245,239,20164,0.01,,
2067671,4270492,13206844,6,1,13992,1,1080,1920,372,140,576,344,41616,0.02,,
2067672,4270492,13206844,6,1,14016,0,1080,1920,1109,112,1227,230,13924,0.007,,
2067673,4270492,13206844,6,1,14016,1,1080,1920,372,140,576,344,41616,0.02,,
2067674,4270492,13206844,6,1,14040,0,1080,1920,1060,126,1202,267,20022,0.01,,
2067675,4270492,13206844,6,1,14040,1,1080,1920,372,140,576,344,41616,0.02,,
2067676,4270492,13206844,6,1,14064,0,1080,1920,1043,130,1213,299,28730,0.014,,
2067677,4270492,13206844,6,1,14064,1,1080,1920,351,140,555,344,41616,0.02,,
2067678,4270492,13206844,6,1,14088,0,1080,1920,534,181,778,426,59780,0.029,,
2067679,4270492,13206844,6,1,14112,0,1080,1920,534,181,778,426,59780,0.029,,
2067680,4270492,13206844,6,1,14136,0,1080,1920,930,132,1174,376,59536,0.029,,
2067681,4270492,13206844,6,1,14160,0,1080,1920,1004,181,1249,426,60025,0.029,,
2067682,4270492,13206844,6,1,14184,0,1080,1920,1054,206,1298,450,59536,0.029,,
2067683,4270492,13206844,6,1,14208,0,1080,1920,1078,181,1323,426,60025,0.029,,
2067684,4270492,13206844,6,1,14232,0,1080,1920,585,136,878,429,85849,0.041,,
2067685,4270492,13206844,6,1,14256,0,1080,1920,585,136,878,429,85849,0.041,,
2067686,4270492,13206844,6,1,14280,0,1080,1920,1438,130,1608,299,28730,0.014,,
2067687,4270492,13206844,6,1,14280,1,1080,1920,544,126,686,267,20022,0.01,,
2067688,4270492,13206844,6,1,14304,0,1080,1920,1404,130,1574,299,28730,0.014,,
2067689,4270492,13206844,6,1,14304,1,1080,1920,544,111,686,253,20164,0.01,,
2067690,4270492,13206844,6,1,14304,2,1080,1920,1214,257,1312,356,9702,0.005,,
2067691,4270492,13206844,6,1,14328,0,1080,1920,559,111,700,253,20022,0.01,,
2067692,4270492,13206844,6,1,14328,1,1080,1920,1134,247,1232,346,9702,0.005,,
2067693,4270492,13206844,6,1,14352,0,1080,1920,1109,243,1227,361,13924,0.007,,
2067694,4270492,13206844,6,1,14352,1,1080,1920,559,140,700,282,20022,0.01,,
2067695,4270492,13206844,6,1,14376,0,1080,1920,1109,243,1227,361,13924,0.007,,
2067696,4270492,13206844,6,1,14376,1,1080,1920,1281,287,1362,369,6642,0.003,,
2067697,4270492,13206844,6,1,14400,0,1080,1920,1114,247,1212,346,9702,0.005,,
2067698,4270492,13206844,6,1,14400,1,1080,1920,1811,287,1893,369,6724,0.003,,
2067699,4270492,13206844,6,1,14424,0,1080,1920,682,132,927,376,59780,0.029,,
2067700,4270492,13206844,6,1,14424,1,1080,1920,301,255,442,396,19881,0.01,,
2067701,4270492,13206844,6,1,14448,0,1080,1920,682,132,927,376,59780,0.029,,
2067702,4270492,13206844,6,1,14448,1,1080,1920,301,269,442,411,20022,0.01,,
2067703,4270492,13206844,6,1,14472,0,1080,1920,1094,198,1264,368,28900,0.014,,
2067704,4270492,13206844,6,1,14496,0,1080,1920,1112,198,1281,368,28730,0.014,,
2067705,4270492,13206844,6,1,14520,0,1080,1920,1112,216,1281,385,28561,0.014,,
2067706,4270492,13206844,6,1,14544,0,1080,1920,1156,264,1360,468,41616,0.02,,
2067707,4270492,13206844,6,1,14568,0,1080,1920,1144,287,1242,385,9604,0.005,,
2067708,4270492,13206844,6,1,14568,1,1080,1920,1322,254,1404,335,6642,0.003,,
2067709,4270492,13206844,6,1,14592,0,1080,1920,1198,291,1266,359,4624,0.002,,
2067710,4270492,13206844,6,1,14592,1,1080,1920,1751,227,1849,326,9702,0.005,,
2067711,4270492,13206844,6,1,14616,0,1080,1920,604,318,672,386,4624,0.002,,
2067712,4270492,13206844,6,1,14640,0,1080,1920,396,318,465,386,4692,0.002,,
2067713,4270492,13206844,6,1,14664,0,1080,1920,441,216,611,385,28730,0.014,,
2067714,4270492,13206844,6,1,14664,1,1080,1920,1623,231,1868,475,59780,0.029,,
2067715,4270492,13206844,6,1,14688,0,1080,1920,413,202,617,406,41616,0.02,,
2067716,4270492,13206844,6,1,14712,0,1080,1920,756,181,1001,426,60025,0.029,,
2067717,4270492,13206844,6,1,14736,0,1080,1920,633,156,877,401,59780,0.029,,
2067718,4270492,13206844,6,1,14760,0,1080,1920,1542,95,1711,265,28730,0.014,,
2067719,4270492,13206844,6,1,14760,1,1080,1920,368,219,486,337,13924,0.007,,
2067720,4270492,13206844,6,1,14784,0,1080,1920,1447,97,1589,239,20164,0.01,,
2067721,4270492,13206844,6,1,14784,1,1080,1920,368,208,486,325,13806,0.007,,
2067722,4270492,13206844,6,1,14808,0,1080,1920,1404,95,1574,265,28900,0.014,,
2067723,4270492,13206844,6,1,14808,1,1080,1920,368,208,486,325,13806,0.007,,
2067724,4270492,13206844,6,1,14832,0,1080,1920,1387,78,1557,248,28900,0.014,,
2067725,4270492,13206844,6,1,14832,1,1080,1920,368,208,486,325,13806,0.007,,
2067726,4270492,13206844,6,1,14856,0,1080,1920,358,197,500,339,20164,0.01,,
2067727,4270492,13206844,6,1,14856,1,1080,1920,1404,97,1546,239,20164,0.01,,
2067728,4270492,13206844,6,1,14880,0,1080,1920,380,208,498,325,13806,0.007,,
2067729,4270492,13206844,6,1,14880,1,1080,1920,1419,97,1560,239,20022,0.01,,
2067730,4270492,13206844,6,1,14904,0,1080,1920,372,212,514,353,20022,0.01,,
2067731,4270492,13206844,6,1,14904,1,1080,1920,1404,97,1546,239,20164,0.01,,
2067732,4270492,13206844,6,1,14928,0,1080,1920,1419,97,1560,239,20022,0.01,,
2067733,4270492,13206844,6,1,14928,1,1080,1920,473,312,614,454,20022,0.01,,
2067734,4270492,13206844,6,1,14952,0,1080,1920,100,455,242,597,20164,0.01,,
2067735,4270492,13206844,6,1,14952,1,1080,1920,1419,97,1560,239,20022,0.01,,
2067736,4270492,13206844,6,1,14976,0,1080,1920,1387,95,1557,265,28900,0.014,,
2067737,4270492,13206844,6,1,14976,1,1080,1920,261,458,379,576,13924,0.007,,
2067738,4270492,13206844,6,1,15000,0,1080,1920,1387,95,1557,265,28900,0.014,,
2067739,4270492,13206844,6,1,15000,1,1080,1920,286,470,428,611,20022,0.01,,
2067740,4270492,13206844,6,1,15024,0,1080,1920,286,470,428,611,20022,0.01,,
2067741,4270492,13206844,6,1,15024,1,1080,1920,1387,112,1557,282,28900,0.014,,
2067742,4270492,13206844,6,1,15048,0,1080,1920,410,231,654,475,59536,0.029,,
2067743,4270492,13206844,6,1,15072,0,1080,1920,413,223,617,427,41616,0.02,,
2067744,4270492,13206844,6,1,15096,0,1080,1920,1227,82,1472,327,60025,0.029,,
2067745,4270492,13206844,6,1,15120,0,1080,1920,347,195,641,489,86436,0.042,,
2067746,4270492,13206844,6,1,15144,0,1080,1920,377,195,670,489,86142,0.042,,
2067747,4270492,13206844,6,1,15168,0,1080,1920,1239,166,1532,459,85849,0.041,,
2067748,4270492,13206844,6,1,15192,0,1080,1920,1227,181,1472,426,60025,0.029,,
2067749,4270492,13206844,6,1,15216,0,1080,1920,385,231,630,475,59780,0.029,,
2067750,4270492,13206844,6,1,15240,0,1080,1920,377,195,670,489,86142,0.042,,
2067751,4270492,13206844,6,1,15264,0,1080,1920,1090,166,1384,459,86142,0.042,,
2067752,4270492,13206844,6,1,15288,0,1080,1920,1153,181,1397,426,59780,0.029,,
2067753,4270492,13206844,6,1,15312,0,1080,1920,1103,156,1348,401,60025,0.029,,
2067754,4270492,13206844,6,1,15336,0,1080,1920,1103,181,1348,426,60025,0.029,,
2067755,4270492,13206844,6,1,15360,0,1080,1920,1128,181,1373,426,60025,0.029,,
2067756,4270492,13206844,6,1,15384,0,1080,1920,1061,166,1354,459,85849,0.041,,
2067757,4270492,13206844,6,1,15408,0,1080,1920,466,195,760,489,86436,0.042,,
2067758,4270492,13206844,6,1,15432,0,1080,1920,466,195,760,489,86436,0.042,,
2067759,4270492,13206844,6,1,15456,0,1080,1920,466,195,760,489,86436,0.042,,
2067760,4270492,13206844,6,1,15480,0,1080,1920,1128,156,1373,401,60025,0.029,,
2067761,4270492,13206844,6,1,15504,0,1080,1920,1103,156,1348,401,60025,0.029,,
2067762,4270492,13206844,6,1,15528,0,1080,1920,434,223,638,427,41616,0.02,,
2067763,4270492,13206844,6,1,15552,0,1080,1920,434,244,638,447,41412,0.02,,
2067764,4270492,13206844,6,1,15576,0,1080,1920,410,231,654,475,59536,0.029,,
2067765,4270492,13206844,6,1,15600,0,1080,1920,377,195,670,489,86142,0.042,,
2067766,4270492,13206844,6,1,15624,0,1080,1920,377,166,670,459,85849,0.041,,
2067767,4270492,13206844,6,1,15648,0,1080,1920,377,166,670,459,85849,0.041,,
2067768,4270492,13206844,6,1,15672,0,1080,1920,377,166,670,459,85849,0.041,,
2067769,4270492,13206844,6,1,15696,0,1080,1920,377,166,670,459,85849,0.041,,
2067770,4270492,13206844,6,1,15720,0,1080,1920,1178,156,1422,401,59780,0.029,,
2067771,4270492,13206844,6,1,15744,0,1080,1920,1128,132,1373,376,59780,0.029,,
2067772,4270492,13206844,6,1,15768,0,1080,1920,1128,132,1373,376,59780,0.029,,
2067773,4270492,13206844,6,1,15792,0,1080,1920,1103,132,1348,376,59780,0.029,,
2067774,4270492,13206844,6,1,15816,0,1080,1920,1103,132,1348,376,59780,0.029,,
2067775,4270492,13206844,6,1,15840,0,1080,1920,1090,136,1384,429,86142,0.042,,
2067776,4270492,13206844,6,1,15864,0,1080,1920,434,182,638,385,41412,0.02,,
2067777,4270492,13206844,6,1,15888,0,1080,1920,434,182,638,385,41412,0.02,,
2067778,4270492,13206844,6,1,15912,0,1080,1920,434,202,638,406,41616,0.02,,
2067779,4270492,13206844,6,1,15936,0,1080,1920,434,202,638,406,41616,0.02,,
2067780,4270492,13206844,6,1,15960,0,1080,1920,434,182,638,385,41412,0.02,,
2067781,4270492,13206844,6,1,15984,0,1080,1920,434,182,638,385,41412,0.02,,
2067782,4270492,13206844,6,1,16104,0,1080,1920,1237,185,1276,225,1560,0.001,,
2067783,4270492,13206844,6,1,16128,0,1080,1920,1149,165,1188,205,1560,0.001,,
2067784,4270492,13206844,6,1,16152,0,1080,1920,1053,133,1092,173,1560,0.001,,
2067785,4270492,13206844,6,1,16176,0,1080,1920,732,132,976,376,59536,0.029,,
2067786,4270492,13206844,6,1,16200,0,1080,1920,732,156,976,401,59780,0.029,,
2067787,4270492,13206844,6,1,16224,0,1080,1920,682,181,927,426,60025,0.029,,
2067788,4270492,13206844,6,1,16248,0,1080,1920,682,181,927,426,60025,0.029,,
2067789,4270492,13206844,6,1,16272,0,1080,1920,682,181,927,426,60025,0.029,,
2067790,4270492,13206844,6,1,16296,0,1080,1920,682,156,927,401,60025,0.029,,
2067791,4270492,13206844,6,1,16320,0,1080,1920,657,181,902,426,60025,0.029,,
2067792,4270492,13206844,6,1,16344,0,1080,1920,682,181,927,426,60025,0.029,,
2067793,4270492,13206844,6,1,16392,0,1080,1920,1189,287,1271,369,6724,0.003,,
2067794,4270492,13206844,6,1,16416,0,1080,1920,1094,257,1192,356,9702,0.005,,
2067795,4270492,13206844,6,1,16512,0,1080,1920,808,237,890,319,6724,0.003,,
2067796,4270492,13206844,6,1,16536,0,1080,1920,816,237,898,319,6724,0.003,,
2067797,4270492,13206844,6,1,16560,0,1080,1920,824,237,906,319,6724,0.003,,
2067798,4270492,13206844,6,1,16584,0,1080,1920,833,229,915,311,6724,0.003,,
2067799,4270492,13206844,6,1,16608,0,1080,1920,979,305,1224,550,60025,0.029,,
2067800,4270492,13206844,6,1,16632,0,1080,1920,1001,314,1295,608,86436,0.042,,
2067801,4270492,13206844,6,1,16656,0,1080,1920,783,244,1135,596,123904,0.06,,
2067802,4270492,13206844,6,1,16680,0,1080,1920,583,206,828,450,59780,0.029,,
2067803,4270492,13206844,6,1,16704,0,1080,1920,555,195,849,489,86436,0.042,,
2067804,4270492,13206844,6,1,16728,0,1080,1920,534,206,778,450,59536,0.029,,
2067805,4270492,13206844,6,1,16752,0,1080,1920,534,156,778,401,59780,0.029,,
2067806,4270492,13206844,6,1,16776,0,1080,1920,558,206,803,450,59780,0.029,,
2067807,4270492,13206844,6,1,16800,0,1080,1920,526,225,819,519,86142,0.042,,
2067808,4270492,13206844,6,1,16824,0,1080,1920,496,225,789,519,86142,0.042,,
2067809,4270492,13206844,6,1,16848,0,1080,1920,404,160,522,278,13924,0.007,,
2067810,4270492,13206844,6,1,16872,0,1080,1920,1360,160,1478,278,13924,0.007,,
2067811,4270492,13206844,6,1,16872,1,1080,1920,356,148,474,266,13924,0.007,,
2067812,4270492,13206844,6,1,16896,0,1080,1920,1333,169,1474,310,19881,0.01,,
2067813,4270492,13206844,6,1,16920,0,1080,1920,356,172,474,290,13924,0.007,,
2067814,4270492,13206844,6,1,16920,1,1080,1920,1333,169,1474,310,19881,0.01,,
2067815,4270492,13206844,6,1,16944,0,1080,1920,380,160,498,278,13924,0.007,,
2067816,4270492,13206844,6,1,16944,1,1080,1920,1395,196,1513,314,13924,0.007,,
2067817,4270492,13206844,6,1,16968,0,1080,1920,392,148,510,266,13924,0.007,,
2067818,4270492,13206844,6,1,16968,1,1080,1920,1390,183,1532,325,20164,0.01,,
2067819,4270492,13206844,6,1,16992,0,1080,1920,380,148,498,266,13924,0.007,,
2067820,4270492,13206844,6,1,16992,1,1080,1920,1361,183,1503,325,20164,0.01,,
2067821,4270492,13206844,6,1,17016,0,1080,1920,1372,196,1489,314,13806,0.007,,
2067822,4270492,13206844,6,1,17016,1,1080,1920,380,136,498,254,13924,0.007,,
2067823,4270492,13206844,6,1,17040,0,1080,1920,380,148,498,266,13924,0.007,,
2067824,4270492,13206844,6,1,17040,1,1080,1920,1336,172,1454,290,13924,0.007,,
2067825,4270492,13206844,6,1,17064,0,1080,1920,368,148,486,266,13924,0.007,,
2067826,4270492,13206844,6,1,17064,1,1080,1920,1361,183,1503,325,20164,0.01,,
2067827,4270492,13206844,6,1,17088,0,1080,1920,368,148,486,266,13924,0.007,,
2067828,4270492,13206844,6,1,17088,1,1080,1920,1361,183,1503,325,20164,0.01,,
2067829,4270492,13206844,6,1,17112,0,1080,1920,1227,231,1472,475,59780,0.029,,
2067830,4270492,13206844,6,1,17136,0,1080,1920,1128,231,1373,475,59780,0.029,,
2067831,4270492,13206844,6,1,17160,0,1080,1920,1153,231,1397,475,59536,0.029,,
2067832,4270492,13206844,6,1,17184,0,1080,1920,1178,206,1422,450,59536,0.029,,
2067833,4270492,13206844,6,1,17208,0,1080,1920,1178,231,1422,475,59536,0.029,,
2067834,4270492,13206844,6,1,17232,0,1080,1920,1178,231,1422,475,59536,0.029,,
2067835,4270492,13206844,6,1,17256,0,1080,1920,1128,231,1373,475,59780,0.029,,
2067836,4270492,13206844,6,1,17280,0,1080,1920,1150,225,1443,519,86142,0.042,,
2067837,4270492,13206844,6,1,17304,0,1080,1920,1120,195,1413,489,86142,0.042,,
2067838,4270492,13206844,6,1,17328,0,1080,1920,1178,206,1422,450,59536,0.029,,
2067839,4270492,13206844,6,1,17352,0,1080,1920,1178,231,1422,475,59536,0.029,,
2067840,4270492,13206844,6,1,17376,0,1080,1920,1178,231,1422,475,59536,0.029,,
2067841,4270492,13206844,6,1,17400,0,1080,1920,1178,231,1422,475,59536,0.029,,
2067842,4270492,13206844,6,1,17424,0,1080,1920,732,255,976,500,59780,0.029,,
2067843,4270492,13206844,6,1,17448,0,1080,1920,732,255,976,500,59780,0.029,,
2067844,4270492,13206844,6,1,17472,0,1080,1920,781,231,1026,475,59780,0.029,,
2067845,4270492,13206844,6,1,17496,0,1080,1920,732,206,976,450,59536,0.029,,
2067846,4270492,13206844,6,1,17520,0,1080,1920,707,206,952,450,59780,0.029,,
2067847,4270492,13206844,6,1,17544,0,1080,1920,707,206,952,450,59780,0.029,,
2067848,4270492,13206844,6,1,17568,0,1080,1920,1120,255,1413,548,85849,0.041,,
2067849,4270492,13206844,6,1,17592,0,1080,1920,1178,280,1422,525,59780,0.029,,
2067850,4270492,13206844,6,1,17616,0,1080,1920,1239,225,1532,519,86142,0.042,,
2067851,4270492,13206844,6,1,17640,0,1080,1920,1153,231,1397,475,59536,0.029,,
2067852,4270492,13206844,6,1,17664,0,1080,1920,1156,244,1360,447,41412,0.02,,
2067853,4270492,13206844,6,1,17688,0,1080,1920,732,231,976,475,59536,0.029,,
2067854,4270492,13206844,6,1,17712,0,1080,1920,682,231,927,475,59780,0.029,,
2067855,4270492,13206844,6,1,17736,0,1080,1920,682,231,927,475,59780,0.029,,
2067856,4270492,13206844,6,1,17760,0,1080,1920,682,231,927,475,59780,0.029,,
2067857,4270492,13206844,6,1,17784,0,1080,1920,633,231,877,475,59536,0.029,,
2067858,4270492,13206844,6,1,17808,0,1080,1920,1153,231,1397,475,59536,0.029,,
2067859,4270492,13206844,6,1,17832,0,1080,1920,1103,255,1348,500,60025,0.029,,
2067860,4270492,13206844,6,1,17856,0,1080,1920,1078,206,1323,450,59780,0.029,,
2067861,4270492,13206844,6,1,17880,0,1080,1920,852,166,1146,459,86142,0.042,,
2067862,4270492,13206844,6,1,17904,0,1080,1920,831,206,1075,450,59536,0.029,,
2067863,4270492,13206844,6,1,17928,0,1080,1920,781,231,1026,475,59780,0.029,,
2067864,4270492,13206844,6,1,17952,0,1080,1920,781,231,1026,475,59780,0.029,,
2067865,4270492,13206844,6,1,17976,0,1080,1920,806,231,1051,475,59780,0.029,,
2067866,4270492,13206844,6,1,18000,0,1080,1920,806,231,1051,475,59780,0.029,,
2067867,4270492,13206844,6,1,18024,0,1080,1920,1068,244,1420,596,123904,0.06,,
2067868,4270492,13206844,6,1,18048,0,1080,1920,1068,279,1420,632,124256,0.06,,
2067869,4270492,13206844,6,1,18072,0,1080,1920,997,279,1349,632,124256,0.06,,
2067870,4270492,13206844,6,1,18096,0,1080,1920,1104,279,1456,632,124256,0.06,,
2067871,4270492,13206844,6,1,18120,0,1080,1920,1104,244,1456,596,123904,0.06,,
2067872,4270492,13206844,6,1,18144,0,1080,1920,783,279,1135,632,124256,0.06,,
2067873,4270492,13206844,6,1,18168,0,1080,1920,768,218,1191,640,178506,0.086,,
2067874,4270492,13206844,6,1,18192,0,1080,1920,818,208,1170,560,123904,0.06,,
2067875,4270492,13206844,6,1,18216,0,1080,1920,1068,261,1491,683,178506,0.086,,
2067876,4270492,13206844,6,1,18240,0,1080,1920,1032,279,1384,632,124256,0.06,,
2067877,4270492,13206844,6,1,18264,0,1080,1920,1068,172,1420,525,124256,0.06,,
2067878,4270492,13206844,6,1,18288,0,1080,1920,1068,244,1420,596,123904,0.06,,
2067879,4270492,13206844,6,1,18312,0,1080,1920,1032,172,1384,525,124256,0.06,,
2067880,4270492,13206844,6,1,18336,0,1080,1920,961,244,1313,596,123904,0.06,,
2067881,4270492,13206844,6,1,18360,0,1080,1920,811,261,1234,683,178506,0.086,,
2067882,4270492,13206844,6,1,18384,0,1080,1920,982,175,1405,598,178929,0.086,,
2067883,4270492,13206844,6,1,18408,0,1080,1920,1032,208,1384,560,123904,0.06,,
2067884,4270492,13206844,6,1,18432,0,1080,1920,726,261,1148,683,178084,0.086,,
2067885,4270492,13206844,6,1,18456,0,1080,1920,768,218,1191,640,178506,0.086,,
2067886,4270492,13206844,6,1,18480,0,1080,1920,726,175,1148,598,178506,0.086,,
2067887,4270492,13206844,6,1,18504,0,1080,1920,783,244,1135,596,123904,0.06,,
2067888,4270492,13206844,6,1,18528,0,1080,1920,818,244,1170,596,123904,0.06,,
2067889,4270492,13206844,6,1,18552,0,1080,1920,818,244,1170,596,123904,0.06,,
2067890,4270492,13206844,6,1,18576,0,1080,1920,676,279,1028,632,124256,0.06,,
2067891,4270492,13206844,6,1,18600,0,1080,1920,726,261,1148,683,178084,0.086,,
2067892,4270492,13206844,6,1,18624,0,1080,1920,640,261,1063,683,178506,0.086,,
2067893,4270492,13206844,6,1,18648,0,1080,1920,726,218,1148,640,178084,0.086,,
2067894,4270492,13206844,6,1,18672,0,1080,1920,1061,166,1354,459,85849,0.041,,
2067895,4270492,13206844,6,1,18696,0,1080,1920,997,172,1349,525,124256,0.06,,
2067896,4270492,13206844,6,1,18720,0,1080,1920,961,172,1313,525,124256,0.06,,
2067897,4270492,13206844,6,1,18744,0,1080,1920,940,89,1362,512,178506,0.086,,
2067898,4270492,13206844,6,1,18768,0,1080,1920,1032,208,1384,560,123904,0.06,,
2067899,4270492,13206844,6,1,18792,0,1080,1920,897,175,1319,598,178506,0.086,,
2067900,4270492,13206844,6,1,18816,0,1080,1920,726,175,1148,598,178506,0.086,,
2067901,4270492,13206844,6,1,18840,0,1080,1920,726,175,1148,598,178506,0.086,,
2067902,4270492,13206844,6,1,18864,0,1080,1920,768,132,1191,555,178929,0.086,,
2067903,4270492,13206844,6,1,18888,0,1080,1920,783,244,1135,596,123904,0.06,,
2067904,4270492,13206844,6,1,18912,0,1080,1920,726,218,1148,640,178084,0.086,,
2067905,4270492,13206844,6,1,18936,0,1080,1920,726,218,1148,640,178084,0.086,,
2067906,4270492,13206844,6,1,18960,0,1080,1920,726,261,1148,683,178084,0.086,,
2067907,4270492,13206844,6,1,18984,0,1080,1920,997,208,1349,560,123904,0.06,,
2067908,4270492,13206844,6,1,19008,0,1080,1920,997,208,1349,560,123904,0.06,,
2067909,4270492,13206844,6,1,19032,0,1080,1920,961,208,1313,560,123904,0.06,,
2067910,4270492,13206844,6,1,19056,0,1080,1920,961,208,1313,560,123904,0.06,,
2067911,4270492,13206844,6,1,19080,0,1080,1920,961,208,1313,560,123904,0.06,,
2067912,4270492,13206844,6,1,19104,0,1080,1920,961,208,1313,560,123904,0.06,,
2067913,4270492,13206844,6,1,19128,0,1080,1920,683,218,1105,640,178084,0.086,,
2067914,4270492,13206844,6,1,19152,0,1080,1920,711,208,1063,560,123904,0.06,,
2067915,4270492,13206844,6,1,19176,0,1080,1920,683,175,1105,598,178506,0.086,,
2067916,4270492,13206844,6,1,19200,0,1080,1920,726,175,1148,598,178506,0.086,,
2067917,4270492,13206844,6,1,19224,0,1080,1920,711,208,1063,560,123904,0.06,,
2067918,4270492,13206844,6,1,19248,0,1080,1920,683,218,1105,640,178084,0.086,,
2067919,4270492,13206844,6,1,19272,0,1080,1920,683,261,1105,683,178084,0.086,,
2067920,4270492,13206844,6,1,19296,0,1080,1920,676,208,1028,560,123904,0.06,,
2067921,4270492,13206844,6,1,19320,0,1080,1920,676,244,1028,596,123904,0.06,,
2067922,4270492,13206844,6,1,19344,0,1080,1920,1104,244,1456,596,123904,0.06,,
2067923,4270492,13206844,6,1,19368,0,1080,1920,1139,244,1491,596,123904,0.06,,
2067924,4270492,13206844,6,1,19392,0,1080,1920,1068,218,1491,640,178506,0.086,,
2067925,4270492,13206844,6,1,19416,0,1080,1920,1104,208,1456,560,123904,0.06,,
2067926,4270492,13206844,6,1,19440,0,1080,1920,1104,208,1456,560,123904,0.06,,
2067927,4270492,13206844,6,1,19464,0,1080,1920,1068,208,1420,560,123904,0.06,,
2067928,4270492,13206844,6,1,19488,0,1080,1920,1104,208,1456,560,123904,0.06,,
2067929,4270492,13206844,6,1,19512,0,1080,1920,1032,208,1384,560,123904,0.06,,
2067930,4270492,13206844,6,1,19536,0,1080,1920,1068,208,1420,560,123904,0.06,,
2067931,4270492,13206844,6,1,19560,0,1080,1920,1104,208,1456,560,123904,0.06,,
2067932,4270492,13206844,6,1,19584,0,1080,1920,1104,208,1456,560,123904,0.06,,
2067933,4270492,13206844,6,1,19608,0,1080,1920,1032,208,1384,560,123904,0.06,,
2067934,4270492,13206844,6,1,19632,0,1080,1920,1068,208,1420,560,123904,0.06,,
2067935,4270492,13206844,6,1,19656,0,1080,1920,640,132,1063,555,178929,0.086,,
2067936,4270492,13206844,6,1,19680,0,1080,1920,640,132,1063,555,178929,0.086,,
2067937,4270492,13206844,6,1,19704,0,1080,1920,640,175,1063,598,178929,0.086,,
2067938,4270492,13206844,6,1,19728,0,1080,1920,640,208,992,560,123904,0.06,,
2067939,4270492,13206844,6,1,19752,0,1080,1920,569,244,921,596,123904,0.06,,
2067940,4270492,13206844,6,1,19776,0,1080,1920,997,208,1349,560,123904,0.06,,
2067941,4270492,13206844,6,1,19800,0,1080,1920,1032,244,1384,596,123904,0.06,,
2067942,4270492,13206844,6,1,19824,0,1080,1920,1032,208,1384,560,123904,0.06,,
2067943,4270492,13206844,6,1,19848,0,1080,1920,597,218,1020,640,178506,0.086,,
2067944,4270492,13206844,6,1,19872,0,1080,1920,640,175,1063,598,178929,0.086,,
2067945,4270492,13206844,6,1,19896,0,1080,1920,683,175,1105,598,178506,0.086,,
2067946,4270492,13206844,6,1,19920,0,1080,1920,676,208,1028,560,123904,0.06,,
2067947,4270492,13206844,6,1,19944,0,1080,1920,640,132,1063,555,178929,0.086,,
2067948,4270492,13206844,6,1,19968,0,1080,1920,676,208,1028,560,123904,0.06,,
2067949,4270492,13206844,6,1,19992,0,1080,1920,1227,206,1472,450,59780,0.029,,
2067950,4270492,13206844,6,1,20016,0,1080,1920,1252,206,1496,450,59536,0.029,,
2067951,4270492,13206844,6,1,20040,0,1080,1920,1252,206,1496,450,59536,0.029,,
2067952,4270492,13206844,6,1,20064,0,1080,1920,1252,206,1496,450,59536,0.029,,
2067953,4270492,13206844,6,1,20088,0,1080,1920,763,166,1057,459,86142,0.042,,
2067954,4270492,13206844,6,1,20112,0,1080,1920,806,206,1051,450,59780,0.029,,
2067955,4270492,13206844,6,1,20136,0,1080,1920,756,206,1001,450,59780,0.029,,
2067956,4270492,13206844,6,1,20160,0,1080,1920,781,255,1026,500,60025,0.029,,
2067957,4270492,13206844,6,1,20184,0,1080,1920,831,231,1075,475,59536,0.029,,
2067958,4270492,13206844,6,1,20208,0,1080,1920,1202,156,1447,401,60025,0.029,,
2067959,4270492,13206844,6,1,20232,0,1080,1920,1202,181,1447,426,60025,0.029,,
2067960,4270492,13206844,6,1,20256,0,1080,1920,1239,255,1532,548,85849,0.041,,
2067961,4270492,13206844,6,1,20280,0,1080,1920,1301,255,1546,500,60025,0.029,,
2067962,4270492,13206844,6,1,20304,0,1080,1920,1277,231,1521,475,59536,0.029,,
2067963,4270492,13206844,6,1,20328,0,1080,1920,1298,255,1592,548,86142,0.042,,
2067964,4270492,13206844,6,1,20352,0,1080,1920,1298,225,1592,519,86436,0.042,,
2067965,4270492,13206844,6,1,20376,0,1080,1920,1277,206,1521,450,59536,0.029,,
2067966,4270492,13206844,6,1,20400,0,1080,1920,1342,244,1546,447,41412,0.02,,
2067967,4270492,13206844,6,1,20424,0,1080,1920,1202,181,1447,426,60025,0.029,,
2067968,4270492,13206844,6,1,20448,0,1080,1920,1239,223,1443,427,41616,0.02,,
2067969,4270492,13206844,6,1,20472,0,1080,1920,867,264,1071,468,41616,0.02,,
2067970,4270492,13206844,6,1,20496,0,1080,1920,806,231,1051,475,59780,0.029,,
2067971,4270492,13206844,6,1,20520,0,1080,1920,682,231,927,475,59780,0.029,,
2067972,4270492,13206844,6,1,20544,0,1080,1920,608,255,852,500,59780,0.029,,
2067973,4270492,13206844,6,1,20568,0,1080,1920,781,231,1026,475,59780,0.029,,
2067974,4270492,13206844,6,1,20592,0,1080,1920,707,305,952,550,60025,0.029,,
2067975,4270492,13206844,6,1,20664,0,1080,1920,1178,132,1422,376,59536,0.029,,
2067976,4270492,13206844,6,1,20688,0,1080,1920,1198,161,1401,365,41412,0.02,,
2067977,4270492,13206844,6,1,21000,0,1080,1920,109,168,207,266,9604,0.005,,
2067978,4270492,13206844,6,1,21000,1,1080,1920,293,297,361,366,4692,0.002,,
2067979,4270492,13206844,6,1,21000,2,1080,1920,476,403,558,485,6724,0.003,,
2067980,4270492,13206844,6,1,21000,3,1080,1920,1687,220,1769,302,6724,0.003,,
2067981,4270492,13206844,6,1,21000,4,1080,1920,1462,317,1561,415,9702,0.005,,
2067982,4270492,13206844,6,1,21000,5,1080,1920,479,249,548,317,4692,0.002,,
2067983,4270492,13206844,6,1,21024,0,1080,1920,109,168,207,266,9604,0.005,,
2067984,4270492,13206844,6,1,21024,1,1080,1920,476,403,558,485,6724,0.003,,
2067985,4270492,13206844,6,1,21024,2,1080,1920,293,297,361,366,4692,0.002,,
2067986,4270492,13206844,6,1,21024,3,1080,1920,1696,228,1764,297,4692,0.002,,
2067987,4270492,13206844,6,1,21024,4,1080,1920,465,249,534,317,4692,0.002,,
2067988,4270492,13206844,6,1,21048,0,1080,1920,109,168,207,266,9604,0.005,,
2067989,4270492,13206844,6,1,21048,1,1080,1920,476,403,558,485,6724,0.003,,
2067990,4270492,13206844,6,1,21048,2,1080,1920,1703,228,1771,297,4692,0.002,,
2067991,4270492,13206844,6,1,21048,3,1080,1920,300,291,368,359,4624,0.002,,
2067992,4270492,13206844,6,1,21048,4,1080,1920,465,249,534,317,4692,0.002,,
2067993,4270492,13206844,6,1,21048,5,1080,1920,1471,328,1553,410,6724,0.003,,
2067994,4270492,13206844,6,1,21072,0,1080,1920,533,137,885,489,123904,0.06,,
2067995,4270492,13206844,6,1,21096,0,1080,1920,583,156,828,401,60025,0.029,,
2067996,4270492,13206844,6,1,21120,0,1080,1920,497,101,849,453,123904,0.06,,
2067997,4270492,13206844,6,1,21144,0,1080,1920,269,306,473,509,41412,0.02,,
2067998,4270492,13206844,6,1,21144,1,1080,1920,1202,132,1447,376,59780,0.029,,
2067999,4270492,13206844,6,1,21144,2,1080,1920,0,701,225,994,65925,0.032,,
2068000,4270492,13206844,6,1,21168,0,1080,1920,1280,161,1484,365,41616,0.02,,
2068001,4270492,13206844,6,1,21168,1,1080,1920,261,305,506,550,60025,0.029,,
2068002,4270492,13206844,6,1,21168,2,1080,1920,0,730,225,1024,66150,0.032,,
2068003,4270492,13206844,6,1,21192,0,1080,1920,290,326,493,530,41412,0.02,,
2068004,4270492,13206844,6,1,21192,1,1080,1920,1301,161,1505,365,41616,0.02,,
2068005,4270492,13206844,6,1,21192,2,1080,1920,0,730,254,1024,74676,0.036,,
2068006,4270492,13206844,6,1,21216,0,1080,1920,1202,156,1447,401,60025,0.029,,
2068007,4270492,13206844,6,1,21216,1,1080,1920,261,280,506,525,60025,0.029,,
2068008,4270492,13206844,6,1,21216,2,1080,1920,0,701,254,994,74422,0.036,,
2068009,4270492,13206844,6,1,21240,0,1080,1920,335,280,580,525,60025,0.029,,
2068010,4270492,13206844,6,1,21240,1,1080,1920,1202,156,1447,401,60025,0.029,,
2068011,4270492,13206844,6,1,21240,2,1080,1920,0,730,254,1024,74676,0.036,,
2068012,4270492,13206844,6,1,21264,0,1080,1920,1277,132,1521,376,59536,0.029,,
2068013,4270492,13206844,6,1,21264,1,1080,1920,331,285,535,489,41616,0.02,,
2068014,4270492,13206844,6,1,21264,2,1080,1920,0,701,254,994,74422,0.036,,
2068015,4270492,13206844,6,1,21288,0,1080,1920,961,279,1313,632,124256,0.06,,
2068016,4270492,13206844,6,1,21312,0,1080,1920,961,208,1313,560,123904,0.06,,
2068017,4270492,13206844,6,1,21336,0,1080,1920,997,208,1349,560,123904,0.06,,
2068018,4270492,13206844,6,1,21360,0,1080,1920,1515,255,1633,373,13924,0.007,,
2068019,4270492,13206844,6,1,21360,1,1080,1920,286,154,428,296,20164,0.01,,
2068020,4270492,13206844,6,1,21360,2,1080,1920,888,508,1058,678,28900,0.014,,
2068021,4270492,13206844,6,1,21360,3,1080,1920,1061,327,1179,445,13924,0.007,,
2068022,4270492,13206844,6,1,21384,0,1080,1920,1527,255,1645,373,13924,0.007,,
2068023,4270492,13206844,6,1,21384,1,1080,1920,258,154,399,296,20022,0.01,,
2068024,4270492,13206844,6,1,21384,2,1080,1920,905,508,1075,678,28900,0.014,,
2068025,4270492,13206844,6,1,21384,3,1080,1920,1061,327,1179,445,13924,0.007,,
2068026,4270492,13206844,6,1,21384,4,1080,1920,1689,284,1757,352,4624,0.002,,
2068027,4270492,13206844,6,1,21408,0,1080,1920,1527,255,1645,373,13924,0.007,,
2068028,4270492,13206844,6,1,21408,1,1080,1920,905,508,1075,678,28900,0.014,,
2068029,4270492,13206844,6,1,21408,2,1080,1920,1073,327,1191,445,13924,0.007,,
2068030,4270492,13206844,6,1,21408,3,1080,1920,272,154,414,296,20164,0.01,,
2068031,4270492,13206844,6,1,21432,0,1080,1920,1539,255,1657,373,13924,0.007,,
2068032,4270492,13206844,6,1,21432,1,1080,1920,243,97,385,239,20164,0.01,,
2068033,4270492,13206844,6,1,21432,2,1080,1920,931,498,1073,640,20164,0.01,,
2068034,4270492,13206844,6,1,21432,3,1080,1920,1085,327,1203,445,13924,0.007,,
2068035,4270492,13206844,6,1,21456,0,1080,1920,1539,255,1657,373,13924,0.007,,
2068036,4270492,13206844,6,1,21456,1,1080,1920,243,97,385,239,20164,0.01,,
2068037,4270492,13206844,6,1,21456,2,1080,1920,1061,315,1179,433,13924,0.007,,
2068038,4270492,13206844,6,1,21456,3,1080,1920,942,518,1060,636,13924,0.007,,
2068039,4270492,13206844,6,1,21456,4,1080,1920,368,219,486,337,13924,0.007,,
2068040,4270492,13206844,6,1,21480,0,1080,1920,890,172,1242,525,124256,0.06,,
2068041,4270492,13206844,6,1,21504,0,1080,1920,818,172,1170,525,124256,0.06,,
2068042,4270492,13206844,6,1,21528,0,1080,1920,890,208,1242,560,123904,0.06,,
2068043,4270492,13206844,6,1,21552,0,1080,1920,890,244,1242,596,123904,0.06,,
2068044,4270492,13206844,6,1,21576,0,1080,1920,925,208,1277,560,123904,0.06,,
2068045,4270492,13206844,6,1,21600,0,1080,1920,258,126,399,267,19881,0.01,,
2068046,4270492,13206844,6,1,21600,1,1080,1920,1539,255,1657,373,13924,0.007,,
2068047,4270492,13206844,6,1,21600,2,1080,1920,1074,337,1172,435,9604,0.005,,
2068048,4270492,13206844,6,1,21600,3,1080,1920,931,498,1073,640,20164,0.01,,
2068049,4270492,13206844,6,1,21624,0,1080,1920,1539,243,1657,361,13924,0.007,,
2068050,4270492,13206844,6,1,21624,1,1080,1920,258,126,399,267,19881,0.01,,
2068051,4270492,13206844,6,1,21624,2,1080,1920,1049,327,1167,445,13924,0.007,,
2068052,4270492,13206844,6,1,21624,3,1080,1920,905,491,1075,661,28900,0.014,,
2068053,4270492,13206844,6,1,21648,0,1080,1920,1542,267,1640,366,9702,0.005,,
2068054,4270492,13206844,6,1,21648,1,1080,1920,272,126,414,267,20022,0.01,,
2068055,4270492,13206844,6,1,21648,2,1080,1920,1061,327,1179,445,13924,0.007,,
2068056,4270492,13206844,6,1,21648,3,1080,1920,905,508,1075,678,28900,0.014,,
2068057,4270492,13206844,6,1,21672,0,1080,1920,258,126,399,267,19881,0.01,,
2068058,4270492,13206844,6,1,21672,1,1080,1920,1061,327,1179,445,13924,0.007,,
2068059,4270492,13206844,6,1,21672,2,1080,1920,1515,243,1633,361,13924,0.007,,
2068060,4270492,13206844,6,1,21672,3,1080,1920,905,508,1075,678,28900,0.014,,
2068061,4270492,13206844,6,1,21696,0,1080,1920,258,126,399,267,19881,0.01,,
2068062,4270492,13206844,6,1,21696,1,1080,1920,1515,243,1633,361,13924,0.007,,
2068063,4270492,13206844,6,1,21696,2,1080,1920,1037,339,1155,457,13924,0.007,,
2068064,4270492,13206844,6,1,21696,3,1080,1920,917,513,1059,654,20022,0.01,,
2068065,4270492,13206844,6,1,21720,0,1080,1920,311,305,555,550,59780,0.029,,
2068066,4270492,13206844,6,1,21720,1,1080,1920,1202,132,1447,376,59780,0.029,,
2068067,4270492,13206844,6,1,21720,2,1080,1920,20,701,314,994,86142,0.042,,
2068068,4270492,13206844,6,1,21744,0,1080,1920,311,280,555,525,59780,0.029,,
2068069,4270492,13206844,6,1,21744,1,1080,1920,1202,156,1447,401,60025,0.029,,
2068070,4270492,13206844,6,1,21744,2,1080,1920,20,701,314,994,86142,0.042,,
2068071,4270492,13206844,6,1,21768,0,1080,1920,311,255,555,500,59780,0.029,,
2068072,4270492,13206844,6,1,21768,1,1080,1920,1227,156,1472,401,60025,0.029,,
2068073,4270492,13206844,6,1,21768,2,1080,1920,20,701,314,994,86142,0.042,,
2068074,4270492,13206844,6,1,21792,0,1080,1920,351,306,555,509,41412,0.02,,
2068075,4270492,13206844,6,1,21792,1,1080,1920,1280,140,1484,344,41616,0.02,,
2068076,4270492,13206844,6,1,21792,2,1080,1920,20,701,314,994,86142,0.042,,
2068077,4270492,13206844,6,1,21816,0,1080,1920,360,280,605,525,60025,0.029,,
2068078,4270492,13206844,6,1,21816,1,1080,1920,1227,132,1472,376,59780,0.029,,
2068079,4270492,13206844,6,1,21816,2,1080,1920,20,701,314,994,86142,0.042,,
2068080,4270492,13206844,6,1,21840,0,1080,1920,335,305,580,550,60025,0.029,,
2068081,4270492,13206844,6,1,21840,1,1080,1920,1227,132,1472,376,59780,0.029,,
2068082,4270492,13206844,6,1,21840,2,1080,1920,20,701,314,994,86142,0.042,,
2068083,4270492,13206844,6,1,21864,0,1080,1920,1301,161,1505,365,41616,0.02,,
2068084,4270492,13206844,6,1,21864,1,1080,1920,335,305,580,550,60025,0.029,,
2068085,4270492,13206844,6,1,21864,2,1080,1920,20,701,314,994,86142,0.042,,
2068086,4270492,13206844,6,1,21888,0,1080,1920,1301,161,1505,365,41616,0.02,,
2068087,4270492,13206844,6,1,21888,1,1080,1920,335,305,580,550,60025,0.029,,
2068088,4270492,13206844,6,1,21888,2,1080,1920,20,701,314,994,86142,0.042,,
2068089,4270492,13206844,6,1,21912,0,1080,1920,1301,161,1505,365,41616,0.02,,
2068090,4270492,13206844,6,1,21912,1,1080,1920,335,305,580,550,60025,0.029,,
2068091,4270492,13206844,6,1,21912,2,1080,1920,20,701,314,994,86142,0.042,,
2068092,4270492,13206844,6,1,21936,0,1080,1920,1301,161,1505,365,41616,0.02,,
2068093,4270492,13206844,6,1,21936,1,1080,1920,335,305,580,550,60025,0.029,,
2068094,4270492,13206844,6,1,21936,2,1080,1920,0,672,350,1024,123200,0.059,,
2068095,4270492,13206844,6,1,21960,0,1080,1920,335,305,580,550,60025,0.029,,
2068096,4270492,13206844,6,1,21960,1,1080,1920,1227,132,1472,376,59780,0.029,,
2068097,4270492,13206844,6,1,21960,2,1080,1920,0,672,350,1024,123200,0.059,,
2068098,4270492,13206844,6,1,21984,0,1080,1920,1260,161,1463,365,41412,0.02,,
2068099,4270492,13206844,6,1,21984,1,1080,1920,360,280,605,525,60025,0.029,,
2068100,4270492,13206844,6,1,21984,2,1080,1920,20,701,314,994,86142,0.042,,
2068101,4270492,13206844,6,1,22008,0,1080,1920,393,285,597,489,41616,0.02,,
2068102,4270492,13206844,6,1,22008,1,1080,1920,1252,132,1496,376,59536,0.029,,
2068103,4270492,13206844,6,1,22008,2,1080,1920,20,730,314,1024,86436,0.042,,
2068104,4270492,13206844,6,1,22008,3,1080,1920,960,326,1102,468,20164,0.01,,
2068105,4270492,13206844,6,1,22032,0,1080,1920,890,137,1242,489,123904,0.06,,
2068106,4270492,13206844,6,1,22056,0,1080,1920,890,137,1242,489,123904,0.06,,
2068107,4270492,13206844,6,1,22080,0,1080,1920,583,206,828,450,59780,0.029,,
2068108,4270492,13206844,6,1,22104,0,1080,1920,585,166,878,459,85849,0.041,,
2068109,4270492,13206844,6,1,22128,0,1080,1920,585,195,878,489,86142,0.042,,
2068110,4270492,13206844,6,1,22152,0,1080,1920,1321,58,1525,262,41616,0.02,,
2068111,4270492,13206844,6,1,22152,1,1080,1920,517,202,720,406,41412,0.02,,
2068112,4270492,13206844,6,1,22152,2,1080,1920,288,463,581,756,85849,0.041,,
2068113,4270492,13206844,6,1,22176,0,1080,1920,1363,78,1567,282,41616,0.02,,
2068114,4270492,13206844,6,1,22176,1,1080,1920,620,202,824,406,41616,0.02,,
2068115,4270492,13206844,6,1,22176,2,1080,1920,311,528,555,772,59536,0.029,,
2068116,4270492,13206844,6,1,22200,0,1080,1920,317,493,611,786,86142,0.042,,
2068117,4270492,13206844,6,1,22200,1,1080,1920,1363,78,1567,282,41616,0.02,,
2068118,4270492,13206844,6,1,22200,2,1080,1920,888,512,1092,716,41616,0.02,,
2068119,4270492,13206844,6,1,22224,0,1080,1920,1363,78,1567,282,41616,0.02,,
2068120,4270492,13206844,6,1,22224,1,1080,1920,888,471,1092,674,41412,0.02,,
2068121,4270492,13206844,6,1,22224,2,1080,1920,317,463,611,756,86142,0.042,,
2068122,4270492,13206844,6,1,22248,0,1080,1920,1383,78,1587,282,41616,0.02,,
2068123,4270492,13206844,6,1,22248,1,1080,1920,867,471,1071,674,41412,0.02,,
2068124,4270492,13206844,6,1,22248,2,1080,1920,317,463,611,756,86142,0.042,,
2068125,4270492,13206844,6,1,22272,0,1080,1920,1363,78,1567,282,41616,0.02,,
2068126,4270492,13206844,6,1,22272,1,1080,1920,826,471,1030,674,41412,0.02,,
2068127,4270492,13206844,6,1,22272,2,1080,1920,393,512,597,716,41616,0.02,,
2068128,4270492,13206844,6,1,22296,0,1080,1920,1363,78,1567,282,41616,0.02,,
2068129,4270492,13206844,6,1,22296,1,1080,1920,806,491,1009,695,41412,0.02,,
2068130,4270492,13206844,6,1,22296,2,1080,1920,385,503,630,748,60025,0.029,,
2068131,4270492,13206844,6,1,22320,0,1080,1920,1383,78,1587,282,41616,0.02,,
2068132,4270492,13206844,6,1,22320,1,1080,1920,413,512,617,716,41616,0.02,,
2068133,4270492,13206844,6,1,22320,2,1080,1920,826,491,1030,695,41616,0.02,,
2068134,4270492,13206844,6,1,22344,0,1080,1920,823,314,1116,608,86142,0.042,,
2068135,4270492,13206844,6,1,22368,0,1080,1920,925,137,1277,489,123904,0.06,,
2068136,4270492,13206844,6,1,22392,0,1080,1920,912,166,1205,459,85849,0.041,,
2068137,4270492,13206844,6,1,22416,0,1080,1920,912,166,1205,459,85849,0.041,,
2068138,4270492,13206844,6,1,22440,0,1080,1920,1068,208,1420,560,123904,0.06,,
2068139,4270492,13206844,6,1,22464,0,1080,1920,1090,225,1384,519,86436,0.042,,
2068140,4270492,13206844,6,1,22488,0,1080,1920,169,154,251,236,6724,0.003,,
2068141,4270492,13206844,6,1,22488,1,1080,1920,468,395,550,476,6642,0.003,,
2068142,4270492,13206844,6,1,22488,2,1080,1920,479,235,548,303,4692,0.002,,
2068143,4270492,13206844,6,1,22512,0,1080,1920,161,162,243,244,6724,0.003,,
2068144,4270492,13206844,6,1,22512,1,1080,1920,1716,221,1785,290,4761,0.002,,
2068145,4270492,13206844,6,1,22512,2,1080,1920,468,395,550,476,6642,0.003,,
2068146,4270492,13206844,6,1,22512,3,1080,1920,479,235,548,303,4692,0.002,,
2068147,4270492,13206844,6,1,22536,0,1080,1920,149,148,247,246,9604,0.005,,
2068148,4270492,13206844,6,1,22536,1,1080,1920,468,395,550,476,6642,0.003,,
2068149,4270492,13206844,6,1,22536,2,1080,1920,1614,396,1671,453,3249,0.002,,
2068150,4270492,13206844,6,1,22536,3,1080,1920,491,252,548,309,3249,0.002,,
2068151,4270492,13206844,6,1,22560,0,1080,1920,351,491,555,695,41616,0.02,,
2068152,4270492,13206844,6,1,22560,1,1080,1920,950,491,1154,695,41616,0.02,,
2068153,4270492,13206844,6,1,22560,2,1080,1920,1363,140,1567,344,41616,0.02,,
2068154,4270492,13206844,6,1,22608,0,1080,1920,1321,99,1525,303,41616,0.02,,
2068155,4270492,13206844,6,1,22608,1,1080,1920,785,491,989,695,41616,0.02,,
2068156,4270492,13206844,6,1,22608,2,1080,1920,360,503,605,748,60025,0.029,,
2068157,4270492,13206844,6,1,22632,0,1080,1920,785,491,989,695,41616,0.02,,
2068158,4270492,13206844,6,1,22632,1,1080,1920,1342,78,1546,282,41616,0.02,,
2068159,4270492,13206844,6,1,22632,2,1080,1920,360,503,605,748,60025,0.029,,
2068160,4270492,13206844,6,1,22656,0,1080,1920,1342,78,1546,282,41616,0.02,,
2068161,4270492,13206844,6,1,22656,1,1080,1920,360,503,605,748,60025,0.029,,
2068162,4270492,13206844,6,1,22656,2,1080,1920,847,471,1051,674,41412,0.02,,
2068163,4270492,13206844,6,1,22680,0,1080,1920,1342,99,1546,303,41616,0.02,,
2068164,4270492,13206844,6,1,22680,1,1080,1920,347,493,641,786,86142,0.042,,
2068165,4270492,13206844,6,1,22680,2,1080,1920,847,471,1051,674,41412,0.02,,
2068166,4270492,13206844,6,1,22704,0,1080,1920,1301,78,1505,282,41616,0.02,,
2068167,4270492,13206844,6,1,22704,1,1080,1920,867,471,1071,674,41412,0.02,,
2068168,4270492,13206844,6,1,22704,2,1080,1920,360,528,605,772,59780,0.029,,
2068169,4270492,13206844,6,1,22728,0,1080,1920,1321,99,1525,303,41616,0.02,,
2068170,4270492,13206844,6,1,22728,1,1080,1920,871,525,1041,695,28900,0.014,,
2068171,4270492,13206844,6,1,22728,2,1080,1920,351,533,555,736,41412,0.02,,
2068172,4270492,13206844,6,1,22752,0,1080,1920,1321,99,1525,303,41616,0.02,,
2068173,4270492,13206844,6,1,22752,1,1080,1920,888,542,1058,712,28900,0.014,,
2068174,4270492,13206844,6,1,22752,2,1080,1920,331,533,535,736,41412,0.02,,
2068175,4270492,13206844,6,1,22776,0,1080,1920,661,202,865,406,41616,0.02,,
2068176,4270492,13206844,6,1,22800,0,1080,1920,657,181,902,426,60025,0.029,,
2068177,4270492,13206844,6,1,22824,0,1080,1920,534,255,778,500,59780,0.029,,
2068178,4270492,13206844,6,1,22848,0,1080,1920,640,223,844,427,41616,0.02,,
2068179,4270492,13206844,6,1,22872,0,1080,1920,608,181,852,426,59780,0.029,,
2068180,4270492,13206844,6,1,22896,0,1080,1920,1551,243,1669,361,13924,0.007,,
2068181,4270492,13206844,6,1,22896,1,1080,1920,1323,496,1421,594,9604,0.005,,
2068182,4270492,13206844,6,1,22896,2,1080,1920,974,474,1144,643,28730,0.014,,
2068183,4270492,13206844,6,1,22896,3,1080,1920,329,126,471,267,20022,0.01,,
2068184,4270492,13206844,6,1,22920,0,1080,1920,1551,243,1669,361,13924,0.007,,
2068185,4270492,13206844,6,1,22920,1,1080,1920,1312,494,1430,612,13924,0.007,,
2068186,4270492,13206844,6,1,22920,2,1080,1920,1013,518,1131,636,13924,0.007,,
2068187,4270492,13206844,6,1,22920,3,1080,1920,315,126,457,267,20022,0.01,,
2068188,4270492,13206844,6,1,22944,0,1080,1920,315,126,457,267,20022,0.01,,
2068189,4270492,13206844,6,1,22944,1,1080,1920,1551,243,1669,361,13924,0.007,,
2068190,4270492,13206844,6,1,22944,2,1080,1920,1323,496,1421,594,9604,0.005,,
2068191,4270492,13206844,6,1,22944,3,1080,1920,1003,484,1145,626,20164,0.01,,
2068192,4270492,13206844,6,1,22968,0,1080,1920,1551,231,1669,349,13924,0.007,,
2068193,4270492,13206844,6,1,22968,1,1080,1920,269,130,439,299,28730,0.014,,
2068194,4270492,13206844,6,1,22968,2,1080,1920,1323,496,1421,594,9604,0.005,,
2068195,4270492,13206844,6,1,22968,3,1080,1920,991,491,1161,661,28900,0.014,,
2068196,4270492,13206844,6,1,22992,0,1080,1920,1333,496,1431,594,9604,0.005,,
2068197,4270492,13206844,6,1,22992,1,1080,1920,1551,231,1669,349,13924,0.007,,
2068198,4270492,13206844,6,1,22992,2,1080,1920,166,99,370,303,41616,0.02,,
2068199,4270492,13206844,6,1,22992,3,1080,1920,974,491,1144,661,28900,0.014,,
2068200,4270492,13206844,6,1,23040,0,1080,1920,193,741,232,781,1560,0.001,,
2068201,4270492,13206844,6,1,23064,0,1080,1920,945,198,1043,296,9604,0.005,,
2068202,4270492,13206844,6,1,23064,1,1080,1920,1253,347,1352,445,9702,0.005,,
2068203,4270492,13206844,6,1,23088,0,1080,1920,846,196,964,314,13924,0.007,,
2068204,4270492,13206844,6,1,23112,0,1080,1920,1204,312,1345,454,20022,0.01,,
2068205,4270492,13206844,6,1,23136,0,1080,1920,688,83,829,224,19881,0.01,,
2068206,4270492,13206844,6,1,23136,1,1080,1920,1146,319,1316,489,28900,0.014,,
2068207,4270492,13206844,6,1,23160,0,1080,1920,1180,319,1350,489,28900,0.014,,
2068208,4270492,13206844,6,1,23160,1,1080,1920,664,44,834,213,28730,0.014,,
2068209,4270492,13206844,6,1,23184,0,1080,1920,991,198,1161,368,28900,0.014,,
2068210,4270492,13206844,6,1,23184,1,1080,1920,441,95,611,265,28900,0.014,,
2068211,4270492,13206844,6,1,23208,0,1080,1920,1215,233,1385,403,28900,0.014,,
2068212,4270492,13206844,6,1,23208,1,1080,1920,441,216,611,385,28730,0.014,,
2068213,4270492,13206844,6,1,23232,0,1080,1920,1404,302,1574,471,28730,0.014,,
2068214,4270492,13206844,6,1,23232,1,1080,1920,633,107,877,351,59536,0.029,,
2068215,4270492,13206844,6,1,23256,0,1080,1920,1043,112,1213,282,28900,0.014,,
2068216,4270492,13206844,6,1,23280,0,1080,1920,1043,112,1213,282,28900,0.014,,
2068217,4270492,13206844,6,1,23304,0,1080,1920,1043,112,1213,282,28900,0.014,,
2068218,4270492,13206844,6,1,23376,0,1080,1920,1249,112,1419,282,28900,0.014,,
2068219,4270492,13206844,6,1,23400,0,1080,1920,1053,120,1257,324,41616,0.02,,
2068220,4270492,13206844,6,1,23424,0,1080,1920,888,140,1092,344,41616,0.02,,
2068221,4270492,13206844,6,1,23448,0,1080,1920,1054,107,1298,351,59536,0.029,,
2068222,4270492,13206844,6,1,23472,0,1080,1920,831,181,1075,426,59780,0.029,,
2068223,4270492,13206844,6,1,23496,0,1080,1920,961,137,1313,489,123904,0.06,,
2068224,4270492,13206844,6,1,23520,0,1080,1920,555,225,849,519,86436,0.042,,
2068225,4270492,13206844,6,1,23544,0,1080,1920,526,255,819,548,85849,0.041,,
2068226,4270492,13206844,6,1,23568,0,1080,1920,558,305,803,550,60025,0.029,,
2068227,4270492,13206844,6,1,23592,0,1080,1920,1061,166,1354,459,85849,0.041,,
2068228,4270492,13206844,6,1,23616,0,1080,1920,997,137,1349,489,123904,0.06,,
2068229,4270492,13206844,6,1,23640,0,1080,1920,997,172,1349,525,124256,0.06,,
2068230,4270492,13206844,6,1,23664,0,1080,1920,997,172,1349,525,124256,0.06,,
2068231,4270492,13206844,6,1,23688,0,1080,1920,534,255,778,500,59780,0.029,,
2068232,4270492,13206844,6,1,23712,0,1080,1920,558,255,803,500,60025,0.029,,
2068233,4270492,13206844,6,1,23736,0,1080,1920,534,255,778,500,59780,0.029,,
2068234,4270492,13206844,6,1,23760,0,1080,1920,1061,166,1354,459,85849,0.041,,
2068235,4270492,13206844,6,1,23784,0,1080,1920,1031,166,1324,459,85849,0.041,,
2068236,4270492,13206844,6,1,23808,0,1080,1920,997,101,1349,453,123904,0.06,,
2068237,4270492,13206844,6,1,23832,0,1080,1920,555,285,849,578,86142,0.042,,
2068238,4270492,13206844,6,1,23856,0,1080,1920,615,314,908,608,86142,0.042,,
2068239,4270492,13206844,6,1,23880,0,1080,1920,199,552,492,846,86142,0.042,,
2068240,4270492,13206844,6,1,23904,0,1080,1920,385,206,630,450,59780,0.029,,
2068241,4270492,13206844,6,1,23928,0,1080,1920,558,206,803,450,59780,0.029,,
2068242,4270492,13206844,6,1,23952,0,1080,1920,1032,137,1384,489,123904,0.06,,
2068243,4270492,13206844,6,1,23976,0,1080,1920,888,181,1058,351,28900,0.014,,
2068244,4270492,13206844,6,1,24000,0,1080,1920,871,181,1041,351,28900,0.014,,
2068245,4270492,13206844,6,1,24024,0,1080,1920,888,181,1058,351,28900,0.014,,
2068246,4270492,13206844,6,1,24048,0,1080,1920,1301,161,1505,365,41616,0.02,,
2068247,4270492,13206844,6,1,24072,0,1080,1920,888,140,1092,344,41616,0.02,,
2068248,4270492,13206844,6,1,24096,0,1080,1920,874,212,1016,353,20022,0.01,,
2068249,4270492,13206844,6,1,24120,0,1080,1920,874,183,1016,325,20164,0.01,,
2068250,4270492,13206844,6,1,24144,0,1080,1920,874,183,1016,325,20164,0.01,,
2068251,4270492,13206844,6,1,24168,0,1080,1920,874,183,1016,325,20164,0.01,,
2068252,4270492,13206844,6,1,24192,0,1080,1920,871,164,1041,334,28900,0.014,,
2068253,4270492,13206844,6,1,24216,0,1080,1920,1227,107,1472,351,59780,0.029,,
2068254,4270492,13206844,6,1,24240,0,1080,1920,1260,140,1463,344,41412,0.02,,
2068255,4270492,13206844,6,1,24264,0,1080,1920,1239,161,1443,365,41616,0.02,,
2068256,4270492,13206844,6,1,24288,0,1080,1920,1252,107,1496,351,59536,0.029,,
2068257,4270492,13206844,6,1,24312,0,1080,1920,1227,132,1472,376,59780,0.029,,
2068258,4270492,13206844,6,1,24336,0,1080,1920,1227,132,1472,376,59780,0.029,,
2068259,4270492,13206844,6,1,24360,0,1080,1920,1202,132,1447,376,59780,0.029,,
2068260,4270492,13206844,6,1,24384,0,1080,1920,1239,161,1443,365,41616,0.02,,
2068261,4270492,13206844,6,1,24408,0,1080,1920,527,216,697,385,28730,0.014,,
2068262,4270492,13206844,6,1,24432,0,1080,1920,510,216,680,385,28730,0.014,,
2068263,4270492,13206844,6,1,24456,0,1080,1920,530,226,672,368,20164,0.01,,
2068264,4270492,13206844,6,1,24480,0,1080,1920,1260,161,1463,365,41412,0.02,,
2068265,4270492,13206844,6,1,24504,0,1080,1920,1252,132,1496,376,59536,0.029,,
2068266,4270492,13206844,6,1,24528,0,1080,1920,1301,161,1505,365,41616,0.02,,
2068267,4270492,13206844,6,1,24552,0,1080,1920,1198,140,1401,344,41412,0.02,,
2068268,4270492,13206844,6,1,24576,0,1080,1920,1280,140,1484,344,41616,0.02,,
2068269,4270492,13206844,6,1,24600,0,1080,1920,1218,140,1422,344,41616,0.02,,
2068270,4270492,13206844,6,1,24624,0,1080,1920,527,233,697,403,28900,0.014,,
2068271,4270492,13206844,6,1,24648,0,1080,1920,544,216,714,385,28730,0.014,,
2068272,4270492,13206844,6,1,24672,0,1080,1920,1178,156,1422,401,59780,0.029,,
2068273,4270492,13206844,6,1,24696,0,1080,1920,856,181,1100,426,59780,0.029,,
2068274,4270492,13206844,6,1,24744,0,1080,1920,520,402,577,459,3249,0.002,,
2068275,4270492,13206844,6,1,24768,0,1080,1920,529,401,568,441,1560,0.001,,
2068276,4270492,13206844,6,1,24792,0,1080,1920,524,398,572,445,2256,0.001,,
2068277,4270492,13206844,6,1,24816,0,1080,1920,1136,182,1340,385,41412,0.02,,
2068278,4270492,13206844,6,1,24840,0,1080,1920,1103,181,1348,426,60025,0.029,,
2068279,4270492,13206844,6,1,24864,0,1080,1920,1115,182,1319,385,41412,0.02,,
2068280,4270492,13206844,6,1,24888,0,1080,1920,1103,181,1348,426,60025,0.029,,
2068281,4270492,13206844,6,1,24912,0,1080,1920,1103,181,1348,426,60025,0.029,,
2068282,4270492,13206844,6,1,24936,0,1080,1920,1103,181,1348,426,60025,0.029,,
2068283,4270492,13206844,6,1,24960,0,1080,1920,1115,202,1319,406,41616,0.02,,
2068284,4270492,13206844,6,1,24984,0,1080,1920,1136,202,1340,406,41616,0.02,,
2068285,4270492,13206844,6,1,25008,0,1080,1920,1136,202,1340,406,41616,0.02,,
2068286,4270492,13206844,6,1,25032,0,1080,1920,620,182,824,385,41412,0.02,,
2068287,4270492,13206844,6,1,25056,0,1080,1920,630,198,800,368,28900,0.014,,
2068288,4270492,13206844,6,1,25080,0,1080,1920,613,216,783,385,28730,0.014,,
2068289,4270492,13206844,6,1,25104,0,1080,1920,599,202,803,406,41616,0.02,,
2068290,4270492,13206844,6,1,25128,0,1080,1920,613,216,783,385,28730,0.014,,
2068291,4270492,13206844,6,1,25152,0,1080,1920,613,216,783,385,28730,0.014,,
2068292,4270492,13206844,6,1,25176,0,1080,1920,613,216,783,385,28730,0.014,,
2068293,4270492,13206844,6,1,25200,0,1080,1920,596,216,766,385,28730,0.014,,
2068294,4270492,13206844,6,1,25224,0,1080,1920,599,202,803,406,41616,0.02,,
2068295,4270492,13206844,6,1,25248,0,1080,1920,613,216,783,385,28730,0.014,,
2068296,4270492,13206844,6,1,25272,0,1080,1920,613,216,783,385,28730,0.014,,
2068297,4270492,13206844,6,1,25296,0,1080,1920,1136,182,1340,385,41412,0.02,,
2068298,4270492,13206844,6,1,25320,0,1080,1920,1136,182,1340,385,41412,0.02,,
2068299,4270492,13206844,6,1,25344,0,1080,1920,596,216,766,385,28730,0.014,,
2068300,4270492,13206844,6,1,25368,0,1080,1920,578,202,782,406,41616,0.02,,
2068301,4270492,13206844,6,1,25392,0,1080,1920,596,198,766,368,28900,0.014,,
2068302,4270492,13206844,6,1,25416,0,1080,1920,596,198,766,368,28900,0.014,,
2068303,4270492,13206844,6,1,25440,0,1080,1920,578,198,748,368,28900,0.014,,
2068304,4270492,13206844,6,1,25464,0,1080,1920,578,198,748,368,28900,0.014,,
2068305,4270492,13206844,6,1,25488,0,1080,1920,596,198,766,368,28900,0.014,,
2068306,4270492,13206844,6,1,25512,0,1080,1920,613,198,783,368,28900,0.014,,
2068307,4270492,13206844,6,1,25536,0,1080,1920,596,198,766,368,28900,0.014,,
2068308,4270492,13206844,6,1,25560,0,1080,1920,596,216,766,385,28730,0.014,,
2068309,4270492,13206844,6,1,25584,0,1080,1920,613,198,783,368,28900,0.014,,
2068310,4270492,13206844,6,1,25608,0,1080,1920,1150,136,1443,429,85849,0.041,,
2068311,4270492,13206844,6,1,25632,0,1080,1920,1178,156,1422,401,59780,0.029,,
2068312,4270492,13206844,6,1,25656,0,1080,1920,1120,106,1413,400,86142,0.042,,
2068313,4270492,13206844,6,1,25680,0,1080,1920,585,195,878,489,86142,0.042,,
2068314,4270492,13206844,6,1,25704,0,1080,1920,1252,107,1496,351,59536,0.029,,
2068315,4270492,13206844,6,1,25728,0,1080,1920,1153,132,1397,376,59536,0.029,,
2068316,4270492,13206844,6,1,25752,0,1080,1920,1153,132,1397,376,59536,0.029,,
2068317,4270492,13206844,6,1,25776,0,1080,1920,1128,132,1373,376,59780,0.029,,
2068318,4270492,13206844,6,1,25800,0,1080,1920,682,206,927,450,59780,0.029,,
2068319,4270492,13206844,6,1,25824,0,1080,1920,583,231,828,475,59780,0.029,,
2068320,4270492,13206844,6,1,25848,0,1080,1920,633,231,877,475,59536,0.029,,
2068321,4270492,13206844,6,1,25872,0,1080,1920,620,264,824,468,41616,0.02,,
2068322,4270492,13206844,6,1,25896,0,1080,1920,555,225,849,519,86436,0.042,,
2068323,4270492,13206844,6,1,25920,0,1080,1920,1178,156,1422,401,59780,0.029,,
2068324,4270492,13206844,6,1,25944,0,1080,1920,1150,106,1443,400,86142,0.042,,
2068325,4270492,13206844,6,1,25968,0,1080,1920,1120,136,1413,429,85849,0.041,,
2068326,4270492,13206844,6,1,25992,0,1080,1920,1153,156,1397,401,59780,0.029,,
2068327,4270492,13206844,6,1,26016,0,1080,1920,1153,156,1397,401,59780,0.029,,
2068328,4270492,13206844,6,1,26040,0,1080,1920,1153,156,1397,401,59780,0.029,,
2068329,4270492,13206844,6,1,26064,0,1080,1920,1153,156,1397,401,59780,0.029,,
2068330,4270492,13206844,6,1,26088,0,1080,1920,608,231,852,475,59536,0.029,,
2068331,4270492,13206844,6,1,26112,0,1080,1920,608,231,852,475,59536,0.029,,
2068332,4270492,13206844,6,1,26136,0,1080,1920,997,137,1349,489,123904,0.06,,
2068333,4270492,13206844,6,1,26160,0,1080,1920,1001,195,1295,489,86436,0.042,,
2068334,4270492,13206844,6,1,26184,0,1080,1920,1001,195,1295,489,86436,0.042,,
2068335,4270492,13206844,6,1,26208,0,1080,1920,1001,195,1295,489,86436,0.042,,
2068336,4270492,13206844,6,1,26232,0,1080,1920,1031,166,1324,459,85849,0.041,,
2068337,4270492,13206844,6,1,26328,0,1080,1920,248,264,452,468,41616,0.02,,
2068338,4270492,13206844,6,1,26328,1,1080,1920,1301,132,1546,376,59780,0.029,,
2068339,4270492,13206844,6,1,26352,0,1080,1920,228,264,431,468,41412,0.02,,
2068340,4270492,13206844,6,1,26352,1,1080,1920,1301,82,1546,327,60025,0.029,,
2068341,4270492,13206844,6,1,26376,0,1080,1920,1301,57,1546,302,60025,0.029,,
2068342,4270492,13206844,6,1,26376,1,1080,1920,290,264,493,468,41412,0.02,,
2068343,4270492,13206844,6,1,26400,0,1080,1920,1277,82,1521,327,59780,0.029,,
2068344,4270492,13206844,6,1,26400,1,1080,1920,248,264,452,468,41616,0.02,,
2068345,4270492,13206844,6,1,26424,0,1080,1920,228,223,431,427,41412,0.02,,
2068346,4270492,13206844,6,1,26424,1,1080,1920,1277,82,1521,327,59780,0.029,,
2068347,4270492,13206844,6,1,26448,0,1080,1920,228,202,431,406,41412,0.02,,
2068348,4270492,13206844,6,1,26448,1,1080,1920,1277,82,1521,327,59780,0.029,,
2068349,4270492,13206844,6,1,26472,0,1080,1920,228,223,431,427,41412,0.02,,
2068350,4270492,13206844,6,1,26472,1,1080,1920,1277,82,1521,327,59780,0.029,,
2068351,4270492,13206844,6,1,26496,0,1080,1920,228,223,431,427,41412,0.02,,
2068352,4270492,13206844,6,1,26496,1,1080,1920,1301,82,1546,327,60025,0.029,,
2068353,4270492,13206844,6,1,26520,0,1080,1920,269,223,473,427,41616,0.02,,
2068354,4270492,13206844,6,1,26520,1,1080,1920,1301,57,1546,302,60025,0.029,,
2068355,4270492,13206844,6,1,26544,0,1080,1920,310,223,514,427,41616,0.02,,
2068356,4270492,13206844,6,1,26544,1,1080,1920,1301,82,1546,327,60025,0.029,,
2068357,4270492,13206844,6,1,26568,0,1080,1920,1277,82,1521,327,59780,0.029,,
2068358,4270492,13206844,6,1,26568,1,1080,1920,310,223,514,427,41616,0.02,,
2068359,4270492,13206844,6,1,26592,0,1080,1920,903,111,1044,253,20022,0.01,,
2068360,4270492,13206844,6,1,26616,0,1080,1920,888,95,1058,265,28900,0.014,,
2068361,4270492,13206844,6,1,26640,0,1080,1920,530,154,672,296,20164,0.01,,
2068362,4270492,13206844,6,1,26640,1,1080,1920,1175,126,1317,267,20022,0.01,,
2068363,4270492,13206844,6,1,26664,0,1080,1920,1180,136,1298,254,13924,0.007,,
2068364,4270492,13206844,6,1,26664,1,1080,1920,530,154,672,296,20164,0.01,,
2068365,4270492,13206844,6,1,26688,0,1080,1920,1204,124,1322,242,13924,0.007,,
2068366,4270492,13206844,6,1,26688,1,1080,1920,530,154,672,296,20164,0.01,,
2068367,4270492,13206844,6,1,26712,0,1080,1920,1189,97,1331,239,20164,0.01,,
2068368,4270492,13206844,6,1,26712,1,1080,1920,516,169,657,310,19881,0.01,,
2068369,4270492,13206844,6,1,26736,0,1080,1920,1192,124,1310,242,13924,0.007,,
2068370,4270492,13206844,6,1,26736,1,1080,1920,530,169,672,310,20022,0.01,,
2068371,4270492,13206844,6,1,26760,0,1080,1920,1192,124,1310,242,13924,0.007,,
2068372,4270492,13206844,6,1,26760,1,1080,1920,516,154,657,296,20022,0.01,,
2068373,4270492,13206844,6,1,26784,0,1080,1920,1189,111,1331,253,20164,0.01,,
2068374,4270492,13206844,6,1,26784,1,1080,1920,516,169,657,310,19881,0.01,,
2068375,4270492,13206844,6,1,26808,0,1080,1920,1175,111,1317,253,20164,0.01,,
2068376,4270492,13206844,6,1,26808,1,1080,1920,516,154,657,296,20022,0.01,,
2068377,4270492,13206844,6,1,26832,0,1080,1920,1161,126,1302,267,19881,0.01,,
2068378,4270492,13206844,6,1,26832,1,1080,1920,510,164,680,334,28900,0.014,,
2068379,4270492,13206844,6,1,26856,0,1080,1920,1161,126,1302,267,19881,0.01,,
2068380,4270492,13206844,6,1,26856,1,1080,1920,530,154,672,296,20164,0.01,,
2068381,4270492,13206844,6,1,26880,0,1080,1920,1161,126,1302,267,19881,0.01,,
2068382,4270492,13206844,6,1,26880,1,1080,1920,530,154,672,296,20164,0.01,,
2068383,4270492,13206844,6,1,26904,0,1080,1920,1367,379,1424,436,3249,0.002,,
2068384,4270492,13206844,6,1,26904,1,1080,1920,1131,402,1187,459,3192,0.002,,
2068385,4270492,13206844,6,1,26928,0,1080,1920,1367,379,1424,436,3249,0.002,,
2068386,4270492,13206844,6,1,26928,1,1080,1920,1061,356,1118,412,3192,0.002,,
2068387,4270492,13206844,6,1,26952,0,1080,1920,1349,384,1406,441,3249,0.002,,
2068388,4270492,13206844,6,1,26952,1,1080,1920,1053,339,1121,407,4624,0.002,,
2068389,4270492,13206844,6,1,26976,0,1080,1920,946,154,1087,296,20022,0.01,,
2068390,4270492,13206844,6,1,27000,0,1080,1920,946,154,1087,296,20022,0.01,,
2068391,4270492,13206844,6,1,27024,0,1080,1920,946,140,1087,282,20022,0.01,,
2068392,4270492,13206844,6,1,27048,0,1080,1920,1284,370,1453,540,28730,0.014,,
2068393,4270492,13206844,6,1,27048,1,1080,1920,608,132,852,376,59536,0.029,,
2068394,4270492,13206844,6,1,27072,0,1080,1920,1425,280,1670,525,60025,0.029,,
2068395,4270492,13206844,6,1,27072,1,1080,1920,640,140,844,344,41616,0.02,,
2068396,4270492,13206844,6,1,27096,0,1080,1920,1363,285,1567,489,41616,0.02,,
2068397,4270492,13206844,6,1,27096,1,1080,1920,620,140,824,344,41616,0.02,,
2068398,4270492,13206844,6,1,27120,0,1080,1920,1326,255,1571,500,60025,0.029,,
2068399,4270492,13206844,6,1,27120,1,1080,1920,583,132,828,376,59780,0.029,,
2068400,4270492,13206844,6,1,27144,0,1080,1920,1342,285,1546,489,41616,0.02,,
2068401,4270492,13206844,6,1,27144,1,1080,1920,558,132,803,376,59780,0.029,,
2068402,4270492,13206844,6,1,27168,0,1080,1920,1342,264,1546,468,41616,0.02,,
2068403,4270492,13206844,6,1,27168,1,1080,1920,583,132,828,376,59780,0.029,,
2068404,4270492,13206844,6,1,27192,0,1080,1920,1342,285,1546,489,41616,0.02,,
2068405,4270492,13206844,6,1,27192,1,1080,1920,558,132,803,376,59780,0.029,,
2068406,4270492,13206844,6,1,27216,0,1080,1920,599,140,803,344,41616,0.02,,
2068407,4270492,13206844,6,1,27216,1,1080,1920,1342,264,1546,468,41616,0.02,,
2068408,4270492,13206844,6,1,27240,0,1080,1920,1321,264,1525,468,41616,0.02,,
2068409,4270492,13206844,6,1,27240,1,1080,1920,558,132,803,376,59780,0.029,,
2068410,4270492,13206844,6,1,27264,0,1080,1920,1321,264,1525,468,41616,0.02,,
2068411,4270492,13206844,6,1,27264,1,1080,1920,558,132,803,376,59780,0.029,,
2068412,4270492,13206844,6,1,27288,0,1080,1920,1321,264,1525,468,41616,0.02,,
2068413,4270492,13206844,6,1,27288,1,1080,1920,558,132,803,376,59780,0.029,,
2068414,4270492,13206844,6,1,27312,0,1080,1920,1321,285,1525,489,41616,0.02,,
2068415,4270492,13206844,6,1,27312,1,1080,1920,534,132,778,376,59536,0.029,,
2068416,4270492,13206844,6,1,27336,0,1080,1920,1301,264,1505,468,41616,0.02,,
2068417,4270492,13206844,6,1,27336,1,1080,1920,534,132,778,376,59536,0.029,,
2068418,4270492,13206844,6,1,27360,0,1080,1920,1301,264,1505,468,41616,0.02,,
2068419,4270492,13206844,6,1,27360,1,1080,1920,534,132,778,376,59536,0.029,,
2068420,4270492,13206844,6,1,27384,0,1080,1920,1321,264,1525,468,41616,0.02,,
2068421,4270492,13206844,6,1,27384,1,1080,1920,534,132,778,376,59536,0.029,,
2068422,4270492,13206844,6,1,27408,0,1080,1920,1061,106,1354,400,86142,0.042,,
2068423,4270492,13206844,6,1,27432,0,1080,1920,1054,156,1298,401,59780,0.029,,
2068424,4270492,13206844,6,1,27456,0,1080,1920,1094,182,1298,385,41412,0.02,,
2068425,4270492,13206844,6,1,27480,0,1080,1920,583,212,640,268,3192,0.002,,
2068426,4270492,13206844,6,1,27480,1,1080,1920,307,177,364,234,3249,0.002,,
2068427,4270492,13206844,6,1,27504,0,1080,1920,583,212,640,268,3192,0.002,,
2068428,4270492,13206844,6,1,27504,1,1080,1920,307,177,364,234,3249,0.002,,
2068429,4270492,13206844,6,1,27528,0,1080,1920,307,177,364,234,3249,0.002,,
2068430,4270492,13206844,6,1,27528,1,1080,1920,578,212,634,268,3136,0.002,,
2068431,4270492,13206844,6,1,27552,0,1080,1920,572,206,629,263,3249,0.002,,
2068432,4270492,13206844,6,1,27552,1,1080,1920,313,180,382,248,4692,0.002,,
2068433,4270492,13206844,6,1,27576,0,1080,1920,279,180,347,248,4624,0.002,,
2068434,4270492,13206844,6,1,27576,1,1080,1920,687,212,744,268,3192,0.002,,
2068435,4270492,13206844,6,1,27624,0,1080,1920,1556,249,1604,297,2304,0.001,,
2068436,4270492,13206844,6,1,27648,0,1080,1920,1672,235,1729,292,3249,0.002,,
2068437,4270492,13206844,6,1,27648,1,1080,1920,1493,235,1550,292,3249,0.002,,
2068438,4270492,13206844,6,1,27672,0,1080,1920,1613,221,1681,290,4692,0.002,,
2068439,4270492,13206844,6,1,27696,0,1080,1920,1582,178,1680,276,9604,0.005,,
2068440,4270492,13206844,6,1,27720,0,1080,1920,1551,172,1669,290,13924,0.007,,
2068441,4270492,13206844,6,1,27720,1,1080,1920,1264,162,1346,244,6724,0.003,,
2068442,4270492,13206844,6,1,27720,2,1080,1920,272,427,414,568,20022,0.01,,
2068443,4270492,13206844,6,1,27744,0,1080,1920,272,455,414,597,20164,0.01,,
2068444,4270492,13206844,6,1,27744,1,1080,1920,1097,243,1215,361,13924,0.007,,
2068445,4270492,13206844,6,1,27768,0,1080,1920,426,315,778,667,123904,0.06,,
2068446,4270492,13206844,6,1,27792,0,1080,1920,426,315,778,667,123904,0.06,,
2068447,4270492,13206844,6,1,27816,0,1080,1920,426,244,778,596,123904,0.06,,
2068448,4270492,13206844,6,1,27840,0,1080,1920,426,244,778,596,123904,0.06,,
2068449,4270492,13206844,6,1,27864,0,1080,1920,496,255,789,548,85849,0.041,,
2068450,4270492,13206844,6,1,27888,0,1080,1920,462,208,814,560,123904,0.06,,
2068451,4270492,13206844,6,1,27912,0,1080,1920,426,244,778,596,123904,0.06,,
2068452,4270492,13206844,6,1,27936,0,1080,1920,462,208,814,560,123904,0.06,,
2068453,4270492,13206844,6,1,27960,0,1080,1920,1363,140,1567,344,41616,0.02,,
2068454,4270492,13206844,6,1,27960,1,1080,1920,338,112,508,282,28900,0.014,,
2068455,4270492,13206844,6,1,27984,0,1080,1920,1363,120,1567,324,41616,0.02,,
2068456,4270492,13206844,6,1,27984,1,1080,1920,355,112,525,282,28900,0.014,,
2068457,4270492,13206844,6,1,28008,0,1080,1920,526,195,819,489,86142,0.042,,
2068458,4270492,13206844,6,1,28032,0,1080,1920,526,195,819,489,86142,0.042,,
2068459,4270492,13206844,6,1,28056,0,1080,1920,526,195,819,489,86142,0.042,,
2068460,4270492,13206844,6,1,28080,0,1080,1920,526,225,819,519,86142,0.042,,
2068461,4270492,13206844,6,1,28104,0,1080,1920,497,208,849,560,123904,0.06,,
2068462,4270492,13206844,6,1,28128,0,1080,1920,640,244,992,596,123904,0.06,,
2068463,4270492,13206844,6,1,28152,0,1080,1920,569,208,921,560,123904,0.06,,
2068464,4270492,13206844,6,1,28176,0,1080,1920,496,225,789,519,86142,0.042,,
2068465,4270492,13206844,6,1,28200,0,1080,1920,1054,107,1298,351,59536,0.029,,
2068466,4270492,13206844,6,1,28224,0,1080,1920,1074,161,1278,365,41616,0.02,,
2068467,4270492,13206844,6,1,28248,0,1080,1920,615,285,908,578,85849,0.041,,
2068468,4270492,13206844,6,1,28272,0,1080,1920,615,285,908,578,85849,0.041,,
2068469,4270492,13206844,6,1,28296,0,1080,1920,1004,181,1249,426,60025,0.029,,
2068470,4270492,13206844,6,1,28296,1,1080,1920,1610,339,1728,457,13924,0.007,,
2068471,4270492,13206844,6,1,28320,0,1080,1920,1012,182,1216,385,41412,0.02,,
2068472,4270492,13206844,6,1,28320,1,1080,1920,1610,339,1728,457,13924,0.007,,
2068473,4270492,13206844,6,1,28344,0,1080,1920,1012,182,1216,385,41412,0.02,,
2068474,4270492,13206844,6,1,28344,1,1080,1920,1610,339,1728,457,13924,0.007,,
2068475,4270492,13206844,6,1,28368,0,1080,1920,942,166,1235,459,85849,0.041,,
2068476,4270492,13206844,6,1,28368,1,1080,1920,1610,351,1728,469,13924,0.007,,
2068477,4270492,13206844,6,1,28392,0,1080,1920,955,181,1199,426,59780,0.029,,
2068478,4270492,13206844,6,1,28392,1,1080,1920,1622,363,1740,481,13924,0.007,,
2068479,4270492,13206844,6,1,28416,0,1080,1920,955,206,1199,450,59536,0.029,,
2068480,4270492,13206844,6,1,28416,1,1080,1920,1648,355,1790,497,20164,0.01,,
2068481,4270492,13206844,6,1,28440,0,1080,1920,955,231,1199,475,59536,0.029,,
2068482,4270492,13206844,6,1,28440,1,1080,1920,1705,355,1847,497,20164,0.01,,
2068483,4270492,13206844,6,1,28464,0,1080,1920,766,148,864,246,9604,0.005,,
2068484,4270492,13206844,6,1,28464,1,1080,1920,1131,270,1213,352,6724,0.003,,
2068485,4270492,13206844,6,1,28488,0,1080,1920,756,148,854,246,9604,0.005,,
2068486,4270492,13206844,6,1,28488,1,1080,1920,1114,247,1212,346,9702,0.005,,
2068487,4270492,13206844,6,1,28512,0,1080,1920,1283,327,1382,425,9702,0.005,,
2068488,4270492,13206844,6,1,28536,0,1080,1920,368,231,486,349,13924,0.007,,
2068489,4270492,13206844,6,1,28536,1,1080,1920,1452,347,1551,445,9702,0.005,,
2068490,4270492,13206844,6,1,28560,0,1080,1920,1552,297,1650,395,9604,0.005,,
2068491,4270492,13206844,6,1,28584,0,1080,1920,1323,208,1421,306,9604,0.005,,
2068492,4270492,13206844,6,1,28608,0,1080,1920,1157,148,1275,266,13924,0.007,,
2068493,4270492,13206844,6,1,28632,0,1080,1920,854,208,1206,560,123904,0.06,,
2068494,4270492,13206844,6,1,28632,1,1080,1920,1748,341,1890,482,20022,0.01,,
2068495,4270492,13206844,6,1,28656,0,1080,1920,854,208,1206,560,123904,0.06,,
2068496,4270492,13206844,6,1,28656,1,1080,1920,1748,341,1890,482,20022,0.01,,
2068497,4270492,13206844,6,1,28680,0,1080,1920,854,208,1206,560,123904,0.06,,
2068498,4270492,13206844,6,1,28680,1,1080,1920,1763,341,1904,482,19881,0.01,,
2068499,4270492,13206844,6,1,28704,0,1080,1920,912,195,1205,489,86142,0.042,,
2068500,4270492,13206844,6,1,28704,1,1080,1920,1763,341,1904,482,19881,0.01,,
2068501,4270492,13206844,6,1,28728,0,1080,1920,912,225,1205,519,86142,0.042,,
2068502,4270492,13206844,6,1,28752,0,1080,1920,912,225,1205,519,86142,0.042,,
2068503,4270492,13206844,6,1,28776,0,1080,1920,1078,107,1323,351,59780,0.029,,
2068504,4270492,13206844,6,1,28800,0,1080,1920,1054,107,1298,351,59536,0.029,,
2068505,4270492,13206844,6,1,28824,0,1080,1920,533,279,885,632,124256,0.06,,
2068506,4270492,13206844,6,1,28848,0,1080,1920,657,132,902,376,59780,0.029,,
2068507,4270492,13206844,6,1,28872,0,1080,1920,608,82,852,327,59780,0.029,,
2068508,4270492,13206844,6,1,28896,0,1080,1920,1549,202,1752,406,41412,0.02,,
2068509,4270492,13206844,6,1,28896,1,1080,1920,389,181,559,351,28900,0.014,,
2068510,4270492,13206844,6,1,28920,0,1080,1920,555,166,849,459,86142,0.042,,
2068511,4270492,13206844,6,1,28944,0,1080,1920,555,195,849,489,86436,0.042,,
2068512,4270492,13206844,6,1,28968,0,1080,1920,585,195,878,489,86142,0.042,,
2068513,4270492,13206844,6,1,28968,1,1080,1920,1404,83,1546,224,20022,0.01,,
2068514,4270492,13206844,6,1,28992,0,1080,1920,1462,198,1561,296,9702,0.005,,
2068515,4270492,13206844,6,1,28992,1,1080,1920,796,148,894,246,9604,0.005,,
2068516,4270492,13206844,6,1,29016,0,1080,1920,428,160,546,278,13924,0.007,,
2068517,4270492,13206844,6,1,29016,1,1080,1920,1275,154,1417,296,20164,0.01,,
2068518,4270492,13206844,6,1,29016,2,1080,1920,942,148,1060,266,13924,0.007,,
2068519,4270492,13206844,6,1,29040,0,1080,1920,1180,164,1350,334,28900,0.014,,
2068520,4270492,13206844,6,1,29040,1,1080,1920,571,184,689,302,13924,0.007,,
2068521,4270492,13206844,6,1,29064,0,1080,1920,912,166,1205,459,85849,0.041,,
2068522,4270492,13206844,6,1,29088,0,1080,1920,1163,198,1333,368,28900,0.014,,
2068523,4270492,13206844,6,1,29088,1,1080,1920,571,172,689,290,13924,0.007,,
2068524,4270492,13206844,6,1,29112,0,1080,1920,1146,198,1316,368,28900,0.014,,
2068525,4270492,13206844,6,1,29112,1,1080,1920,571,172,689,290,13924,0.007,,
2068526,4270492,13206844,6,1,29136,0,1080,1920,496,195,789,489,86142,0.042,,
2068527,4270492,13206844,6,1,29160,0,1080,1920,526,166,819,459,85849,0.041,,
2068528,4270492,13206844,6,1,29184,0,1080,1920,619,208,737,325,13806,0.007,,
2068529,4270492,13206844,6,1,29184,1,1080,1920,1778,113,1860,194,6642,0.003,,
2068530,4270492,13206844,6,1,29208,0,1080,1920,1132,197,1274,339,20164,0.01,,
2068531,4270492,13206844,6,1,29232,0,1080,1920,1321,306,1525,509,41412,0.02,,
2068532,4270492,13206844,6,1,29232,1,1080,1920,534,132,778,376,59536,0.029,,
2068533,4270492,13206844,6,1,29256,0,1080,1920,234,130,404,299,28730,0.014,,
2068534,4270492,13206844,6,1,29256,1,1080,1920,1404,182,1608,385,41412,0.02,,
2068535,4270492,13206844,6,1,29256,2,1080,1920,957,216,1127,385,28730,0.014,,
2068536,4270492,13206844,6,1,29280,0,1080,1920,1404,182,1608,385,41412,0.02,,
2068537,4270492,13206844,6,1,29280,1,1080,1920,234,130,404,299,28730,0.014,,
2068538,4270492,13206844,6,1,29280,2,1080,1920,957,198,1127,368,28900,0.014,,
2068539,4270492,13206844,6,1,29304,0,1080,1920,583,132,828,376,59780,0.029,,
2068540,4270492,13206844,6,1,29328,0,1080,1920,583,156,828,401,60025,0.029,,
2068541,4270492,13206844,6,1,29352,0,1080,1920,974,212,1116,353,20022,0.01,,
2068542,4270492,13206844,6,1,29352,1,1080,1920,228,120,431,324,41412,0.02,,
2068543,4270492,13206844,6,1,29352,2,1080,1920,1404,202,1608,406,41616,0.02,,
2068544,4270492,13206844,6,1,29376,0,1080,1920,974,198,1144,368,28900,0.014,,
2068545,4270492,13206844,6,1,29376,1,1080,1920,252,112,422,282,28900,0.014,,
2068546,4270492,13206844,6,1,29376,2,1080,1920,1404,202,1608,406,41616,0.02,,
2068547,4270492,13206844,6,1,29400,0,1080,1920,585,166,878,459,85849,0.041,,
2068548,4270492,13206844,6,1,29424,0,1080,1920,871,147,1041,317,28900,0.014,,
2068549,4270492,13206844,6,1,29448,0,1080,1920,1156,140,1360,344,41616,0.02,,
2068550,4270492,13206844,6,1,29448,1,1080,1920,547,172,665,290,13924,0.007,,
2068551,4270492,13206844,6,1,29472,0,1080,1920,1146,181,1316,351,28900,0.014,,
2068552,4270492,13206844,6,1,29472,1,1080,1920,559,160,677,278,13924,0.007,,
2068553,4270492,13206844,6,1,29496,0,1080,1920,1003,240,1145,382,20164,0.01,,
2068554,4270492,13206844,6,1,29496,1,1080,1920,1425,202,1628,406,41412,0.02,,
2068555,4270492,13206844,6,1,29496,2,1080,1920,269,130,439,299,28730,0.014,,
2068556,4270492,13206844,6,1,29520,0,1080,1920,847,120,1051,324,41616,0.02,,
2068557,4270492,13206844,6,1,29544,0,1080,1920,826,140,1030,344,41616,0.02,,
2068558,4270492,13206844,6,1,29568,0,1080,1920,1163,164,1333,334,28900,0.014,,
2068559,4270492,13206844,6,1,29568,1,1080,1920,571,160,689,278,13924,0.007,,
2068560,4270492,13206844,6,1,29592,0,1080,1920,831,132,1075,376,59536,0.029,,
2068561,4270492,13206844,6,1,29616,0,1080,1920,1180,181,1350,351,28900,0.014,,
2068562,4270492,13206844,6,1,29616,1,1080,1920,571,160,689,278,13924,0.007,,
2068563,4270492,13206844,6,1,29640,0,1080,1920,929,120,1133,324,41616,0.02,,
2068564,4270492,13206844,6,1,29664,0,1080,1920,971,99,1174,303,41412,0.02,,
2068565,4270492,13206844,6,1,29688,0,1080,1920,971,120,1174,324,41412,0.02,,
2068566,4270492,13206844,6,1,29712,0,1080,1920,1204,283,1345,425,20022,0.01,,
2068567,4270492,13206844,6,1,29736,0,1080,1920,1189,298,1331,439,20022,0.01,,
2068568,4270492,13206844,6,1,29760,0,1080,1920,1198,250,1367,420,28730,0.014,,
2068569,4270492,13206844,6,1,29784,0,1080,1920,950,120,1154,324,41616,0.02,,
2068570,4270492,13206844,6,1,29784,1,1080,1920,273,255,391,373,13924,0.007,,
2068571,4270492,13206844,6,1,29808,0,1080,1920,929,120,1133,324,41616,0.02,,
2068572,4270492,13206844,6,1,29832,0,1080,1920,950,99,1154,303,41616,0.02,,
2068573,4270492,13206844,6,1,29832,1,1080,1920,416,255,534,373,13924,0.007,,
2068574,4270492,13206844,6,1,29856,0,1080,1920,392,255,510,373,13924,0.007,,
2068575,4270492,13206844,6,1,29880,0,1080,1920,707,156,952,401,60025,0.029,,
2068576,4270492,13206844,6,1,29904,0,1080,1920,704,166,997,459,85849,0.041,,
2068577,4270492,13206844,6,1,29928,0,1080,1920,644,166,938,459,86142,0.042,,
2068578,4270492,13206844,6,1,29952,0,1080,1920,657,132,902,376,59780,0.029,,
2068579,4270492,13206844,6,1,30000,0,1080,1920,1134,237,1232,336,9702,0.005,,
2068580,4270492,13206844,6,1,30024,0,1080,1920,1094,188,1192,286,9604,0.005,,
2068581,4270492,13206844,6,1,30048,0,1080,1920,1164,217,1262,316,9702,0.005,,
2068582,4270492,13206844,6,1,30072,0,1080,1920,1192,136,1310,254,13924,0.007,,
2068583,4270492,13206844,6,1,30096,0,1080,1920,1232,111,1374,253,20164,0.01,,
2068584,4270492,13206844,6,1,30120,0,1080,1920,982,453,1064,535,6724,0.003,,
2068585,4270492,13206844,6,1,30144,0,1080,1920,974,461,1056,543,6724,0.003,,
2068586,4270492,13206844,6,1,30168,0,1080,1920,982,453,1064,535,6724,0.003,,
2068587,4270492,13206844,6,1,30192,0,1080,1920,982,453,1064,535,6724,0.003,,
2068588,4270492,13206844,6,1,30216,0,1080,1920,1300,112,1418,230,13924,0.007,,
2068589,4270492,13206844,6,1,30240,0,1080,1920,1336,148,1454,266,13924,0.007,,
2068590,4270492,13206844,6,1,30264,0,1080,1920,1161,140,1302,282,20022,0.01,,
2068591,4270492,13206844,6,1,30288,0,1080,1920,1342,120,1546,324,41616,0.02,,
2068592,4270492,13206844,6,1,30312,0,1080,1920,1043,164,1213,334,28900,0.014,,
2068593,4270492,13206844,6,1,30336,0,1080,1920,839,443,907,511,4624,0.002,,
2068594,4270492,13206844,6,1,30360,0,1080,1920,846,450,914,518,4624,0.002,,
2068595,4270492,13206844,6,1,30384,0,1080,1920,846,450,914,518,4624,0.002,,
2068596,4270492,13206844,6,1,30408,0,1080,1920,1001,195,1295,489,86436,0.042,,
2068597,4270492,13206844,6,1,30432,0,1080,1920,1031,195,1324,489,86142,0.042,,
2068598,4270492,13206844,6,1,30456,0,1080,1920,1061,166,1354,459,85849,0.041,,
2068599,4270492,13206844,6,1,30480,0,1080,1920,1090,166,1384,459,86142,0.042,,
2068600,4270492,13206844,6,1,30504,0,1080,1920,1061,166,1354,459,85849,0.041,,
2068601,4270492,13206844,6,1,30528,0,1080,1920,1128,206,1373,450,59780,0.029,,
2068602,4270492,13206844,6,1,30552,0,1080,1920,462,172,814,525,124256,0.06,,
2068603,4270492,13206844,6,1,30576,0,1080,1920,496,225,789,519,86142,0.042,,
2068604,4270492,13206844,6,1,30600,0,1080,1920,462,172,814,525,124256,0.06,,
2068605,4270492,13206844,6,1,30624,0,1080,1920,462,172,814,525,124256,0.06,,
2068606,4270492,13206844,6,1,30648,0,1080,1920,462,172,814,525,124256,0.06,,
2068607,4270492,13206844,6,1,30672,0,1080,1920,462,137,814,489,123904,0.06,,
2068608,4270492,13206844,6,1,30696,0,1080,1920,462,137,814,489,123904,0.06,,
2068609,4270492,13206844,6,1,30720,0,1080,1920,1004,206,1249,450,59780,0.029,,
2068610,4270492,13206844,6,1,30744,0,1080,1920,526,255,819,548,85849,0.041,,
2068611,4270492,13206844,6,1,30816,0,1080,1920,930,206,1174,450,59536,0.029,,
2068612,4270492,13206844,6,1,30840,0,1080,1920,1029,255,1273,500,59780,0.029,,
2068613,4270492,13206844,6,1,30864,0,1080,1920,1004,255,1249,500,60025,0.029,,
2068614,4270492,13206844,6,1,30888,0,1080,1920,955,255,1199,500,59780,0.029,,
2068615,4270492,13206844,6,1,30912,0,1080,1920,955,231,1199,475,59536,0.029,,
2068616,4270492,13206844,6,1,30936,0,1080,1920,1029,231,1273,475,59536,0.029,,
2068617,4270492,13206844,6,1,30960,0,1080,1920,982,453,1064,535,6724,0.003,,
2068618,4270492,13206844,6,1,30984,0,1080,1920,982,453,1064,535,6724,0.003,,
2068619,4270492,13206844,6,1,31008,0,1080,1920,982,453,1064,535,6724,0.003,,
2068620,4270492,13206844,6,1,31032,0,1080,1920,1048,444,1130,526,6724,0.003,,
2068621,4270492,13206844,6,1,31056,0,1080,1920,1032,456,1100,525,4692,0.002,,
2068622,4270492,13206844,6,1,31080,0,1080,1920,1039,456,1107,525,4692,0.002,,
2068623,4270492,13206844,6,1,31104,0,1080,1920,1046,456,1114,525,4692,0.002,,
2068624,4270492,13206844,6,1,31128,0,1080,1920,1007,453,1089,535,6724,0.003,,
2068625,4270492,13206844,6,1,31152,0,1080,1920,1025,456,1094,525,4761,0.002,,
2068626,4270492,13206844,6,1,31176,0,1080,1920,1015,453,1097,535,6724,0.003,,
2068627,4270492,13206844,6,1,31200,0,1080,1920,1015,453,1097,535,6724,0.003,,
2068628,4270492,13206844,6,1,31224,0,1080,1920,1004,255,1249,500,60025,0.029,,
2068629,4270492,13206844,6,1,31248,0,1080,1920,1001,255,1295,548,86142,0.042,,
2068630,4270492,13206844,6,1,31272,0,1080,1920,604,172,956,525,124256,0.06,,
2068631,4270492,13206844,6,1,31296,0,1080,1920,569,172,921,525,124256,0.06,,
2068632,4270492,13206844,6,1,31320,0,1080,1920,604,172,956,525,124256,0.06,,
2068633,4270492,13206844,6,1,31344,0,1080,1920,676,137,1028,489,123904,0.06,,
2068634,4270492,13206844,6,1,31368,0,1080,1920,640,172,992,525,124256,0.06,,
2068635,4270492,13206844,6,1,31392,0,1080,1920,604,172,956,525,124256,0.06,,
2068636,4270492,13206844,6,1,31416,0,1080,1920,604,172,956,525,124256,0.06,,
2068637,4270492,13206844,6,1,31440,0,1080,1920,640,172,992,525,124256,0.06,,
2068638,4270492,13206844,6,1,31464,0,1080,1920,569,208,921,560,123904,0.06,,
2068639,4270492,13206844,6,1,31488,0,1080,1920,569,172,921,525,124256,0.06,,
2068640,4270492,13206844,6,1,31512,0,1080,1920,569,172,921,525,124256,0.06,,
2068641,4270492,13206844,6,1,31536,0,1080,1920,569,208,921,560,123904,0.06,,
2068642,4270492,13206844,6,1,31560,0,1080,1920,390,244,742,596,123904,0.06,,
2068643,4270492,13206844,6,1,31584,0,1080,1920,1032,244,1384,596,123904,0.06,,
2068644,4270492,13206844,6,1,31608,0,1080,1920,1120,255,1413,548,85849,0.041,,
2068645,4270492,13206844,6,1,31632,0,1080,1920,1104,244,1456,596,123904,0.06,,
2068646,4270492,13206844,6,1,31656,0,1080,1920,533,172,885,525,124256,0.06,,
2068647,4270492,13206844,6,1,31680,0,1080,1920,640,172,992,525,124256,0.06,,
2068648,4270492,13206844,6,1,31704,0,1080,1920,676,137,1028,489,123904,0.06,,
2068649,4270492,13206844,6,1,31728,0,1080,1920,640,172,992,525,124256,0.06,,
2068650,4270492,13206844,6,1,31752,0,1080,1920,1068,218,1491,640,178506,0.086,,
2068651,4270492,13206844,6,1,31776,0,1080,1920,1104,244,1456,596,123904,0.06,,
2068652,4270492,13206844,6,1,31800,0,1080,1920,640,172,992,525,124256,0.06,,
2068653,4270492,13206844,6,1,31824,0,1080,1920,640,172,992,525,124256,0.06,,
2068654,4270492,13206844,6,1,31848,0,1080,1920,640,172,992,525,124256,0.06,,
2068655,4270492,13206844,6,1,31872,0,1080,1920,640,172,992,525,124256,0.06,,
2068656,4270492,13206844,6,1,31896,0,1080,1920,640,172,992,525,124256,0.06,,
2068657,4270492,13206844,6,1,31920,0,1080,1920,640,172,992,525,124256,0.06,,
2068658,4270492,13206844,6,1,31944,0,1080,1920,604,172,956,525,124256,0.06,,
2068659,4270492,13206844,6,1,31968,0,1080,1920,1104,208,1456,560,123904,0.06,,
2068660,4270492,13206844,6,1,31992,0,1080,1920,1104,208,1456,560,123904,0.06,,
2068661,4270492,13206844,6,1,32016,0,1080,1920,1104,208,1456,560,123904,0.06,,
2068662,4270492,13206844,6,1,32040,0,1080,1920,604,172,956,525,124256,0.06,,
2068663,4270492,13206844,6,1,32064,0,1080,1920,319,244,671,596,123904,0.06,,
2068664,4270492,13206844,6,1,32088,0,1080,1920,355,244,707,596,123904,0.06,,
2068665,4270492,13206844,6,1,32112,0,1080,1920,390,244,742,596,123904,0.06,,
2068666,4270492,13206844,6,1,32184,0,1080,1920,686,287,784,385,9604,0.005,,
2068667,4270492,13206844,6,1,32208,0,1080,1920,736,277,834,375,9604,0.005,,
2068668,4270492,13206844,6,1,32232,0,1080,1920,835,267,934,366,9801,0.005,,
2068669,4270492,13206844,6,1,32256,0,1080,1920,766,257,864,356,9702,0.005,,
2068670,4270492,13206844,6,1,32280,0,1080,1920,825,267,924,366,9801,0.005,,
2068671,4270492,13206844,6,1,32304,0,1080,1920,825,267,924,366,9801,0.005,,
2068672,4270492,13206844,6,1,32328,0,1080,1920,815,267,914,366,9801,0.005,,
2068673,4270492,13206844,6,1,32352,0,1080,1920,776,247,874,346,9702,0.005,,
2068674,4270492,13206844,6,1,32376,0,1080,1920,776,247,874,346,9702,0.005,,
2068675,4270492,13206844,6,1,32472,0,1080,1920,1061,653,1100,693,1560,0.001,,
2068676,4270492,13206844,6,1,32496,0,1080,1920,1053,657,1092,697,1560,0.001,,
2068677,4270492,13206844,6,1,32520,0,1080,1920,1257,345,1296,385,1560,0.001,,
2068678,4270492,13206844,6,1,32544,0,1080,1920,1261,345,1300,385,1560,0.001,,
2068679,4270492,13206844,6,1,32544,1,1080,1920,1297,393,1344,441,2256,0.001,,
2068680,4270492,13206844,6,1,32568,0,1080,1920,1265,341,1304,381,1560,0.001,,
2068681,4270492,13206844,6,1,32568,1,1080,1920,889,449,928,489,1560,0.001,,
2068682,4270492,13206844,6,1,32592,0,1080,1920,1269,341,1308,381,1560,0.001,,
2068683,4270492,13206844,6,1,32592,1,1080,1920,893,449,932,489,1560,0.001,,
2068684,4270492,13206844,6,1,32616,0,1080,1920,1269,341,1308,381,1560,0.001,,
2068685,4270492,13206844,6,1,32616,1,1080,1920,1287,388,1335,436,2304,0.001,,
2068686,4270492,13206844,6,1,32640,0,1080,1920,618,367,675,424,3249,0.002,,
2068687,4270492,13206844,6,1,32640,1,1080,1920,1277,345,1316,385,1560,0.001,,
2068688,4270492,13206844,6,1,32640,2,1080,1920,1297,388,1344,436,2256,0.001,,
2068689,4270492,13206844,6,1,32640,3,1080,1920,1046,401,1114,469,4624,0.002,,
2068690,4270492,13206844,6,1,32664,0,1080,1920,1277,345,1316,385,1560,0.001,,
2068691,4270492,13206844,6,1,32664,1,1080,1920,1307,384,1354,431,2209,0.001,,
2068692,4270492,13206844,6,1,32664,2,1080,1920,604,332,672,400,4624,0.002,,
2068693,4270492,13206844,6,1,32664,3,1080,1920,1015,386,1097,468,6724,0.003,,
2068694,4270492,13206844,6,1,32688,0,1080,1920,592,336,674,418,6724,0.003,,
2068695,4270492,13206844,6,1,32688,1,1080,1920,1265,345,1304,385,1560,0.001,,
2068696,4270492,13206844,6,1,32688,2,1080,1920,1316,388,1364,436,2304,0.001,,
2068697,4270492,13206844,6,1,32712,0,1080,1920,1078,107,1323,351,59780,0.029,,
2068698,4270492,13206844,6,1,32736,0,1080,1920,971,140,1174,344,41412,0.02,,
2068699,4270492,13206844,6,1,32760,0,1080,1920,930,57,1174,302,59780,0.029,,
2068700,4270492,13206844,6,1,32784,0,1080,1920,704,166,997,459,85849,0.041,,
2068701,4270492,13206844,6,1,32808,0,1080,1920,704,166,997,459,85849,0.041,,
2068702,4270492,13206844,6,1,32832,0,1080,1920,704,136,997,429,85849,0.041,,
2068703,4270492,13206844,6,1,32856,0,1080,1920,734,195,1027,489,86142,0.042,,
2068704,4270492,13206844,6,1,32880,0,1080,1920,732,231,976,475,59536,0.029,,
2068705,4270492,13206844,6,1,32904,0,1080,1920,1212,373,1280,442,4692,0.002,,
2068706,4270492,13206844,6,1,32904,1,1080,1920,977,337,1016,377,1560,0.001,,
2068707,4270492,13206844,6,1,32928,0,1080,1920,683,403,765,485,6724,0.003,,
2068708,4270492,13206844,6,1,32952,0,1080,1920,1150,367,1218,435,4624,0.002,,
2068709,4270492,13206844,6,1,32952,1,1080,1920,913,333,952,373,1560,0.001,,
2068710,4270492,13206844,6,1,32952,2,1080,1920,372,233,542,403,28900,0.014,,
2068711,4270492,13206844,6,1,32952,3,1080,1920,1235,384,1282,431,2209,0.001,,
2068712,4270492,13206844,6,1,32976,0,1080,1920,1053,353,1121,421,4624,0.002,,
2068713,4270492,13206844,6,1,32976,1,1080,1920,812,326,860,373,2256,0.001,,
2068714,4270492,13206844,6,1,32976,2,1080,1920,1211,390,1268,447,3249,0.002,,
2068715,4270492,13206844,6,1,32976,3,1080,1920,894,390,951,447,3249,0.002,,
2068716,4270492,13206844,6,1,32976,4,1080,1920,1148,384,1196,431,2256,0.001,,
2068717,4270492,13206844,6,1,33000,0,1080,1920,261,465,300,505,1560,0.001,,
2068718,4270492,13206844,6,1,33000,1,1080,1920,796,373,853,430,3249,0.002,,
2068719,4270492,13206844,6,1,33000,2,1080,1920,1473,216,1643,385,28730,0.014,,
2068720,4270492,13206844,6,1,33000,3,1080,1920,1125,390,1182,447,3249,0.002,,
2068721,4270492,13206844,6,1,33000,4,1080,1920,726,331,773,378,2209,0.001,,
2068722,4270492,13206844,6,1,33024,0,1080,1920,372,302,542,471,28730,0.014,,
2068723,4270492,13206844,6,1,33024,1,1080,1920,1204,255,1345,396,19881,0.01,,
2068724,4270492,13206844,6,1,33024,2,1080,1920,689,333,728,373,1560,0.001,,
2068725,4270492,13206844,6,1,33048,0,1080,1920,908,360,976,428,4624,0.002,,
2068726,4270492,13206844,6,1,33048,1,1080,1920,559,384,700,525,19881,0.01,,
2068727,4270492,13206844,6,1,33048,2,1080,1920,1175,255,1317,396,20022,0.01,,
2068728,4270492,13206844,6,1,33072,0,1080,1920,1161,240,1302,382,20022,0.01,,
2068729,4270492,13206844,6,1,33072,1,1080,1920,891,353,973,435,6724,0.003,,
2068730,4270492,13206844,6,1,33072,2,1080,1920,401,341,543,482,20022,0.01,,
2068731,4270492,13206844,6,1,33096,0,1080,1920,935,353,1004,421,4692,0.002,,
2068732,4270492,13206844,6,1,33096,1,1080,1920,1304,226,1446,368,20164,0.01,,
2068733,4270492,13206844,6,1,33120,0,1080,1920,932,361,1014,443,6724,0.003,,
2068734,4270492,13206844,6,1,33120,1,1080,1920,193,473,232,513,1560,0.001,,
2068735,4270492,13206844,6,1,33120,2,1080,1920,654,331,701,378,2209,0.001,,
2068736,4270492,13206844,6,1,33120,3,1080,1920,1043,403,1090,450,2209,0.001,,
2068737,4270492,13206844,6,1,33168,0,1080,1920,704,255,997,548,85849,0.041,,
2068738,4270492,13206844,6,1,33192,0,1080,1920,585,314,878,608,86142,0.042,,
2068739,4270492,13206844,6,1,33216,0,1080,1920,526,344,819,637,85849,0.041,,
2068740,4270492,13206844,6,1,33240,0,1080,1920,585,285,878,578,85849,0.041,,
2068741,4270492,13206844,6,1,33264,0,1080,1920,526,314,819,608,86142,0.042,,
2068742,4270492,13206844,6,1,33288,0,1080,1920,526,314,819,608,86142,0.042,,
2068743,4270492,13206844,6,1,33312,0,1080,1920,585,285,878,578,85849,0.041,,
2068744,4270492,13206844,6,1,33336,0,1080,1920,533,208,885,560,123904,0.06,,
2068745,4270492,13206844,6,1,33360,0,1080,1920,604,172,956,525,124256,0.06,,
2068746,4270492,13206844,6,1,33384,0,1080,1920,640,172,992,525,124256,0.06,,
2068747,4270492,13206844,6,1,33408,0,1080,1920,674,166,968,459,86142,0.042,,
2068748,4270492,13206844,6,1,33432,0,1080,1920,673,341,815,482,20022,0.01,,
2068749,4270492,13206844,6,1,33432,1,1080,1920,285,399,403,517,13924,0.007,,
2068750,4270492,13206844,6,1,33456,0,1080,1920,664,336,834,506,28900,0.014,,
2068751,4270492,13206844,6,1,33456,1,1080,1920,285,399,403,517,13924,0.007,,
2068752,4270492,13206844,6,1,33480,0,1080,1920,647,336,817,506,28900,0.014,,
2068753,4270492,13206844,6,1,33480,1,1080,1920,1177,202,1381,406,41616,0.02,,
2068754,4270492,13206844,6,1,33480,2,1080,1920,285,399,403,517,13924,0.007,,
2068755,4270492,13206844,6,1,33504,0,1080,1920,647,353,817,523,28900,0.014,,
2068756,4270492,13206844,6,1,33504,1,1080,1920,1232,198,1402,368,28900,0.014,,
2068757,4270492,13206844,6,1,33528,0,1080,1920,647,370,817,540,28900,0.014,,
2068758,4270492,13206844,6,1,33552,0,1080,1920,674,166,968,459,86142,0.042,,
2068759,4270492,13206844,6,1,33576,0,1080,1920,674,195,968,489,86436,0.042,,
2068760,4270492,13206844,6,1,33600,0,1080,1920,644,136,938,429,86142,0.042,,
2068761,4270492,13206844,6,1,33624,0,1080,1920,644,225,938,519,86436,0.042,,
2068762,4270492,13206844,6,1,33648,0,1080,1920,644,166,938,459,86142,0.042,,
2068763,4270492,13206844,6,1,33672,0,1080,1920,644,195,938,489,86436,0.042,,
2068764,4270492,13206844,6,1,33696,0,1080,1920,644,166,938,459,86142,0.042,,
2068765,4270492,13206844,6,1,33720,0,1080,1920,645,398,786,540,20022,0.01,,
2068766,4270492,13206844,6,1,33720,1,1080,1920,1061,411,1179,529,13924,0.007,,
2068767,4270492,13206844,6,1,33744,0,1080,1920,630,355,772,497,20164,0.01,,
2068768,4270492,13206844,6,1,33744,1,1080,1920,1061,399,1179,517,13924,0.007,,
2068769,4270492,13206844,6,1,33744,2,1080,1920,273,375,391,493,13924,0.007,,
2068770,4270492,13206844,6,1,33768,0,1080,1920,599,326,803,530,41616,0.02,,
2068771,4270492,13206844,6,1,33792,0,1080,1920,630,369,772,511,20164,0.01,,
2068772,4270492,13206844,6,1,33816,0,1080,1920,615,225,908,519,86142,0.042,,
2068773,4270492,13206844,6,1,33840,0,1080,1920,569,208,921,560,123904,0.06,,
2068774,4270492,13206844,6,1,33864,0,1080,1920,585,255,878,548,85849,0.041,,
2068775,4270492,13206844,6,1,33888,0,1080,1920,585,195,878,489,86142,0.042,,
2068776,4270492,13206844,6,1,33912,0,1080,1920,585,225,878,519,86142,0.042,,
2068777,4270492,13206844,6,1,33936,0,1080,1920,644,225,938,519,86436,0.042,,
2068778,4270492,13206844,6,1,33960,0,1080,1920,633,255,877,500,59780,0.029,,
2068779,4270492,13206844,6,1,33960,1,1080,1920,554,175,977,598,178929,0.086,,
2068780,4270492,13206844,6,1,33984,0,1080,1920,39,237,137,336,9702,0.005,,
2068781,4270492,13206844,6,1,33984,1,1080,1920,249,375,367,493,13924,0.007,,
2068782,4270492,13206844,6,1,33984,2,1080,1920,664,405,834,575,28900,0.014,,
2068783,4270492,13206844,6,1,34008,0,1080,1920,39,237,137,336,9702,0.005,,
2068784,4270492,13206844,6,1,34008,1,1080,1920,261,375,379,493,13924,0.007,,
2068785,4270492,13206844,6,1,34008,2,1080,1920,578,353,748,523,28900,0.014,,
2068786,4270492,13206844,6,1,34032,0,1080,1920,39,237,137,336,9702,0.005,,
2068787,4270492,13206844,6,1,34032,1,1080,1920,261,375,379,493,13924,0.007,,
2068788,4270492,13206844,6,1,34056,0,1080,1920,49,237,147,336,9702,0.005,,
2068789,4270492,13206844,6,1,34056,1,1080,1920,249,375,367,493,13924,0.007,,
2068790,4270492,13206844,6,1,34056,2,1080,1920,561,353,731,523,28900,0.014,,
2068791,4270492,13206844,6,1,34080,0,1080,1920,49,237,147,336,9702,0.005,,
2068792,4270492,13206844,6,1,34080,1,1080,1920,249,375,367,493,13924,0.007,,
2068793,4270492,13206844,6,1,34080,2,1080,1920,561,353,731,523,28900,0.014,,
2068794,4270492,13206844,6,1,34080,3,1080,1920,1097,399,1215,517,13924,0.007,,
2068795,4270492,13206844,6,1,34080,4,1080,1920,1404,140,1608,344,41616,0.02,,
2068796,4270492,13206844,6,1,34104,0,1080,1920,561,353,731,523,28900,0.014,,
2068797,4270492,13206844,6,1,34104,1,1080,1920,1156,161,1360,365,41616,0.02,,
2068798,4270492,13206844,6,1,34128,0,1080,1920,630,353,800,523,28900,0.014,,
2068799,4270492,13206844,6,1,34128,1,1080,1920,1227,156,1472,401,60025,0.029,,
2068800,4270492,13206844,6,1,34152,0,1080,1920,664,353,834,523,28900,0.014,,
2068801,4270492,13206844,6,1,34176,0,1080,1920,613,353,783,523,28900,0.014,,
2068802,4270492,13206844,6,1,34176,1,1080,1920,1466,182,1670,385,41412,0.02,,
2068803,4270492,13206844,6,1,34176,2,1080,1920,83,202,287,406,41616,0.02,,
2068804,4270492,13206844,6,1,34200,0,1080,1920,647,353,817,523,28900,0.014,,
2068805,4270492,13206844,6,1,34200,1,1080,1920,1590,182,1794,385,41412,0.02,,
2068806,4270492,13206844,6,1,34200,2,1080,1920,249,375,367,493,13924,0.007,,
2068807,4270492,13206844,6,1,34224,0,1080,1920,585,195,878,489,86142,0.042,,
2068808,4270492,13206844,6,1,34248,0,1080,1920,585,195,878,489,86142,0.042,,
2068809,4270492,13206844,6,1,34272,0,1080,1920,533,172,885,525,124256,0.06,,
2068810,4270492,13206844,6,1,34296,0,1080,1920,630,355,772,497,20164,0.01,,
2068811,4270492,13206844,6,1,34320,0,1080,1920,647,353,817,523,28900,0.014,,
2068812,4270492,13206844,6,1,34320,1,1080,1920,1260,202,1463,406,41412,0.02,,
2068813,4270492,13206844,6,1,34320,2,1080,1920,9,237,107,336,9702,0.005,,
2068814,4270492,13206844,6,1,34344,0,1080,1920,647,370,817,540,28900,0.014,,
2068815,4270492,13206844,6,1,34344,1,1080,1920,1321,161,1525,365,41616,0.02,,
2068816,4270492,13206844,6,1,34344,2,1080,1920,249,387,367,505,13924,0.007,,
2068817,4270492,13206844,6,1,34344,3,1080,1920,9,237,107,336,9702,0.005,,
2068818,4270492,13206844,6,1,34368,0,1080,1920,585,195,878,489,86142,0.042,,
2068819,4270492,13206844,6,1,34392,0,1080,1920,615,225,908,519,86142,0.042,,
2068820,4270492,13206844,6,1,34416,0,1080,1920,647,353,817,523,28900,0.014,,
2068821,4270492,13206844,6,1,34416,1,1080,1920,1239,140,1443,344,41616,0.02,,
2068822,4270492,13206844,6,1,34440,0,1080,1920,1239,161,1443,365,41616,0.02,,
2068823,4270492,13206844,6,1,34440,1,1080,1920,647,370,817,540,28900,0.014,,
2068824,4270492,13206844,6,1,34464,0,1080,1920,615,195,908,489,86142,0.042,,
2068825,4270492,13206844,6,1,34488,0,1080,1920,615,195,908,489,86142,0.042,,
2068826,4270492,13206844,6,1,34512,0,1080,1920,615,195,908,489,86142,0.042,,
2068827,4270492,13206844,6,1,34536,0,1080,1920,615,195,908,489,86142,0.042,,
2068828,4270492,13206844,6,1,34560,0,1080,1920,615,195,908,489,86142,0.042,,
2068829,4270492,13206844,6,1,34584,0,1080,1920,644,166,938,459,86142,0.042,,
2068830,4270492,13206844,6,1,34608,0,1080,1920,674,195,968,489,86436,0.042,,
2068831,4270492,13206844,6,1,34632,0,1080,1920,644,225,938,519,86436,0.042,,
2068832,4270492,13206844,6,1,34656,0,1080,1920,644,225,938,519,86436,0.042,,
2068833,4270492,13206844,6,1,34680,0,1080,1920,644,195,938,489,86436,0.042,,
2068834,4270492,13206844,6,1,34704,0,1080,1920,859,470,928,538,4692,0.002,,
2068835,4270492,13206844,6,1,34704,1,1080,1920,451,502,533,584,6724,0.003,,
2068836,4270492,13206844,6,1,34704,2,1080,1920,1542,496,1640,594,9604,0.005,,
2068837,4270492,13206844,6,1,34704,3,1080,1920,286,470,428,611,20022,0.01,,
2068838,4270492,13206844,6,1,34728,0,1080,1920,859,470,928,538,4692,0.002,,
2068839,4270492,13206844,6,1,34728,1,1080,1920,451,502,533,584,6724,0.003,,
2068840,4270492,13206844,6,1,34752,0,1080,1920,866,484,935,552,4692,0.002,,
2068841,4270492,13206844,6,1,34752,1,1080,1920,451,502,533,584,6724,0.003,,
2068842,4270492,13206844,6,1,34752,2,1080,1920,1542,506,1640,604,9604,0.005,,
2068843,4270492,13206844,6,1,34776,0,1080,1920,1445,326,1649,530,41616,0.02,,
2068844,4270492,13206844,6,1,34776,1,1080,1920,955,305,1199,550,59780,0.029,,
2068845,4270492,13206844,6,1,34800,0,1080,1920,320,302,490,471,28730,0.014,,
2068846,4270492,13206844,6,1,34800,1,1080,1920,781,206,1026,450,59780,0.029,,
2068847,4270492,13206844,6,1,34824,0,1080,1920,585,195,878,489,86142,0.042,,
2068848,4270492,13206844,6,1,34848,0,1080,1920,585,195,878,489,86142,0.042,,
2068849,4270492,13206844,6,1,34872,0,1080,1920,848,482,905,539,3249,0.002,,
2068850,4270492,13206844,6,1,34872,1,1080,1920,1542,506,1640,604,9604,0.005,,
2068851,4270492,13206844,6,1,34872,2,1080,1920,459,502,541,584,6724,0.003,,
2068852,4270492,13206844,6,1,34896,0,1080,1920,843,482,899,539,3192,0.002,,
2068853,4270492,13206844,6,1,34896,1,1080,1920,459,512,527,580,4624,0.002,,
2068854,4270492,13206844,6,1,34896,2,1080,1920,1546,519,1628,601,6724,0.003,,
2068855,4270492,13206844,6,1,34920,0,1080,1920,848,482,905,539,3249,0.002,,
2068856,4270492,13206844,6,1,34920,1,1080,1920,451,502,533,584,6724,0.003,,
2068857,4270492,13206844,6,1,34920,2,1080,1920,1542,506,1640,604,9604,0.005,,
2068858,4270492,13206844,6,1,34944,0,1080,1920,843,482,899,539,3192,0.002,,
2068859,4270492,13206844,6,1,34944,1,1080,1920,1546,519,1628,601,6724,0.003,,
2068860,4270492,13206844,6,1,34944,2,1080,1920,451,502,533,584,6724,0.003,,
2068861,4270492,13206844,6,1,34968,0,1080,1920,410,156,654,401,59780,0.029,,
2068862,4270492,13206844,6,1,34992,0,1080,1920,459,231,704,475,59780,0.029,,
2068863,4270492,13206844,6,1,35088,0,1080,1920,459,255,704,500,60025,0.029,,
2068864,4270492,13206844,6,1,35112,0,1080,1920,1468,456,1536,525,4692,0.002,,
2068865,4270492,13206844,6,1,35112,1,1080,1920,866,448,922,505,3192,0.002,,
2068866,4270492,13206844,6,1,35136,0,1080,1920,1468,456,1536,525,4692,0.002,,
2068867,4270492,13206844,6,1,35136,1,1080,1920,860,436,917,493,3249,0.002,,
2068868,4270492,13206844,6,1,35160,0,1080,1920,1468,456,1536,525,4692,0.002,,
2068869,4270492,13206844,6,1,35160,1,1080,1920,866,442,922,499,3192,0.002,,
2068870,4270492,13206844,6,1,35184,0,1080,1920,1468,456,1536,525,4692,0.002,,
2068871,4270492,13206844,6,1,35184,1,1080,1920,866,442,922,499,3192,0.002,,
2068872,4270492,13206844,6,1,35208,0,1080,1920,1461,463,1529,532,4692,0.002,,
2068873,4270492,13206844,6,1,35208,1,1080,1920,866,442,922,499,3192,0.002,,
2068874,4270492,13206844,6,1,35232,0,1080,1920,997,172,1349,525,124256,0.06,,
2068875,4270492,13206844,6,1,35256,0,1080,1920,1032,172,1384,525,124256,0.06,,
2068876,4270492,13206844,6,1,35280,0,1080,1920,997,172,1349,525,124256,0.06,,
2068877,4270492,13206844,6,1,35304,0,1080,1920,1032,208,1384,560,123904,0.06,,
2068878,4270492,13206844,6,1,35328,0,1080,1920,1032,208,1384,560,123904,0.06,,
2068879,4270492,13206844,6,1,35352,0,1080,1920,997,172,1349,525,124256,0.06,,
2068880,4270492,13206844,6,1,35376,0,1080,1920,1032,172,1384,525,124256,0.06,,
2068881,4270492,13206844,6,1,35400,0,1080,1920,997,208,1349,560,123904,0.06,,
2068882,4270492,13206844,6,1,35424,0,1080,1920,997,208,1349,560,123904,0.06,,
2068883,4270492,13206844,6,1,35448,0,1080,1920,982,175,1405,598,178929,0.086,,
2068884,4270492,13206844,6,1,35472,0,1080,1920,604,172,956,525,124256,0.06,,
2068885,4270492,13206844,6,1,35496,0,1080,1920,644,195,938,489,86436,0.042,,
2068886,4270492,13206844,6,1,35520,0,1080,1920,997,172,1349,525,124256,0.06,,
2068887,4270492,13206844,6,1,35544,0,1080,1920,961,172,1313,525,124256,0.06,,
2068888,4270492,13206844,6,1,35568,0,1080,1920,961,172,1313,525,124256,0.06,,
2068889,4270492,13206844,6,1,35592,0,1080,1920,925,208,1277,560,123904,0.06,,
2068890,4270492,13206844,6,1,35616,0,1080,1920,925,208,1277,560,123904,0.06,,
2068891,4270492,13206844,6,1,35640,0,1080,1920,961,208,1313,560,123904,0.06,,
2068892,4270492,13206844,6,1,35664,0,1080,1920,674,225,968,519,86436,0.042,,
2068893,4270492,13206844,6,1,35688,0,1080,1920,674,225,968,519,86436,0.042,,
2068894,4270492,13206844,6,1,35712,0,1080,1920,640,208,992,560,123904,0.06,,
2068895,4270492,13206844,6,1,35736,0,1080,1920,997,208,1349,560,123904,0.06,,
2068896,4270492,13206844,6,1,35760,0,1080,1920,997,208,1349,560,123904,0.06,,
2068897,4270492,13206844,6,1,35784,0,1080,1920,997,208,1349,560,123904,0.06,,
2068898,4270492,13206844,6,1,35808,0,1080,1920,997,172,1349,525,124256,0.06,,
2068899,4270492,13206844,6,1,35832,0,1080,1920,997,208,1349,560,123904,0.06,,
2068900,4270492,13206844,6,1,35856,0,1080,1920,599,182,803,385,41412,0.02,,
2068901,4270492,13206844,6,1,35880,0,1080,1920,599,202,803,406,41616,0.02,,
2068902,4270492,13206844,6,1,35904,0,1080,1920,599,202,803,406,41616,0.02,,
2068903,4270492,13206844,6,1,35928,0,1080,1920,1129,164,1299,334,28900,0.014,,
2068904,4270492,13206844,6,1,35952,0,1080,1920,1163,164,1333,334,28900,0.014,,
2068905,4270492,13206844,6,1,35976,0,1080,1920,1163,130,1333,299,28730,0.014,,
2068906,4270492,13206844,6,1,36000,0,1080,1920,1163,147,1333,317,28900,0.014,,
2068907,4270492,13206844,6,1,36024,0,1080,1920,1146,164,1316,334,28900,0.014,,
2068908,4270492,13206844,6,1,36048,0,1080,1920,1156,140,1360,344,41616,0.02,,
2068909,4270492,13206844,6,1,36072,0,1080,1920,1146,164,1316,334,28900,0.014,,
2068910,4270492,13206844,6,1,36096,0,1080,1920,1146,164,1316,334,28900,0.014,,
2068911,4270492,13206844,6,1,36120,0,1080,1920,1136,161,1340,365,41616,0.02,,
2068912,4270492,13206844,6,1,36144,0,1080,1920,1156,140,1360,344,41616,0.02,,
2068913,4270492,13206844,6,1,36168,0,1080,1920,1163,164,1333,334,28900,0.014,,
2068914,4270492,13206844,6,1,36192,0,1080,1920,1163,164,1333,334,28900,0.014,,
2068915,4270492,13206844,6,1,36216,0,1080,1920,688,197,829,339,20022,0.01,,
2068916,4270492,13206844,6,1,36240,0,1080,1920,688,197,829,339,20022,0.01,,
2068917,4270492,13206844,6,1,36264,0,1080,1920,682,181,852,351,28900,0.014,,
2068918,4270492,13206844,6,1,36288,0,1080,1920,682,181,852,351,28900,0.014,,
2068919,4270492,13206844,6,1,36312,0,1080,1920,682,181,852,351,28900,0.014,,
2068920,4270492,13206844,6,1,36360,0,1080,1920,1252,303,1370,421,13924,0.007,,
2068921,4270492,13206844,6,1,36384,0,1080,1920,1304,240,1446,382,20164,0.01,,
2068922,4270492,13206844,6,1,36384,1,1080,1920,894,208,1012,325,13806,0.007,,
2068923,4270492,13206844,6,1,36408,0,1080,1920,1404,233,1574,403,28900,0.014,,
2068924,4270492,13206844,6,1,36408,1,1080,1920,788,183,930,325,20164,0.01,,
2068925,4270492,13206844,6,1,36432,0,1080,1920,802,130,972,299,28730,0.014,,
2068926,4270492,13206844,6,1,36432,1,1080,1920,1456,233,1625,403,28730,0.014,,
2068927,4270492,13206844,6,1,36456,0,1080,1920,1361,126,1503,267,20022,0.01,,
2068928,4270492,13206844,6,1,36480,0,1080,1920,1376,126,1517,267,19881,0.01,,
2068929,4270492,13206844,6,1,36504,0,1080,1920,1390,154,1532,296,20164,0.01,,
2068930,4270492,13206844,6,1,36528,0,1080,1920,1118,154,1259,296,20022,0.01,,
2068931,4270492,13206844,6,1,36552,0,1080,1920,1215,130,1385,299,28730,0.014,,
2068932,4270492,13206844,6,1,36576,0,1080,1920,1249,164,1419,334,28900,0.014,,
2068933,4270492,13206844,6,1,36600,0,1080,1920,1290,154,1431,296,20022,0.01,,
2068934,4270492,13206844,6,1,36624,0,1080,1920,1318,154,1460,296,20164,0.01,,
2068935,4270492,13206844,6,1,36648,0,1080,1920,1304,154,1446,296,20164,0.01,,
2068936,4270492,13206844,6,1,36672,0,1080,1920,351,99,555,303,41616,0.02,,
2068937,4270492,13206844,6,1,36672,1,1080,1920,1180,233,1350,403,28900,0.014,,
2068938,4270492,13206844,6,1,36696,0,1080,1920,372,120,576,324,41616,0.02,,
2068939,4270492,13206844,6,1,36696,1,1080,1920,1180,250,1350,420,28900,0.014,,
2068940,4270492,13206844,6,1,36720,0,1080,1920,372,120,576,324,41616,0.02,,
2068941,4270492,13206844,6,1,36720,1,1080,1920,1180,250,1350,420,28900,0.014,,
2068942,4270492,13206844,6,1,36744,0,1080,1920,1180,250,1350,420,28900,0.014,,
2068943,4270492,13206844,6,1,36744,1,1080,1920,389,181,559,351,28900,0.014,,
2068944,4270492,13206844,6,1,36768,0,1080,1920,372,140,576,344,41616,0.02,,
2068945,4270492,13206844,6,1,36768,1,1080,1920,1163,250,1333,420,28900,0.014,,
2068946,4270492,13206844,6,1,36792,0,1080,1920,310,120,514,324,41616,0.02,,
2068947,4270492,13206844,6,1,36792,1,1080,1920,1129,216,1299,385,28730,0.014,,
2068948,4270492,13206844,6,1,36816,0,1080,1920,1161,197,1302,339,20022,0.01,,
2068949,4270492,13206844,6,1,36840,0,1080,1920,1146,154,1288,296,20164,0.01,,
2068950,4270492,13206844,6,1,36864,0,1080,1920,1129,130,1299,299,28730,0.014,,
2068951,4270492,13206844,6,1,36888,0,1080,1920,1161,154,1302,296,20022,0.01,,
2068952,4270492,13206844,6,1,36912,0,1080,1920,1204,169,1345,310,19881,0.01,,
2068953,4270492,13206844,6,1,36936,0,1080,1920,1129,147,1299,317,28900,0.014,,
2068954,4270492,13206844,6,1,36960,0,1080,1920,1132,169,1274,310,20022,0.01,,
2068955,4270492,13206844,6,1,36984,0,1080,1920,1132,169,1274,310,20022,0.01,,
2068956,4270492,13206844,6,1,37008,0,1080,1920,372,99,576,303,41616,0.02,,
2068957,4270492,13206844,6,1,37008,1,1080,1920,1163,198,1333,368,28900,0.014,,
2068958,4270492,13206844,6,1,37032,0,1080,1920,393,120,597,324,41616,0.02,,
2068959,4270492,13206844,6,1,37032,1,1080,1920,1146,216,1316,385,28730,0.014,,
2068960,4270492,13206844,6,1,37056,0,1080,1920,372,120,576,324,41616,0.02,,
2068961,4270492,13206844,6,1,37056,1,1080,1920,1129,216,1299,385,28730,0.014,,
2068962,4270492,13206844,6,1,37080,0,1080,1920,372,120,576,324,41616,0.02,,
2068963,4270492,13206844,6,1,37080,1,1080,1920,1129,233,1299,403,28900,0.014,,
2068964,4270492,13206844,6,1,37104,0,1080,1920,331,120,535,324,41616,0.02,,
2068965,4270492,13206844,6,1,37104,1,1080,1920,1112,216,1281,385,28561,0.014,,
2068966,4270492,13206844,6,1,37128,0,1080,1920,960,111,1102,253,20164,0.01,,
2068967,4270492,13206844,6,1,37152,0,1080,1920,946,111,1087,253,20022,0.01,,
2068968,4270492,13206844,6,1,37176,0,1080,1920,931,111,1073,253,20164,0.01,,
2068969,4270492,13206844,6,1,37200,0,1080,1920,940,95,1110,265,28900,0.014,,
2068970,4270492,13206844,6,1,37224,0,1080,1920,1129,112,1299,282,28900,0.014,,
2068971,4270492,13206844,6,1,37248,0,1080,1920,1404,130,1574,299,28730,0.014,,
2068972,4270492,13206844,6,1,37368,0,1080,1920,351,120,555,324,41616,0.02,,
2068973,4270492,13206844,6,1,37368,1,1080,1920,1383,223,1587,427,41616,0.02,,
2068974,4270492,13206844,6,1,37392,0,1080,1920,335,107,580,351,59780,0.029,,
2068975,4270492,13206844,6,1,37392,1,1080,1920,1383,223,1587,427,41616,0.02,,
2068976,4270492,13206844,6,1,37416,0,1080,1920,351,120,555,324,41616,0.02,,
2068977,4270492,13206844,6,1,37416,1,1080,1920,1363,223,1567,427,41616,0.02,,
2068978,4270492,13206844,6,1,37440,0,1080,1920,331,140,535,344,41616,0.02,,
2068979,4270492,13206844,6,1,37440,1,1080,1920,1342,223,1546,427,41616,0.02,,
2068980,4270492,13206844,6,1,37464,0,1080,1920,331,140,535,344,41616,0.02,,
2068981,4270492,13206844,6,1,37464,1,1080,1920,1321,223,1525,427,41616,0.02,,
2068982,4270492,13206844,6,1,37488,0,1080,1920,331,140,535,344,41616,0.02,,
2068983,4270492,13206844,6,1,37488,1,1080,1920,1321,223,1525,427,41616,0.02,,
2068984,4270492,13206844,6,1,37512,0,1080,1920,1120,195,1413,489,86142,0.042,,
2068985,4270492,13206844,6,1,37536,0,1080,1920,1150,195,1443,489,86142,0.042,,
2068986,4270492,13206844,6,1,37560,0,1080,1920,1150,195,1443,489,86142,0.042,,
2068987,4270492,13206844,6,1,37584,0,1080,1920,331,120,535,324,41616,0.02,,
2068988,4270492,13206844,6,1,37584,1,1080,1920,1321,223,1525,427,41616,0.02,,
2068989,4270492,13206844,6,1,37608,0,1080,1920,331,120,535,324,41616,0.02,,
2068990,4270492,13206844,6,1,37608,1,1080,1920,1301,223,1505,427,41616,0.02,,
2068991,4270492,13206844,6,1,37632,0,1080,1920,331,99,535,303,41616,0.02,,
2068992,4270492,13206844,6,1,37632,1,1080,1920,1351,206,1595,450,59536,0.029,,
2068993,4270492,13206844,6,1,37656,0,1080,1920,351,99,555,303,41616,0.02,,
2068994,4270492,13206844,6,1,37656,1,1080,1920,1376,181,1620,426,59780,0.029,,
2068995,4270492,13206844,6,1,37944,0,1080,1920,387,158,486,256,9702,0.005,,
2068996,4270492,13206844,6,1,37968,0,1080,1920,666,158,764,256,9604,0.005,,
2068997,4270492,13206844,6,1,37992,0,1080,1920,646,178,744,276,9604,0.005,,
2068998,4270492,13206844,6,1,38040,0,1080,1920,1146,284,1316,454,28900,0.014,,
2068999,4270492,13206844,6,1,38064,0,1080,1920,1112,284,1281,454,28730,0.014,,
2069000,4270492,13206844,6,1,38088,0,1080,1920,537,148,635,246,9604,0.005,,
2069001,4270492,13206844,6,1,38112,0,1080,1920,547,168,645,266,9604,0.005,,
2069002,4270492,13206844,6,1,38136,0,1080,1920,547,178,645,276,9604,0.005,,
2069003,4270492,13206844,6,1,38160,0,1080,1920,527,158,625,256,9604,0.005,,
2069004,4270492,13206844,6,1,38208,0,1080,1920,507,138,605,236,9604,0.005,,
2069005,4270492,13206844,6,1,38232,0,1080,1920,1060,198,1230,368,28900,0.014,,
2069006,4270492,13206844,6,1,38256,0,1080,1920,1132,226,1274,368,20164,0.01,,
2069007,4270492,13206844,6,1,38280,0,1080,1920,1118,240,1259,382,20022,0.01,,
2069008,4270492,13206844,6,1,38304,0,1080,1920,1132,269,1274,411,20164,0.01,,
2069009,4270492,13206844,6,1,38328,0,1080,1920,1060,78,1230,248,28900,0.014,,
2069010,4270492,13206844,6,1,38352,0,1080,1920,950,244,1154,447,41412,0.02,,
2069011,4270492,13206844,6,1,38376,0,1080,1920,1061,255,1354,548,85849,0.041,,
2069012,4270492,13206844,6,1,38400,0,1080,1920,537,223,741,427,41616,0.02,,
2069013,4270492,13206844,6,1,38424,0,1080,1920,413,182,617,385,41412,0.02,,
2069014,4270492,13206844,6,1,38448,0,1080,1920,537,202,741,406,41616,0.02,,
2069015,4270492,13206844,6,1,38472,0,1080,1920,578,223,782,427,41616,0.02,,
2069016,4270492,13206844,6,1,38496,0,1080,1920,1227,231,1472,475,59780,0.029,,
2069017,4270492,13206844,6,1,38520,0,1080,1920,1202,231,1447,475,59780,0.029,,
2069018,4270492,13206844,6,1,38544,0,1080,1920,1269,166,1562,459,85849,0.041,,
2069019,4270492,13206844,6,1,38568,0,1080,1920,1054,181,1298,426,59780,0.029,,
2069020,4270492,13206844,6,1,38592,0,1080,1920,1061,195,1354,489,86142,0.042,,
2069021,4270492,13206844,6,1,38616,0,1080,1920,971,225,1265,519,86436,0.042,,
2069022,4270492,13206844,6,1,38640,0,1080,1920,1120,166,1413,459,85849,0.041,,
2069023,4270492,13206844,6,1,38664,0,1080,1920,455,161,658,365,41412,0.02,,
2069024,4270492,13206844,6,1,38688,0,1080,1920,455,161,658,365,41412,0.02,,
2069025,4270492,13206844,6,1,38712,0,1080,1920,517,182,720,385,41209,0.02,,
2069026,4270492,13206844,6,1,38736,0,1080,1920,517,182,720,385,41209,0.02,,
2069027,4270492,13206844,6,1,38760,0,1080,1920,537,223,741,427,41616,0.02,,
2069028,4270492,13206844,6,1,38784,0,1080,1920,1178,231,1422,475,59536,0.029,,
2069029,4270492,13206844,6,1,38808,0,1080,1920,1179,166,1473,459,86142,0.042,,
2069030,4270492,13206844,6,1,38832,0,1080,1920,1120,225,1413,519,86142,0.042,,
2069031,4270492,13206844,6,1,38856,0,1080,1920,1179,195,1473,489,86436,0.042,,
2069032,4270492,13206844,6,1,38880,0,1080,1920,1179,166,1473,459,86142,0.042,,
2069033,4270492,13206844,6,1,38904,0,1080,1920,1150,166,1443,459,85849,0.041,,
2069034,4270492,13206844,6,1,38928,0,1080,1920,1103,206,1348,450,59780,0.029,,
2069035,4270492,13206844,6,1,39024,0,1080,1920,517,120,720,324,41412,0.02,,
2069036,4270492,13206844,6,1,39048,0,1080,1920,475,140,679,344,41616,0.02,,
2069037,4270492,13206844,6,1,39072,0,1080,1920,413,120,617,324,41616,0.02,,
2069038,4270492,13206844,6,1,39096,0,1080,1920,1150,136,1443,429,85849,0.041,,
2069039,4270492,13206844,6,1,39120,0,1080,1920,1150,136,1443,429,85849,0.041,,
2069040,4270492,13206844,6,1,39144,0,1080,1920,517,140,720,344,41412,0.02,,
2069041,4270492,13206844,6,1,39168,0,1080,1920,517,120,720,324,41412,0.02,,
2069042,4270492,13206844,6,1,39192,0,1080,1920,537,140,741,344,41616,0.02,,
2069043,4270492,13206844,6,1,39216,0,1080,1920,496,202,700,406,41616,0.02,,
2069044,4270492,13206844,6,1,39240,0,1080,1920,496,202,700,406,41616,0.02,,
2069045,4270492,13206844,6,1,39264,0,1080,1920,1178,231,1422,475,59536,0.029,,
2069046,4270492,13206844,6,1,39288,0,1080,1920,1178,206,1422,450,59536,0.029,,
2069047,4270492,13206844,6,1,39312,0,1080,1920,1202,206,1447,450,59780,0.029,,
2069048,4270492,13206844,6,1,39336,0,1080,1920,1209,195,1503,489,86436,0.042,,
2069049,4270492,13206844,6,1,39504,0,1080,1920,1241,341,1280,381,1560,0.001,,
2069050,4270492,13206844,6,1,39528,0,1080,1920,1198,147,1367,317,28730,0.014,,
2069051,4270492,13206844,6,1,39552,0,1080,1920,1146,130,1316,299,28730,0.014,,
2069052,4270492,13206844,6,1,39576,0,1080,1920,1163,147,1333,317,28900,0.014,,
2069053,4270492,13206844,6,1,39600,0,1080,1920,1060,112,1230,282,28900,0.014,,
2069054,4270492,13206844,6,1,39624,0,1080,1920,1008,130,1178,299,28730,0.014,,
2069055,4270492,13206844,6,1,39648,0,1080,1920,974,164,1144,334,28900,0.014,,
2069056,4270492,13206844,6,1,39672,0,1080,1920,957,181,1127,351,28900,0.014,,
2069057,4270492,13206844,6,1,39696,0,1080,1920,957,181,1127,351,28900,0.014,,
2069058,4270492,13206844,6,1,39720,0,1080,1920,974,181,1144,351,28900,0.014,,
2069059,4270492,13206844,6,1,39744,0,1080,1920,1060,164,1230,334,28900,0.014,,
2069060,4270492,13206844,6,1,39768,0,1080,1920,1043,147,1213,317,28900,0.014,,
2069061,4270492,13206844,6,1,39792,0,1080,1920,1026,147,1195,317,28730,0.014,,
2069062,4270492,13206844,6,1,39816,0,1080,1920,1008,147,1178,317,28900,0.014,,
2069063,4270492,13206844,6,1,39840,0,1080,1920,1043,147,1213,317,28900,0.014,,
2069064,4270492,13206844,6,1,39864,0,1080,1920,1026,147,1195,317,28730,0.014,,
2069065,4270492,13206844,6,1,39888,0,1080,1920,991,140,1195,344,41616,0.02,,
2069066,4270492,13206844,6,1,39912,0,1080,1920,1012,140,1216,344,41616,0.02,,
2069067,4270492,13206844,6,1,39936,0,1080,1920,1026,147,1195,317,28730,0.014,,
2069068,4270492,13206844,6,1,39960,0,1080,1920,991,140,1195,344,41616,0.02,,
2069069,4270492,13206844,6,1,39984,0,1080,1920,991,140,1195,344,41616,0.02,,
2069070,4270492,13206844,6,1,40008,0,1080,1920,991,120,1195,324,41616,0.02,,
2069071,4270492,13206844,6,1,40032,0,1080,1920,1043,130,1213,299,28730,0.014,,
2069072,4270492,13206844,6,1,40320,0,1080,1920,517,217,615,316,9702,0.005,,
2069073,4270492,13206844,6,1,40344,0,1080,1920,547,196,665,314,13924,0.007,,
2069074,4270492,13206844,6,1,40368,0,1080,1920,559,140,700,282,20022,0.01,,
2069075,4270492,13206844,6,1,40392,0,1080,1920,702,120,906,324,41616,0.02,,
2069076,4270492,13206844,6,1,40416,0,1080,1920,1094,267,1264,437,28900,0.014,,
2069077,4270492,13206844,6,1,40440,0,1080,1920,1094,284,1264,454,28900,0.014,,
2069078,4270492,13206844,6,1,40464,0,1080,1920,682,454,927,698,59780,0.029,,
2069079,4270492,13206844,6,1,40488,0,1080,1920,750,250,920,420,28900,0.014,,
2069080,4270492,13206844,6,1,40512,0,1080,1920,1077,302,1247,471,28730,0.014,,
2069081,4270492,13206844,6,1,40536,0,1080,1920,1060,302,1230,471,28730,0.014,,
2069082,4270492,13206844,6,1,40560,0,1080,1920,1053,285,1257,489,41616,0.02,,
2069083,4270492,13206844,6,1,40584,0,1080,1920,1053,285,1257,489,41616,0.02,,
2069084,4270492,13206844,6,1,40608,0,1080,1920,1060,302,1230,471,28730,0.014,,
2069085,4270492,13206844,6,1,40632,0,1080,1920,1077,302,1247,471,28730,0.014,,
2069086,4270492,13206844,6,1,40656,0,1080,1920,733,216,903,385,28730,0.014,,
2069087,4270492,13206844,6,1,40680,0,1080,1920,750,164,920,334,28900,0.014,,
2069088,4270492,13206844,6,1,40704,0,1080,1920,682,181,852,351,28900,0.014,,
2069089,4270492,13206844,6,1,40728,0,1080,1920,682,181,852,351,28900,0.014,,
2069090,4270492,13206844,6,1,40752,0,1080,1920,661,161,865,365,41616,0.02,,
2069091,4270492,13206844,6,1,40776,0,1080,1920,682,198,852,368,28900,0.014,,
2069092,4270492,13206844,6,1,40800,0,1080,1920,682,198,852,368,28900,0.014,,
2069093,4270492,13206844,6,1,40824,0,1080,1920,1335,267,1505,437,28900,0.014,,
2069094,4270492,13206844,6,1,40848,0,1080,1920,1335,267,1505,437,28900,0.014,,
2069095,4270492,13206844,6,1,40872,0,1080,1920,1301,284,1471,454,28900,0.014,,
2069096,4270492,13206844,6,1,40896,0,1080,1920,1301,284,1471,454,28900,0.014,,
2069097,4270492,13206844,6,1,40920,0,1080,1920,699,198,869,368,28900,0.014,,
2069098,4270492,13206844,6,1,40944,0,1080,1920,682,202,885,406,41412,0.02,,
2069099,4270492,13206844,6,1,40968,0,1080,1920,1266,267,1436,437,28900,0.014,,
2069100,4270492,13206844,6,1,40992,0,1080,1920,1266,267,1436,437,28900,0.014,,
2069101,4270492,13206844,6,1,41016,0,1080,1920,1266,250,1436,420,28900,0.014,,
2069102,4270492,13206844,6,1,41040,0,1080,1920,1266,250,1436,420,28900,0.014,,
2069103,4270492,13206844,6,1,41064,0,1080,1920,1232,250,1402,420,28900,0.014,,
2069104,4270492,13206844,6,1,41088,0,1080,1920,1232,250,1402,420,28900,0.014,,
2069105,4270492,13206844,6,1,41112,0,1080,1920,1215,267,1385,437,28900,0.014,,
2069106,4270492,13206844,6,1,41136,0,1080,1920,699,216,869,385,28730,0.014,,
2069107,4270492,13206844,6,1,41160,0,1080,1920,699,216,869,385,28730,0.014,,
2069108,4270492,13206844,6,1,41184,0,1080,1920,682,202,885,406,41412,0.02,,
2069109,4270492,13206844,6,1,41208,0,1080,1920,1215,267,1385,437,28900,0.014,,
2069110,4270492,13206844,6,1,41232,0,1080,1920,1215,267,1385,437,28900,0.014,,
2069111,4270492,13206844,6,1,41256,0,1080,1920,682,216,852,385,28730,0.014,,
2069112,4270492,13206844,6,1,41280,0,1080,1920,723,202,927,406,41616,0.02,,
2069113,4270492,13206844,6,1,41304,0,1080,1920,682,202,885,406,41412,0.02,,
2069114,4270492,13206844,6,1,41328,0,1080,1920,682,202,885,406,41412,0.02,,
2069115,4270492,13206844,6,1,41352,0,1080,1920,1232,250,1402,420,28900,0.014,,
2069116,4270492,13206844,6,1,41376,0,1080,1920,1232,250,1402,420,28900,0.014,,
2069117,4270492,13206844,6,1,41400,0,1080,1920,682,202,885,406,41412,0.02,,
2069118,4270492,13206844,6,1,41424,0,1080,1920,699,216,869,385,28730,0.014,,
2069119,4270492,13206844,6,1,41448,0,1080,1920,716,216,886,385,28730,0.014,,
2069120,4270492,13206844,6,1,41472,0,1080,1920,699,216,869,385,28730,0.014,,
2069121,4270492,13206844,6,1,41496,0,1080,1920,682,182,885,385,41209,0.02,,
2069122,4270492,13206844,6,1,41520,0,1080,1920,682,198,852,368,28900,0.014,,
2069123,4270492,13206844,6,1,41544,0,1080,1920,732,132,976,376,59536,0.029,,
2069124,4270492,13206844,6,1,41568,0,1080,1920,682,140,885,344,41412,0.02,,
2069125,4270492,13206844,6,1,41592,0,1080,1920,991,284,1161,454,28900,0.014,,
2069126,4270492,13206844,6,1,41616,0,1080,1920,1008,284,1178,454,28900,0.014,,
2069127,4270492,13206844,6,1,41640,0,1080,1920,1026,284,1195,454,28730,0.014,,
2069128,4270492,13206844,6,1,41664,0,1080,1920,1077,267,1247,437,28900,0.014,,
2069129,4270492,13206844,6,1,41688,0,1080,1920,1077,267,1247,437,28900,0.014,,
2069130,4270492,13206844,6,1,41712,0,1080,1920,1077,267,1247,437,28900,0.014,,
2069131,4270492,13206844,6,1,41736,0,1080,1920,682,182,885,385,41209,0.02,,
2069132,4270492,13206844,6,1,41760,0,1080,1920,661,161,865,365,41616,0.02,,
2069133,4270492,13206844,6,1,41784,0,1080,1920,702,182,906,385,41412,0.02,,
2069134,4270492,13206844,6,1,41808,0,1080,1920,702,182,906,385,41412,0.02,,
2069135,4270492,13206844,6,1,41832,0,1080,1920,682,161,885,365,41412,0.02,,
2069136,4270492,13206844,6,1,41856,0,1080,1920,682,161,885,365,41412,0.02,,
2069137,4270492,13206844,6,1,41880,0,1080,1920,1077,267,1247,437,28900,0.014,,
2069138,4270492,13206844,6,1,41904,0,1080,1920,1077,267,1247,437,28900,0.014,,
2069139,4270492,13206844,6,1,41928,0,1080,1920,1043,267,1213,437,28900,0.014,,
2069140,4270492,13206844,6,1,41952,0,1080,1920,1094,267,1264,437,28900,0.014,,
2069141,4270492,13206844,6,1,41976,0,1080,1920,1094,267,1264,437,28900,0.014,,
2069142,4270492,13206844,6,1,42000,0,1080,1920,525,489,564,529,1560,0.001,,
2069143,4270492,13206844,6,1,42024,0,1080,1920,525,489,564,529,1560,0.001,,
2069144,4270492,13206844,6,1,42264,0,1080,1920,539,518,586,566,2256,0.001,,
2069145,4270492,13206844,6,1,42288,0,1080,1920,510,504,557,551,2209,0.001,,
2069146,4270492,13206844,6,1,42312,0,1080,1920,443,489,490,537,2256,0.001,,
2069147,4270492,13206844,6,1,42336,0,1080,1920,452,484,500,532,2304,0.001,,
2069148,4270492,13206844,6,1,42360,0,1080,1920,390,484,437,532,2256,0.001,,
2069149,4270492,13206844,6,1,42384,0,1080,1920,1364,380,1432,449,4692,0.002,,
2069150,4270492,13206844,6,1,42408,0,1080,1920,1350,380,1418,449,4692,0.002,,
2069151,4270492,13206844,6,1,42432,0,1080,1920,404,475,452,522,2256,0.001,,
2069152,4270492,13206844,6,1,42456,0,1080,1920,399,475,447,522,2256,0.001,,
2069153,4270492,13206844,6,1,42528,0,1080,1920,1001,172,1119,290,13924,0.007,,
2069154,4270492,13206844,6,1,42552,0,1080,1920,1013,184,1131,302,13924,0.007,,
2069155,4270492,13206844,6,1,42576,0,1080,1920,1013,184,1131,302,13924,0.007,,
2069156,4270492,13206844,6,1,42600,0,1080,1920,822,363,940,481,13924,0.007,,
2069157,4270492,13206844,6,1,42624,0,1080,1920,822,363,940,481,13924,0.007,,
2069158,4270492,13206844,6,1,42648,0,1080,1920,822,363,940,481,13924,0.007,,
2069159,4270492,13206844,6,1,42672,0,1080,1920,870,363,988,481,13924,0.007,,
2069160,4270492,13206844,6,1,42672,1,1080,1920,1301,161,1505,365,41616,0.02,,
2069161,4270492,13206844,6,1,42696,0,1080,1920,831,355,973,497,20164,0.01,,
2069162,4270492,13206844,6,1,42720,0,1080,1920,831,355,973,497,20164,0.01,,
2069163,4270492,13206844,6,1,42744,0,1080,1920,834,363,952,481,13924,0.007,,
2069164,4270492,13206844,6,1,42744,1,1080,1920,1301,182,1505,385,41412,0.02,,
2069165,4270492,13206844,6,1,42768,0,1080,1920,711,208,1063,560,123904,0.06,,
2069166,4270492,13206844,6,1,42792,0,1080,1920,640,172,992,525,124256,0.06,,
2069167,4270492,13206844,6,1,42816,0,1080,1920,569,172,921,525,124256,0.06,,
2069168,4270492,13206844,6,1,42840,0,1080,1920,604,172,956,525,124256,0.06,,
2069169,4270492,13206844,6,1,42864,0,1080,1920,604,208,956,560,123904,0.06,,
2069170,4270492,13206844,6,1,42888,0,1080,1920,604,172,956,525,124256,0.06,,
2069171,4270492,13206844,6,1,42912,0,1080,1920,676,208,1028,560,123904,0.06,,
2069172,4270492,13206844,6,1,42936,0,1080,1920,711,172,1063,525,124256,0.06,,
2069173,4270492,13206844,6,1,42960,0,1080,1920,604,137,956,489,123904,0.06,,
2069174,4270492,13206844,6,1,42984,0,1080,1920,940,175,1362,598,178506,0.086,,
2069175,4270492,13206844,6,1,43008,0,1080,1920,961,208,1313,560,123904,0.06,,
2069176,4270492,13206844,6,1,43032,0,1080,1920,961,208,1313,560,123904,0.06,,
2069177,4270492,13206844,6,1,43056,0,1080,1920,997,244,1349,596,123904,0.06,,
2069178,4270492,13206844,6,1,43080,0,1080,1920,982,218,1405,640,178506,0.086,,
2069179,4270492,13206844,6,1,43104,0,1080,1920,1032,244,1384,596,123904,0.06,,
2069180,4270492,13206844,6,1,43128,0,1080,1920,676,208,1028,560,123904,0.06,,
2069181,4270492,13206844,6,1,43152,0,1080,1920,711,172,1063,525,124256,0.06,,
2069182,4270492,13206844,6,1,43176,0,1080,1920,711,172,1063,525,124256,0.06,,
2069183,4270492,13206844,6,1,43200,0,1080,1920,711,172,1063,525,124256,0.06,,
2069184,4270492,13206844,6,1,43224,0,1080,1920,747,244,1099,596,123904,0.06,,
2069185,4270492,13206844,6,1,43248,0,1080,1920,640,208,992,560,123904,0.06,,
2069186,4270492,13206844,6,1,43272,0,1080,1920,711,244,1063,596,123904,0.06,,
2069187,4270492,13206844,6,1,43296,0,1080,1920,640,172,992,525,124256,0.06,,
2069188,4270492,13206844,6,1,43320,0,1080,1920,604,172,956,525,124256,0.06,,
2069189,4270492,13206844,6,1,43344,0,1080,1920,1111,218,1533,640,178084,0.086,,
2069190,4270492,13206844,6,1,43368,0,1080,1920,1111,218,1533,640,178084,0.086,,
2069191,4270492,13206844,6,1,43392,0,1080,1920,1068,175,1491,598,178929,0.086,,
2069192,4270492,13206844,6,1,43416,0,1080,1920,1068,175,1491,598,178929,0.086,,
2069193,4270492,13206844,6,1,43440,0,1080,1920,1068,175,1491,598,178929,0.086,,
2069194,4270492,13206844,6,1,43464,0,1080,1920,856,132,1100,376,59536,0.029,,
2069195,4270492,13206844,6,1,43488,0,1080,1920,856,132,1100,376,59536,0.029,,
2069196,4270492,13206844,6,1,43512,0,1080,1920,905,156,1150,401,60025,0.029,,
2069197,4270492,13206844,6,1,43536,0,1080,1920,856,132,1100,376,59536,0.029,,
2069198,4270492,13206844,6,1,43560,0,1080,1920,793,195,1087,489,86436,0.042,,
2069199,4270492,13206844,6,1,43584,0,1080,1920,793,195,1087,489,86436,0.042,,
2069200,4270492,13206844,6,1,43608,0,1080,1920,793,195,1087,489,86436,0.042,,
2069201,4270492,13206844,6,1,43632,0,1080,1920,793,195,1087,489,86436,0.042,,
2069202,4270492,13206844,6,1,43656,0,1080,1920,793,195,1087,489,86436,0.042,,
2069203,4270492,13206844,6,1,43680,0,1080,1920,793,195,1087,489,86436,0.042,,
2069204,4270492,13206844,6,1,43704,0,1080,1920,793,195,1087,489,86436,0.042,,
2069205,4270492,13206844,6,1,43728,0,1080,1920,781,156,1026,401,60025,0.029,,
2069206,4270492,13206844,6,1,43752,0,1080,1920,781,181,1026,426,60025,0.029,,
2069207,4270492,13206844,6,1,43776,0,1080,1920,1128,255,1373,500,60025,0.029,,
2069208,4270492,13206844,6,1,43800,0,1080,1920,1120,225,1413,519,86142,0.042,,
2069209,4270492,13206844,6,1,43824,0,1080,1920,1153,231,1397,475,59536,0.029,,
2069210,4270492,13206844,6,1,43848,0,1080,1920,1120,225,1413,519,86142,0.042,,
2069211,4270492,13206844,6,1,43872,0,1080,1920,1090,225,1384,519,86436,0.042,,
2069212,4270492,13206844,6,1,43896,0,1080,1920,1153,231,1397,475,59536,0.029,,
2069213,4270492,13206844,6,1,43920,0,1080,1920,1153,255,1397,500,59780,0.029,,
2069214,4270492,13206844,6,1,43944,0,1080,1920,1090,225,1384,519,86436,0.042,,
2069215,4270492,13206844,6,1,43968,0,1080,1920,682,181,927,426,60025,0.029,,
2069216,4270492,13206844,6,1,43992,0,1080,1920,633,132,877,376,59536,0.029,,
2069217,4270492,13206844,6,1,44016,0,1080,1920,608,156,852,401,59780,0.029,,
2069218,4270492,13206844,6,1,44040,0,1080,1920,583,156,828,401,60025,0.029,,
2069219,4270492,13206844,6,1,44064,0,1080,1920,608,132,852,376,59536,0.029,,
2069220,4270492,13206844,6,1,44088,0,1080,1920,583,181,828,426,60025,0.029,,
2069221,4270492,13206844,6,1,44112,0,1080,1920,608,156,852,401,59780,0.029,,
2069222,4270492,13206844,6,1,44136,0,1080,1920,583,156,828,401,60025,0.029,,
2069223,4270492,13206844,6,1,44160,0,1080,1920,555,136,849,429,86142,0.042,,
2069224,4270492,13206844,6,1,44184,0,1080,1920,846,351,964,469,13924,0.007,,
2069225,4270492,13206844,6,1,44208,0,1080,1920,846,363,964,481,13924,0.007,,
2069226,4270492,13206844,6,1,44232,0,1080,1920,822,351,940,469,13924,0.007,,
2069227,4270492,13206844,6,1,44256,0,1080,1920,834,363,952,481,13924,0.007,,
2069228,4270492,13206844,6,1,44280,0,1080,1920,569,172,921,525,124256,0.06,,
2069229,4270492,13206844,6,1,44304,0,1080,1920,604,172,956,525,124256,0.06,,
2069230,4270492,13206844,6,1,44328,0,1080,1920,604,172,956,525,124256,0.06,,
2069231,4270492,13206844,6,1,44352,0,1080,1920,604,208,956,560,123904,0.06,,
2069232,4270492,13206844,6,1,44376,0,1080,1920,569,172,921,525,124256,0.06,,
2069233,4270492,13206844,6,1,44400,0,1080,1920,569,172,921,525,124256,0.06,,
2069234,4270492,13206844,6,1,44424,0,1080,1920,604,208,956,560,123904,0.06,,
2069235,4270492,13206844,6,1,44448,0,1080,1920,604,208,956,560,123904,0.06,,
2069236,4270492,13206844,6,1,44472,0,1080,1920,925,208,1277,560,123904,0.06,,
2069237,4270492,13206844,6,1,44496,0,1080,1920,897,218,1319,640,178084,0.086,,
2069238,4270492,13206844,6,1,44520,0,1080,1920,940,175,1362,598,178506,0.086,,
2069239,4270492,13206844,6,1,44544,0,1080,1920,940,175,1362,598,178506,0.086,,
2069240,4270492,13206844,6,1,44568,0,1080,1920,569,172,921,525,124256,0.06,,
2069241,4270492,13206844,6,1,44592,0,1080,1920,604,208,956,560,123904,0.06,,
2069242,4270492,13206844,6,1,44616,0,1080,1920,604,208,956,560,123904,0.06,,
2069243,4270492,13206844,6,1,44640,0,1080,1920,604,208,956,560,123904,0.06,,
2069244,4270492,13206844,6,1,44664,0,1080,1920,569,172,921,525,124256,0.06,,
2069245,4270492,13206844,6,1,44688,0,1080,1920,604,172,956,525,124256,0.06,,
2069246,4270492,13206844,6,1,44712,0,1080,1920,676,172,1028,525,124256,0.06,,
2069247,4270492,13206844,6,1,44736,0,1080,1920,640,172,992,525,124256,0.06,,
2069248,4270492,13206844,6,1,44760,0,1080,1920,604,172,956,525,124256,0.06,,
2069249,4270492,13206844,6,1,44784,0,1080,1920,604,172,956,525,124256,0.06,,
2069250,4270492,13206844,6,1,44808,0,1080,1920,604,208,956,560,123904,0.06,,
2069251,4270492,13206844,6,1,44832,0,1080,1920,569,172,921,525,124256,0.06,,
2069252,4270492,13206844,6,1,44856,0,1080,1920,940,218,1362,640,178084,0.086,,
2069253,4270492,13206844,6,1,44880,0,1080,1920,940,218,1362,640,178084,0.086,,
2069254,4270492,13206844,6,1,44904,0,1080,1920,940,218,1362,640,178084,0.086,,
2069255,4270492,13206844,6,1,44928,0,1080,1920,940,218,1362,640,178084,0.086,,
2069256,4270492,13206844,6,1,44952,0,1080,1920,940,218,1362,640,178084,0.086,,
2069257,4270492,13206844,6,1,45024,0,1080,1920,640,172,992,525,124256,0.06,,
2069258,4270492,13206844,6,1,45048,0,1080,1920,640,172,992,525,124256,0.06,,
2069259,4270492,13206844,6,1,45072,0,1080,1920,925,208,1277,560,123904,0.06,,
2069260,4270492,13206844,6,1,45096,0,1080,1920,940,218,1362,640,178084,0.086,,
2069261,4270492,13206844,6,1,45120,0,1080,1920,940,218,1362,640,178084,0.086,,
2069262,4270492,13206844,6,1,45144,0,1080,1920,940,218,1362,640,178084,0.086,,
2069263,4270492,13206844,6,1,45168,0,1080,1920,961,244,1313,596,123904,0.06,,
2069264,4270492,13206844,6,1,45192,0,1080,1920,982,218,1405,640,178506,0.086,,
2069265,4270492,13206844,6,1,45216,0,1080,1920,940,218,1362,640,178084,0.086,,
2069266,4270492,13206844,6,1,45240,0,1080,1920,982,175,1405,598,178929,0.086,,
2069267,4270492,13206844,6,1,45264,0,1080,1920,940,175,1362,598,178506,0.086,,
2069268,4270492,13206844,6,1,45288,0,1080,1920,940,218,1362,640,178084,0.086,,
2069269,4270492,13206844,6,1,45312,0,1080,1920,940,218,1362,640,178084,0.086,,
2069270,4270492,13206844,6,1,45336,0,1080,1920,961,244,1313,596,123904,0.06,,
2069271,4270492,13206844,6,1,45360,0,1080,1920,940,218,1362,640,178084,0.086,,
2069272,4270492,13206844,6,1,45384,0,1080,1920,940,218,1362,640,178084,0.086,,
2069273,4270492,13206844,6,1,45408,0,1080,1920,940,218,1362,640,178084,0.086,,
2069274,4270492,13206844,6,1,45432,0,1080,1920,925,208,1277,560,123904,0.06,,
2069275,4270492,13206844,6,1,45456,0,1080,1920,633,132,877,376,59536,0.029,,
2069276,4270492,13206844,6,1,45480,0,1080,1920,615,136,908,429,85849,0.041,,
2069277,4270492,13206844,6,1,45504,0,1080,1920,615,136,908,429,85849,0.041,,
2069278,4270492,13206844,6,1,45528,0,1080,1920,657,132,902,376,59780,0.029,,
2069279,4270492,13206844,6,1,45552,0,1080,1920,633,156,877,401,59780,0.029,,
2069280,4270492,13206844,6,1,45576,0,1080,1920,633,156,877,401,59780,0.029,,
2069281,4270492,13206844,6,1,45600,0,1080,1920,608,181,852,426,59780,0.029,,
2069282,4270492,13206844,6,1,45624,0,1080,1920,633,156,877,401,59780,0.029,,
2069283,4270492,13206844,6,1,45648,0,1080,1920,633,156,877,401,59780,0.029,,
2069284,4270492,13206844,6,1,45672,0,1080,1920,1120,225,1413,519,86142,0.042,,
2069285,4270492,13206844,6,1,45696,0,1080,1920,1103,255,1348,500,60025,0.029,,
2069286,4270492,13206844,6,1,45720,0,1080,1920,1153,206,1397,450,59536,0.029,,
2069287,4270492,13206844,6,1,45744,0,1080,1920,1120,195,1413,489,86142,0.042,,
2069288,4270492,13206844,6,1,45768,0,1080,1920,1054,280,1298,525,59780,0.029,,
2069289,4270492,13206844,6,1,45792,0,1080,1920,466,403,760,697,86436,0.042,,
2069290,4270492,13206844,6,1,45816,0,1080,1920,852,136,1146,429,86142,0.042,,
2069291,4270492,13206844,6,1,45840,0,1080,1920,852,136,1146,429,86142,0.042,,
2069292,4270492,13206844,6,1,45864,0,1080,1920,852,136,1146,429,86142,0.042,,
2069293,4270492,13206844,6,1,45888,0,1080,1920,781,107,1026,351,59780,0.029,,
2069294,4270492,13206844,6,1,45912,0,1080,1920,997,208,1349,560,123904,0.06,,
2069295,4270492,13206844,6,1,45936,0,1080,1920,912,225,1205,519,86142,0.042,,
2069296,4270492,13206844,6,1,45960,0,1080,1920,387,570,528,712,20022,0.01,,
2069297,4270492,13206844,6,1,45984,0,1080,1920,1078,156,1323,401,60025,0.029,,
2069298,4270492,13206844,6,1,46008,0,1080,1920,971,166,1265,459,86142,0.042,,
2069299,4270492,13206844,6,1,46056,0,1080,1920,587,126,729,267,20022,0.01,,
2069300,4270492,13206844,6,1,46080,0,1080,1920,630,111,772,253,20164,0.01,,
2069301,4270492,13206844,6,1,46104,0,1080,1920,496,195,789,489,86142,0.042,,
2069302,4270492,13206844,6,1,46128,0,1080,1920,526,195,819,489,86142,0.042,,
2069303,4270492,13206844,6,1,46152,0,1080,1920,496,166,789,459,85849,0.041,,
2069304,4270492,13206844,6,1,46176,0,1080,1920,496,166,789,459,85849,0.041,,
2069305,4270492,13206844,6,1,46248,0,1080,1920,971,99,1174,303,41412,0.02,,
2069306,4270492,13206844,6,1,46296,0,1080,1920,971,99,1174,303,41412,0.02,,
2069307,4270492,13206844,6,1,46320,0,1080,1920,991,78,1195,282,41616,0.02,,
2069308,4270492,13206844,6,1,46344,0,1080,1920,971,99,1174,303,41412,0.02,,
2069309,4270492,13206844,6,1,46368,0,1080,1920,496,136,789,429,85849,0.041,,
2069310,4270492,13206844,6,1,46392,0,1080,1920,526,136,819,429,85849,0.041,,
2069311,4270492,13206844,6,1,46416,0,1080,1920,526,136,819,429,85849,0.041,,
2069312,4270492,13206844,6,1,46440,0,1080,1920,526,136,819,429,85849,0.041,,
2069313,4270492,13206844,6,1,46464,0,1080,1920,526,136,819,429,85849,0.041,,
2069314,4270492,13206844,6,1,46488,0,1080,1920,526,136,819,429,85849,0.041,,
2069315,4270492,13206844,6,1,46560,0,1080,1920,950,120,1154,324,41616,0.02,,
2069316,4270492,13206844,6,1,46584,0,1080,1920,526,166,819,459,85849,0.041,,
2069317,4270492,13206844,6,1,46608,0,1080,1920,496,166,789,459,85849,0.041,,
2069318,4270492,13206844,6,1,46632,0,1080,1920,496,166,789,459,85849,0.041,,
2069319,4270492,13206844,6,1,46656,0,1080,1920,526,166,819,459,85849,0.041,,
2069320,4270492,13206844,6,1,46680,0,1080,1920,496,166,789,459,85849,0.041,,
2069321,4270492,13206844,6,1,46704,0,1080,1920,496,166,789,459,85849,0.041,,
2069322,4270492,13206844,6,1,46728,0,1080,1920,526,166,819,459,85849,0.041,,
2069323,4270492,13206844,6,1,46752,0,1080,1920,496,166,789,459,85849,0.041,,
2069324,4270492,13206844,6,1,46776,0,1080,1920,526,166,819,459,85849,0.041,,
2069325,4270492,13206844,6,1,46800,0,1080,1920,496,166,789,459,85849,0.041,,
2069326,4270492,13206844,6,1,46824,0,1080,1920,526,166,819,459,85849,0.041,,
2069327,4270492,13206844,6,1,46848,0,1080,1920,971,120,1174,324,41412,0.02,,
2069328,4270492,13206844,6,1,46872,0,1080,1920,991,99,1195,303,41616,0.02,,
2069329,4270492,13206844,6,1,46896,0,1080,1920,971,99,1174,303,41412,0.02,,
2069330,4270492,13206844,6,1,46920,0,1080,1920,991,140,1195,344,41616,0.02,,
2069331,4270492,13206844,6,1,47064,0,1080,1920,459,231,704,475,59780,0.029,,
2069332,4270492,13206844,6,1,47088,0,1080,1920,466,195,760,489,86436,0.042,,
2069333,4270492,13206844,6,1,47112,0,1080,1920,466,195,760,489,86436,0.042,,
2069334,4270492,13206844,6,1,47136,0,1080,1920,466,195,760,489,86436,0.042,,
2069335,4270492,13206844,6,1,47184,0,1080,1920,433,185,472,225,1560,0.001,,
2069336,4270492,13206844,6,1,47208,0,1080,1920,453,165,492,205,1560,0.001,,
2069337,4270492,13206844,6,1,47232,0,1080,1920,457,153,496,193,1560,0.001,,
2069338,4270492,13206844,6,1,47256,0,1080,1920,493,193,532,233,1560,0.001,,
2069339,4270492,13206844,6,1,47256,1,1080,1920,689,205,728,245,1560,0.001,,
2069340,4270492,13206844,6,1,47280,0,1080,1920,725,205,764,245,1560,0.001,,
2069341,4270492,13206844,6,1,47280,1,1080,1920,558,182,605,230,2256,0.001,,
2069342,4270492,13206844,6,1,47304,0,1080,1920,745,197,784,237,1560,0.001,,
2069343,4270492,13206844,6,1,47304,1,1080,1920,524,182,572,230,2304,0.001,,
2069344,4270492,13206844,6,1,47472,0,1080,1920,793,136,1087,429,86142,0.042,,
2069345,4270492,13206844,6,1,47496,0,1080,1920,644,225,938,519,86436,0.042,,
2069346,4270492,13206844,6,1,47520,0,1080,1920,555,225,849,519,86436,0.042,,
2069347,4270492,13206844,6,1,47544,0,1080,1920,585,344,878,637,85849,0.041,,
2069348,4270492,13206844,6,1,47568,0,1080,1920,1202,280,1447,525,60025,0.029,,
2069349,4270492,13206844,6,1,47592,0,1080,1920,1209,285,1503,578,86142,0.042,,
2069350,4270492,13206844,6,1,47616,0,1080,1920,1202,305,1447,550,60025,0.029,,
2069351,4270492,13206844,6,1,47640,0,1080,1920,1178,305,1422,550,59780,0.029,,
2069352,4270492,13206844,6,1,47664,0,1080,1920,1209,225,1503,519,86436,0.042,,
2069353,4270492,13206844,6,1,47688,0,1080,1920,1269,195,1562,489,86142,0.042,,
2069354,4270492,13206844,6,1,47712,0,1080,1920,1239,166,1532,459,85849,0.041,,
2069355,4270492,13206844,6,1,47712,1,1080,1920,533,386,885,739,124256,0.06,,
2069356,4270492,13206844,6,1,47856,0,1080,1920,918,172,1036,290,13924,0.007,,
2069357,4270492,13206844,6,1,47856,1,1080,1920,1390,283,1532,425,20164,0.01,,
2069358,4270492,13206844,6,1,47880,0,1080,1920,716,140,858,282,20164,0.01,,
2069359,4270492,13206844,6,1,47880,1,1080,1920,1404,283,1546,425,20164,0.01,,
2069360,4270492,13206844,6,1,47904,0,1080,1920,501,419,583,501,6724,0.003,,
2069361,4270492,13206844,6,1,47928,0,1080,1920,507,377,605,475,9604,0.005,,
2069362,4270492,13206844,6,1,47952,0,1080,1920,1490,298,1632,439,20022,0.01,,
2069363,4270492,13206844,6,1,47952,1,1080,1920,831,140,973,282,20164,0.01,,
2069364,4270492,13206844,6,1,47976,0,1080,1920,1462,283,1603,425,20022,0.01,,
2069365,4270492,13206844,6,1,47976,1,1080,1920,817,140,958,282,20022,0.01,,
2069366,4270492,13206844,6,1,48000,0,1080,1920,1462,283,1603,425,20022,0.01,,
2069367,4270492,13206844,6,1,48000,1,1080,1920,817,140,958,282,20022,0.01,,
2069368,4270492,13206844,6,1,48024,0,1080,1920,428,315,546,433,13924,0.007,,
2069369,4270492,13206844,6,1,48048,0,1080,1920,440,315,558,433,13924,0.007,,
2069370,4270492,13206844,6,1,48072,0,1080,1920,416,315,534,433,13924,0.007,,
2069371,4270492,13206844,6,1,48096,0,1080,1920,437,327,535,425,9604,0.005,,
2069372,4270492,13206844,6,1,48120,0,1080,1920,759,97,901,239,20164,0.01,,
2069373,4270492,13206844,6,1,48120,1,1080,1920,1433,255,1575,396,20022,0.01,,
2069374,4270492,13206844,6,1,48144,0,1080,1920,1433,240,1575,382,20164,0.01,,
2069375,4270492,13206844,6,1,48144,1,1080,1920,774,97,915,239,20022,0.01,,
2069376,4270492,13206844,6,1,48168,0,1080,1920,1390,326,1532,468,20164,0.01,,
2069377,4270492,13206844,6,1,48168,1,1080,1920,788,97,930,239,20164,0.01,,
2069378,4270492,13206844,6,1,48192,0,1080,1920,416,315,534,433,13924,0.007,,
2069379,4270492,13206844,6,1,48192,1,1080,1920,641,661,698,718,3249,0.002,,
2069380,4270492,13206844,6,1,48216,0,1080,1920,428,327,546,445,13924,0.007,,
2069381,4270492,13206844,6,1,48216,1,1080,1920,641,661,698,718,3249,0.002,,
2069382,4270492,13206844,6,1,48240,0,1080,1920,428,327,546,445,13924,0.007,,
2069383,4270492,13206844,6,1,48240,1,1080,1920,647,661,704,718,3249,0.002,,
2069384,4270492,13206844,6,1,48264,0,1080,1920,1404,312,1546,454,20164,0.01,,
2069385,4270492,13206844,6,1,48264,1,1080,1920,786,124,904,242,13924,0.007,,
2069386,4270492,13206844,6,1,48288,0,1080,1920,1404,298,1546,439,20022,0.01,,
2069387,4270492,13206844,6,1,48288,1,1080,1920,745,126,887,267,20022,0.01,,
2069388,4270492,13206844,6,1,48312,0,1080,1920,1370,284,1539,454,28730,0.014,,
2069389,4270492,13206844,6,1,48312,1,1080,1920,759,111,901,253,20164,0.01,,
2069390,4270492,13206844,6,1,48336,0,1080,1920,1361,298,1503,439,20022,0.01,,
2069391,4270492,13206844,6,1,48336,1,1080,1920,802,140,944,282,20164,0.01,,
2069392,4270492,13206844,6,1,48360,0,1080,1920,1564,242,1633,310,4692,0.002,,
2069393,4270492,13206844,6,1,48360,1,1080,1920,727,258,784,315,3249,0.002,,
2069394,4270492,13206844,6,1,48360,2,1080,1920,929,318,997,386,4624,0.002,,
2069395,4270492,13206844,6,1,48384,0,1080,1920,1585,235,1653,303,4624,0.002,,
2069396,4270492,13206844,6,1,48384,1,1080,1920,783,311,852,380,4761,0.002,,
2069397,4270492,13206844,6,1,48384,2,1080,1920,548,270,617,338,4692,0.002,,
2069398,4270492,13206844,6,1,48408,0,1080,1920,1606,215,1674,283,4624,0.002,,
2069399,4270492,13206844,6,1,48408,1,1080,1920,708,312,790,394,6724,0.003,,
2069400,4270492,13206844,6,1,48408,2,1080,1920,459,237,541,319,6724,0.003,,
2069401,4270492,13206844,6,1,48432,0,1080,1920,555,221,624,290,4761,0.002,,
2069402,4270492,13206844,6,1,48432,1,1080,1920,1675,201,1743,269,4624,0.002,,
2069403,4270492,13206844,6,1,48432,2,1080,1920,736,267,834,366,9702,0.005,,
2069404,4270492,13206844,6,1,48456,0,1080,1920,526,220,608,302,6724,0.003,,
2069405,4270492,13206844,6,1,48456,1,1080,1920,858,208,976,325,13806,0.007,,
2069406,4270492,13206844,6,1,48456,2,1080,1920,1848,221,1916,290,4692,0.002,,
2069407,4270492,13206844,6,1,48480,0,1080,1920,616,237,715,336,9801,0.005,,
2069408,4270492,13206844,6,1,48480,1,1080,1920,989,291,1107,409,13924,0.007,,
2069409,4270492,13206844,6,1,48504,0,1080,1920,1103,312,1245,454,20164,0.01,,
2069410,4270492,13206844,6,1,48504,1,1080,1920,679,219,797,337,13924,0.007,,
2069411,4270492,13206844,6,1,48528,0,1080,1920,510,112,680,282,28900,0.014,,
2069412,4270492,13206844,6,1,48528,1,1080,1920,1284,336,1453,506,28730,0.014,,
2069413,4270492,13206844,6,1,48552,0,1080,1920,311,82,555,327,59780,0.029,,
2069414,4270492,13206844,6,1,48552,1,1080,1920,1326,330,1571,574,59780,0.029,,
2069415,4270492,13206844,6,1,48672,0,1080,1920,508,361,565,418,3249,0.002,,
2069416,4270492,13206844,6,1,48672,1,1080,1920,238,350,295,407,3249,0.002,,
2069417,4270492,13206844,6,1,48696,0,1080,1920,1025,284,1094,352,4692,0.002,,
2069418,4270492,13206844,6,1,48696,1,1080,1920,327,353,395,421,4624,0.002,,
2069419,4270492,13206844,6,1,48720,0,1080,1920,957,245,1039,327,6724,0.003,,
2069420,4270492,13206844,6,1,48720,1,1080,1920,796,350,853,407,3249,0.002,,
2069421,4270492,13206844,6,1,48744,0,1080,1920,905,198,1003,296,9604,0.005,,
2069422,4270492,13206844,6,1,48744,1,1080,1920,443,287,525,369,6724,0.003,,
2069423,4270492,13206844,6,1,48768,0,1080,1920,1085,124,1203,242,13924,0.007,,
2069424,4270492,13206844,6,1,48768,1,1080,1920,348,257,446,356,9702,0.005,,
2069425,4270492,13206844,6,1,48792,0,1080,1920,285,219,403,337,13924,0.007,,
2069426,4270492,13206844,6,1,48792,1,1080,1920,1017,83,1159,224,20022,0.01,,
2069427,4270492,13206844,6,1,48792,2,1080,1920,1240,279,1358,397,13924,0.007,,
2069428,4270492,13206844,6,1,48816,0,1080,1920,1075,126,1216,267,19881,0.01,,
2069429,4270492,13206844,6,1,48816,1,1080,1920,186,212,328,353,20022,0.01,,
2069430,4270492,13206844,6,1,48816,2,1080,1920,1407,291,1525,409,13924,0.007,,
2069431,4270492,13206844,6,1,48840,0,1080,1920,659,152,727,221,4692,0.002,,
2069432,4270492,13206844,6,1,48840,1,1080,1920,984,228,1052,297,4692,0.002,,
2069433,4270492,13206844,6,1,48840,2,1080,1920,210,187,278,255,4624,0.002,,
2069434,4270492,13206844,6,1,48864,0,1080,1920,946,235,1003,292,3249,0.002,,
2069435,4270492,13206844,6,1,48864,1,1080,1920,658,154,740,236,6724,0.003,,
2069436,4270492,13206844,6,1,48864,2,1080,1920,211,179,292,261,6642,0.003,,
2069437,4270492,13206844,6,1,48888,0,1080,1920,658,154,740,236,6724,0.003,,
2069438,4270492,13206844,6,1,48888,1,1080,1920,956,235,1024,303,4624,0.002,,
2069439,4270492,13206844,6,1,48888,2,1080,1920,219,171,301,253,6724,0.003,,
2069440,4270492,13206844,6,1,48912,0,1080,1920,997,172,1349,525,124256,0.06,,
2069441,4270492,13206844,6,1,48936,0,1080,1920,997,172,1349,525,124256,0.06,,
2069442,4270492,13206844,6,1,48960,0,1080,1920,1031,195,1324,489,86142,0.042,,
2069443,4270492,13206844,6,1,48984,0,1080,1920,1031,195,1324,489,86142,0.042,,
2069444,4270492,13206844,6,1,49008,0,1080,1920,1031,195,1324,489,86142,0.042,,
2069445,4270492,13206844,6,1,49032,0,1080,1920,1090,195,1384,489,86436,0.042,,
2069446,4270492,13206844,6,1,49056,0,1080,1920,1090,195,1384,489,86436,0.042,,
2069447,4270492,13206844,6,1,49080,0,1080,1920,1198,99,1401,303,41412,0.02,,
2069448,4270492,13206844,6,1,49080,1,1080,1920,310,306,514,509,41412,0.02,,
2069449,4270492,13206844,6,1,49104,0,1080,1920,1218,120,1422,324,41616,0.02,,
2069450,4270492,13206844,6,1,49104,1,1080,1920,331,285,535,489,41616,0.02,,
2069451,4270492,13206844,6,1,49128,0,1080,1920,1198,120,1401,324,41412,0.02,,
2069452,4270492,13206844,6,1,49128,1,1080,1920,338,319,508,489,28900,0.014,,
2069453,4270492,13206844,6,1,49152,0,1080,1920,1178,82,1422,327,59780,0.029,,
2069454,4270492,13206844,6,1,49152,1,1080,1920,331,306,535,509,41412,0.02,,
2069455,4270492,13206844,6,1,49176,0,1080,1920,1198,161,1401,365,41412,0.02,,
2069456,4270492,13206844,6,1,49176,1,1080,1920,310,326,514,530,41616,0.02,,
2069457,4270492,13206844,6,1,49200,0,1080,1920,310,326,514,530,41616,0.02,,
2069458,4270492,13206844,6,1,49200,1,1080,1920,1178,107,1422,351,59536,0.029,,
2069459,4270492,13206844,6,1,49224,0,1080,1920,1198,140,1401,344,41412,0.02,,
2069460,4270492,13206844,6,1,49224,1,1080,1920,310,306,514,509,41412,0.02,,
2069461,4270492,13206844,6,1,49248,0,1080,1920,269,326,473,530,41616,0.02,,
2069462,4270492,13206844,6,1,49248,1,1080,1920,1153,132,1397,376,59536,0.029,,
2069463,4270492,13206844,6,1,49272,0,1080,1920,1198,140,1401,344,41412,0.02,,
2069464,4270492,13206844,6,1,49272,1,1080,1920,269,306,473,509,41412,0.02,,
2069465,4270492,13206844,6,1,49296,0,1080,1920,1218,161,1422,365,41616,0.02,,
2069466,4270492,13206844,6,1,49296,1,1080,1920,269,306,473,509,41412,0.02,,
2069467,4270492,13206844,6,1,49320,0,1080,1920,1218,140,1422,344,41616,0.02,,
2069468,4270492,13206844,6,1,49320,1,1080,1920,269,306,473,509,41412,0.02,,
2069469,4270492,13206844,6,1,49344,0,1080,1920,971,195,1265,489,86436,0.042,,
2069470,4270492,13206844,6,1,49368,0,1080,1920,1001,166,1295,459,86142,0.042,,
2069471,4270492,13206844,6,1,49392,0,1080,1920,997,172,1349,525,124256,0.06,,
2069472,4270492,13206844,6,1,49416,0,1080,1920,1001,166,1295,459,86142,0.042,,
2069473,4270492,13206844,6,1,49440,0,1080,1920,997,137,1349,489,123904,0.06,,
2069474,4270492,13206844,6,1,49464,0,1080,1920,1031,166,1324,459,85849,0.041,,
2069475,4270492,13206844,6,1,49488,0,1080,1920,1061,166,1354,459,85849,0.041,,
2069476,4270492,13206844,6,1,49512,0,1080,1920,1032,172,1384,525,124256,0.06,,
2069477,4270492,13206844,6,1,49536,0,1080,1920,997,172,1349,525,124256,0.06,,
2069478,4270492,13206844,6,1,49560,0,1080,1920,497,172,849,525,124256,0.06,,
2069479,4270492,13206844,6,1,49584,0,1080,1920,526,166,819,459,85849,0.041,,
2069480,4270492,13206844,6,1,49608,0,1080,1920,526,166,819,459,85849,0.041,,
2069481,4270492,13206844,6,1,49632,0,1080,1920,555,166,849,459,86142,0.042,,
2069482,4270492,13206844,6,1,49656,0,1080,1920,555,166,849,459,86142,0.042,,
2069483,4270492,13206844,6,1,49680,0,1080,1920,555,166,849,459,86142,0.042,,
2069484,4270492,13206844,6,1,49704,0,1080,1920,555,166,849,459,86142,0.042,,
2069485,4270492,13206844,6,1,49728,0,1080,1920,555,166,849,459,86142,0.042,,
2069486,4270492,13206844,6,1,49752,0,1080,1920,555,166,849,459,86142,0.042,,
2069487,4270492,13206844,6,1,49776,0,1080,1920,555,166,849,459,86142,0.042,,
2069488,4270492,13206844,6,1,49800,0,1080,1920,555,166,849,459,86142,0.042,,
2069489,4270492,13206844,6,1,49824,0,1080,1920,555,166,849,459,86142,0.042,,
2069490,4270492,13206844,6,1,49848,0,1080,1920,585,136,878,429,85849,0.041,,
2069491,4270492,13206844,6,1,49872,0,1080,1920,1031,166,1324,459,85849,0.041,,
2069492,4270492,13206844,6,1,49896,0,1080,1920,1060,112,1230,282,28900,0.014,,
2069493,4270492,13206844,6,1,49896,1,1080,1920,329,212,471,353,20022,0.01,,
2069494,4270492,13206844,6,1,49896,2,1080,1920,1476,298,1618,439,20022,0.01,,
2069495,4270492,13206844,6,1,49920,0,1080,1920,1075,126,1216,267,19881,0.01,,
2069496,4270492,13206844,6,1,49920,1,1080,1920,329,212,471,353,20022,0.01,,
2069497,4270492,13206844,6,1,49920,2,1080,1920,1476,298,1618,439,20022,0.01,,
2069498,4270492,13206844,6,1,49944,0,1080,1920,1090,195,1384,489,86436,0.042,,
2069499,4270492,13206844,6,1,49968,0,1080,1920,1043,112,1213,282,28900,0.014,,
2069500,4270492,13206844,6,1,49968,1,1080,1920,329,212,471,353,20022,0.01,,
2069501,4270492,13206844,6,1,49968,2,1080,1920,1491,303,1609,421,13924,0.007,,
2069502,4270492,13206844,6,1,49992,0,1080,1920,1026,130,1195,299,28561,0.014,,
2069503,4270492,13206844,6,1,49992,1,1080,1920,1447,283,1589,425,20164,0.01,,
2069504,4270492,13206844,6,1,49992,2,1080,1920,329,197,471,339,20164,0.01,,
2069505,4270492,13206844,6,1,50016,0,1080,1920,1043,112,1213,282,28900,0.014,,
2069506,4270492,13206844,6,1,50016,1,1080,1920,344,212,485,353,19881,0.01,,
2069507,4270492,13206844,6,1,50016,2,1080,1920,1419,303,1537,421,13924,0.007,,
2069508,4270492,13206844,6,1,50040,0,1080,1920,358,212,500,353,20022,0.01,,
2069509,4270492,13206844,6,1,50040,1,1080,1920,1060,97,1202,239,20164,0.01,,
2069510,4270492,13206844,6,1,50040,2,1080,1920,1455,291,1573,409,13924,0.007,,
2069511,4270492,13206844,6,1,50064,0,1080,1920,1043,95,1213,265,28900,0.014,,
2069512,4270492,13206844,6,1,50064,1,1080,1920,358,212,500,353,20022,0.01,,
2069513,4270492,13206844,6,1,50064,2,1080,1920,1505,255,1646,396,19881,0.01,,
2069514,4270492,13206844,6,1,50088,0,1080,1920,1043,78,1213,248,28900,0.014,,
2069515,4270492,13206844,6,1,50088,1,1080,1920,358,212,500,353,20022,0.01,,
2069516,4270492,13206844,6,1,50088,2,1080,1920,1515,267,1633,385,13924,0.007,,
2069517,4270492,13206844,6,1,50112,0,1080,1920,1043,95,1213,265,28900,0.014,,
2069518,4270492,13206844,6,1,50112,1,1080,1920,358,212,500,353,20022,0.01,,
2069519,4270492,13206844,6,1,50112,2,1080,1920,1527,267,1645,385,13924,0.007,,
2069520,4270492,13206844,6,1,50136,0,1080,1920,1090,195,1384,489,86436,0.042,,
2069521,4270492,13206844,6,1,50160,0,1080,1920,1090,195,1384,489,86436,0.042,,
2069522,4270492,13206844,6,1,50184,0,1080,1920,1090,195,1384,489,86436,0.042,,
2069523,4270492,13206844,6,1,50208,0,1080,1920,1061,195,1354,489,86142,0.042,,
2069524,4270492,13206844,6,1,50232,0,1080,1920,615,195,908,489,86142,0.042,,
2069525,4270492,13206844,6,1,50256,0,1080,1920,644,225,938,519,86436,0.042,,
2069526,4270492,13206844,6,1,50280,0,1080,1920,644,225,938,519,86436,0.042,,
2069527,4270492,13206844,6,1,50304,0,1080,1920,569,172,921,525,124256,0.06,,
2069528,4270492,13206844,6,1,50328,0,1080,1920,644,166,938,459,86142,0.042,,
2069529,4270492,13206844,6,1,50352,0,1080,1920,644,225,938,519,86436,0.042,,
2069530,4270492,13206844,6,1,50376,0,1080,1920,644,225,938,519,86436,0.042,,
2069531,4270492,13206844,6,1,50400,0,1080,1920,615,225,908,519,86142,0.042,,
2069532,4270492,13206844,6,1,50424,0,1080,1920,1128,206,1373,450,59780,0.029,,
2069533,4270492,13206844,6,1,50448,0,1080,1920,1128,181,1373,426,60025,0.029,,
2069534,4270492,13206844,6,1,50472,0,1080,1920,1128,181,1373,426,60025,0.029,,
2069535,4270492,13206844,6,1,50496,0,1080,1920,1103,181,1348,426,60025,0.029,,
2069536,4270492,13206844,6,1,50520,0,1080,1920,1136,202,1340,406,41616,0.02,,
2069537,4270492,13206844,6,1,50520,1,1080,1920,1068,137,1420,489,123904,0.06,,
2069538,4270492,13206844,6,1,50544,0,1080,1920,1136,202,1340,406,41616,0.02,,
2069539,4270492,13206844,6,1,50544,1,1080,1920,1068,137,1420,489,123904,0.06,,
2069540,4270492,13206844,6,1,50568,0,1080,1920,558,181,803,426,60025,0.029,,
2069541,4270492,13206844,6,1,50592,0,1080,1920,558,206,803,450,59780,0.029,,
2069542,4270492,13206844,6,1,50616,0,1080,1920,496,166,789,459,85849,0.041,,
2069543,4270492,13206844,6,1,50640,0,1080,1920,558,156,803,401,60025,0.029,,
2069544,4270492,13206844,6,1,50664,0,1080,1920,608,156,852,401,59780,0.029,,
2069545,4270492,13206844,6,1,50688,0,1080,1920,526,166,819,459,85849,0.041,,
2069546,4270492,13206844,6,1,50712,0,1080,1920,608,181,852,426,59780,0.029,,
2069547,4270492,13206844,6,1,50736,0,1080,1920,534,181,778,426,59780,0.029,,
2069548,4270492,13206844,6,1,50760,0,1080,1920,608,206,852,450,59536,0.029,,
2069549,4270492,13206844,6,1,50784,0,1080,1920,608,206,852,450,59536,0.029,,
2069550,4270492,13206844,6,1,50808,0,1080,1920,583,181,828,426,60025,0.029,,
2069551,4270492,13206844,6,1,50832,0,1080,1920,608,132,852,376,59536,0.029,,
2069552,4270492,13206844,6,1,50856,0,1080,1920,608,156,852,401,59780,0.029,,
2069553,4270492,13206844,6,1,50880,0,1080,1920,583,181,828,426,60025,0.029,,
2069554,4270492,13206844,6,1,50904,0,1080,1920,583,156,828,401,60025,0.029,,
2069555,4270492,13206844,6,1,50928,0,1080,1920,633,231,877,475,59536,0.029,,
2069556,4270492,13206844,6,1,50952,0,1080,1920,608,181,852,426,59780,0.029,,
2069557,4270492,13206844,6,1,50976,0,1080,1920,608,181,852,426,59780,0.029,,
2069558,4270492,13206844,6,1,51000,0,1080,1920,558,132,803,376,59780,0.029,,
2069559,4270492,13206844,6,1,51024,0,1080,1920,583,132,828,376,59780,0.029,,
2069560,4270492,13206844,6,1,51048,0,1080,1920,608,181,852,426,59780,0.029,,
2069561,4270492,13206844,6,1,51072,0,1080,1920,1103,206,1348,450,59780,0.029,,
2069562,4270492,13206844,6,1,51096,0,1080,1920,1090,166,1384,459,86142,0.042,,
2069563,4270492,13206844,6,1,51120,0,1080,1920,1128,181,1373,426,60025,0.029,,
2069564,4270492,13206844,6,1,51144,0,1080,1920,1103,181,1348,426,60025,0.029,,
2069565,4270492,13206844,6,1,51168,0,1080,1920,1128,181,1373,426,60025,0.029,,
2069566,4270492,13206844,6,1,51192,0,1080,1920,1103,206,1348,450,59780,0.029,,
2069567,4270492,13206844,6,1,51216,0,1080,1920,1128,181,1373,426,60025,0.029,,
2069568,4270492,13206844,6,1,51240,0,1080,1920,496,195,789,489,86142,0.042,,
2069569,4270492,13206844,6,1,51264,0,1080,1920,526,255,819,548,85849,0.041,,
2069570,4270492,13206844,6,1,51288,0,1080,1920,1004,132,1249,376,59780,0.029,,
2069571,4270492,13206844,6,1,51312,0,1080,1920,1029,156,1273,401,59780,0.029,,
2069572,4270492,13206844,6,1,51336,0,1080,1920,462,137,814,489,123904,0.06,,
2069573,4270492,13206844,6,1,51360,0,1080,1920,462,172,814,525,124256,0.06,,
2069574,4270492,13206844,6,1,51384,0,1080,1920,497,172,849,525,124256,0.06,,
2069575,4270492,13206844,6,1,51408,0,1080,1920,462,172,814,525,124256,0.06,,
2069576,4270492,13206844,6,1,51432,0,1080,1920,1198,161,1401,365,41412,0.02,,
2069577,4270492,13206844,6,1,51456,0,1080,1920,1177,140,1381,344,41616,0.02,,
2069578,4270492,13206844,6,1,51480,0,1080,1920,1177,120,1381,324,41616,0.02,,
2069579,4270492,13206844,6,1,51504,0,1080,1920,1177,140,1381,344,41616,0.02,,
2069580,4270492,13206844,6,1,51528,0,1080,1920,1198,120,1401,324,41412,0.02,,
2069581,4270492,13206844,6,1,51552,0,1080,1920,1198,161,1401,365,41412,0.02,,
2069582,4270492,13206844,6,1,51576,0,1080,1920,1198,164,1367,334,28730,0.014,,
2069583,4270492,13206844,6,1,51600,0,1080,1920,1177,161,1381,365,41616,0.02,,
2069584,4270492,13206844,6,1,51624,0,1080,1920,1198,164,1367,334,28730,0.014,,
2069585,4270492,13206844,6,1,51648,0,1080,1920,360,107,605,351,59780,0.029,,
2069586,4270492,13206844,6,1,51672,0,1080,1920,360,107,605,351,59780,0.029,,
2069587,4270492,13206844,6,1,51696,0,1080,1920,360,107,605,351,59780,0.029,,
2069588,4270492,13206844,6,1,51720,0,1080,1920,360,107,605,351,59780,0.029,,
2069589,4270492,13206844,6,1,51744,0,1080,1920,1198,161,1401,365,41412,0.02,,
2069590,4270492,13206844,6,1,51768,0,1080,1920,1198,161,1401,365,41412,0.02,,
2069591,4270492,13206844,6,1,51792,0,1080,1920,1198,164,1367,334,28730,0.014,,
2069592,4270492,13206844,6,1,51816,0,1080,1920,537,120,741,324,41616,0.02,,
2069593,4270492,13206844,6,1,51840,0,1080,1920,558,58,762,262,41616,0.02,,
2069594,4270492,13206844,6,1,51864,0,1080,1920,661,78,865,282,41616,0.02,,
2069595,4270492,13206844,6,1,51888,0,1080,1920,744,99,947,303,41412,0.02,,
2069596,4270492,13206844,6,1,51912,0,1080,1920,372,120,576,324,41616,0.02,,
2069597,4270492,13206844,6,1,52080,0,1080,1920,1177,140,1381,344,41616,0.02,,
2069598,4270492,13206844,6,1,52104,0,1080,1920,1177,140,1381,344,41616,0.02,,
2069599,4270492,13206844,6,1,52128,0,1080,1920,1198,120,1401,324,41412,0.02,,
2069600,4270492,13206844,6,1,52152,0,1080,1920,1198,120,1401,324,41412,0.02,,
2069601,4270492,13206844,6,1,52176,0,1080,1920,1671,357,1770,455,9702,0.005,,
2069602,4270492,13206844,6,1,52200,0,1080,1920,1671,357,1770,455,9702,0.005,,
2069603,4270492,13206844,6,1,52224,0,1080,1920,1671,357,1770,455,9702,0.005,,
2069604,4270492,13206844,6,1,52248,0,1080,1920,1671,357,1770,455,9702,0.005,,
2069605,4270492,13206844,6,1,52272,0,1080,1920,1671,357,1770,455,9702,0.005,,
2069606,4270492,13206844,6,1,52296,0,1080,1920,1671,357,1770,455,9702,0.005,,
2069607,4270492,13206844,6,1,52320,0,1080,1920,1239,120,1443,324,41616,0.02,,
2069608,4270492,13206844,6,1,52344,0,1080,1920,1239,140,1443,344,41616,0.02,,
2069609,4270492,13206844,6,1,52368,0,1080,1920,1249,147,1419,317,28900,0.014,,
2069610,4270492,13206844,6,1,52392,0,1080,1920,1218,140,1422,344,41616,0.02,,
2069611,4270492,13206844,6,1,52416,0,1080,1920,1239,120,1443,324,41616,0.02,,
2069612,4270492,13206844,6,1,52440,0,1080,1920,1239,120,1443,324,41616,0.02,,
2069613,4270492,13206844,6,1,52824,0,1080,1920,1198,147,1367,317,28730,0.014,,
2069614,4270492,13206844,6,1,52848,0,1080,1920,1177,161,1381,365,41616,0.02,,
2069615,4270492,13206844,6,1,52872,0,1080,1920,971,306,1174,509,41209,0.02,,
2069616,4270492,13206844,6,1,52896,0,1080,1920,867,182,1071,385,41412,0.02,,
2069617,4270492,13206844,6,1,52968,0,1080,1920,1412,132,1481,200,4692,0.002,,
2069618,4270492,13206844,6,1,52992,0,1080,1920,1564,97,1633,165,4692,0.002,,
2069619,4270492,13206844,6,1,53016,0,1080,1920,1629,71,1711,153,6724,0.003,,
2069620,4270492,13206844,6,1,53040,0,1080,1920,1687,79,1769,161,6724,0.003,,
2069621,4270492,13206844,6,1,53064,0,1080,1920,1118,154,1259,296,20022,0.01,,
2069622,4270492,13206844,6,1,53088,0,1080,1920,1094,147,1264,317,28900,0.014,,
2069623,4270492,13206844,6,1,53112,0,1080,1920,1118,154,1259,296,20022,0.01,,
2069624,4270492,13206844,6,1,53136,0,1080,1920,1094,112,1264,282,28900,0.014,,
2069625,4270492,13206844,6,1,53160,0,1080,1920,1118,126,1259,267,19881,0.01,,
2069626,4270492,13206844,6,1,53256,0,1080,1920,1094,99,1298,303,41616,0.02,,
2069627,4270492,13206844,6,1,53280,0,1080,1920,1094,99,1298,303,41616,0.02,,
2069628,4270492,13206844,6,1,53304,0,1080,1920,925,208,1277,560,123904,0.06,,
2069629,4270492,13206844,6,1,53328,0,1080,1920,925,208,1277,560,123904,0.06,,
2069630,4270492,13206844,6,1,53352,0,1080,1920,925,208,1277,560,123904,0.06,,
2069631,4270492,13206844,6,1,53376,0,1080,1920,925,208,1277,560,123904,0.06,,
2069632,4270492,13206844,6,1,53400,0,1080,1920,925,208,1277,560,123904,0.06,,
2069633,4270492,13206844,6,1,53424,0,1080,1920,377,217,476,316,9801,0.005,,
2069634,4270492,13206844,6,1,53448,0,1080,1920,500,172,618,290,13924,0.007,,
2069635,4270492,13206844,6,1,53472,0,1080,1920,819,250,989,420,28900,0.014,,
2069636,4270492,13206844,6,1,53520,0,1080,1920,527,147,697,317,28900,0.014,,
2069637,4270492,13206844,6,1,53544,0,1080,1920,527,147,697,317,28900,0.014,,
2069638,4270492,13206844,6,1,53568,0,1080,1920,1029,132,1273,376,59536,0.029,,
2069639,4270492,13206844,6,1,53592,0,1080,1920,1001,166,1295,459,86142,0.042,,
2069640,4270492,13206844,6,1,53616,0,1080,1920,925,137,1277,489,123904,0.06,,
2069641,4270492,13206844,6,1,53640,0,1080,1920,290,202,493,406,41412,0.02,,
2069642,4270492,13206844,6,1,53664,0,1080,1920,320,233,490,403,28900,0.014,,
2069643,4270492,13206844,6,1,53688,0,1080,1920,320,216,490,385,28730,0.014,,
2069644,4270492,13206844,6,1,53712,0,1080,1920,1001,136,1295,429,86142,0.042,,
2069645,4270492,13206844,6,1,53736,0,1080,1920,1001,136,1295,429,86142,0.042,,
2069646,4270492,13206844,6,1,53760,0,1080,1920,971,136,1265,429,86142,0.042,,
2069647,4270492,13206844,6,1,53784,0,1080,1920,555,136,849,429,86142,0.042,,
2069648,4270492,13206844,6,1,53808,0,1080,1920,526,136,819,429,85849,0.041,,
2069649,4270492,13206844,6,1,53832,0,1080,1920,496,136,789,429,85849,0.041,,
2069650,4270492,13206844,6,1,53856,0,1080,1920,466,136,760,429,86142,0.042,,
2069651,4270492,13206844,6,1,53880,0,1080,1920,615,225,908,519,86142,0.042,,
2069652,4270492,13206844,6,1,53904,0,1080,1920,756,355,1001,599,59780,0.029,,
2069653,4270492,13206844,6,1,53928,0,1080,1920,674,255,968,548,86142,0.042,,
2069654,4270492,13206844,6,1,53952,0,1080,1920,615,77,908,370,85849,0.041,,
2069655,4270492,13206844,6,1,53976,0,1080,1920,1001,136,1295,429,86142,0.042,,
2069656,4270492,13206844,6,1,54000,0,1080,1920,961,137,1313,489,123904,0.06,,
2069657,4270492,13206844,6,1,54024,0,1080,1920,615,136,908,429,85849,0.041,,
2069658,4270492,13206844,6,1,54048,0,1080,1920,615,136,908,429,85849,0.041,,
2069659,4270492,13206844,6,1,54072,0,1080,1920,961,137,1313,489,123904,0.06,,
2069660,4270492,13206844,6,1,54096,0,1080,1920,1032,137,1384,489,123904,0.06,,
2069661,4270492,13206844,6,1,54120,0,1080,1920,890,172,1242,525,124256,0.06,,
2069662,4270492,13206844,6,1,54144,0,1080,1920,711,30,1063,382,123904,0.06,,
2069663,4270492,13206844,6,1,54192,0,1080,1920,1068,244,1420,596,123904,0.06,,
2069664,4270492,13206844,6,1,54216,0,1080,1920,1209,285,1503,578,86142,0.042,,
2069665,4270492,13206844,6,1,54240,0,1080,1920,1090,225,1384,519,86436,0.042,,
2069666,4270492,13206844,6,1,54264,0,1080,1920,436,255,730,548,86142,0.042,,
2069667,4270492,13206844,6,1,54288,0,1080,1920,426,208,778,560,123904,0.06,,
2069668,4270492,13206844,6,1,54312,0,1080,1920,466,225,760,519,86436,0.042,,
2069669,4270492,13206844,6,1,54336,0,1080,1920,426,208,778,560,123904,0.06,,
2069670,4270492,13206844,6,1,54360,0,1080,1920,426,208,778,560,123904,0.06,,
2069671,4270492,13206844,6,1,54384,0,1080,1920,466,225,760,519,86436,0.042,,
2069672,4270492,13206844,6,1,54408,0,1080,1920,426,208,778,560,123904,0.06,,
2069673,4270492,13206844,6,1,54432,0,1080,1920,1032,208,1384,560,123904,0.06,,
2069674,4270492,13206844,6,1,54456,0,1080,1920,1061,225,1354,519,86142,0.042,,
2069675,4270492,13206844,6,1,54480,0,1080,1920,469,261,891,683,178084,0.086,,
2069676,4270492,13206844,6,1,54504,0,1080,1920,469,261,891,683,178084,0.086,,
2069677,4270492,13206844,6,1,54528,0,1080,1920,426,218,849,640,178506,0.086,,
2069678,4270492,13206844,6,1,54552,0,1080,1920,426,132,849,555,178929,0.086,,
2069679,4270492,13206844,6,1,54576,0,1080,1920,497,208,849,560,123904,0.06,,
2069680,4270492,13206844,6,1,54600,0,1080,1920,1031,195,1324,489,86142,0.042,,
2069681,4270492,13206844,6,1,54624,0,1080,1920,971,195,1265,489,86436,0.042,,
2069682,4270492,13206844,6,1,54648,0,1080,1920,971,195,1265,489,86436,0.042,,
2069683,4270492,13206844,6,1,54672,0,1080,1920,1031,195,1324,489,86142,0.042,,
2069684,4270492,13206844,6,1,54696,0,1080,1920,1031,195,1324,489,86142,0.042,,
2069685,4270492,13206844,6,1,54720,0,1080,1920,1031,195,1324,489,86142,0.042,,
2069686,4270492,13206844,6,1,54744,0,1080,1920,462,244,814,596,123904,0.06,,
2069687,4270492,13206844,6,1,54768,0,1080,1920,497,244,849,596,123904,0.06,,
2069688,4270492,13206844,6,1,54792,0,1080,1920,1068,208,1420,560,123904,0.06,,
2069689,4270492,13206844,6,1,54816,0,1080,1920,1090,195,1384,489,86436,0.042,,
2069690,4270492,13206844,6,1,54840,0,1080,1920,1032,172,1384,525,124256,0.06,,
2069691,4270492,13206844,6,1,54864,0,1080,1920,469,261,891,683,178084,0.086,,
2069692,4270492,13206844,6,1,54888,0,1080,1920,469,261,891,683,178084,0.086,,
2069693,4270492,13206844,6,1,54912,0,1080,1920,426,261,849,683,178506,0.086,,
2069694,4270492,13206844,6,1,54936,0,1080,1920,1031,195,1324,489,86142,0.042,,
2069695,4270492,13206844,6,1,54960,0,1080,1920,426,303,849,726,178929,0.086,,
2069696,4270492,13206844,6,1,54984,0,1080,1920,426,303,849,726,178929,0.086,,
2069697,4270492,13206844,6,1,55008,0,1080,1920,426,303,849,726,178929,0.086,,
2069698,4270492,13206844,6,1,55032,0,1080,1920,426,303,849,726,178929,0.086,,
2069699,4270492,13206844,6,1,55056,0,1080,1920,469,261,891,683,178084,0.086,,
2069700,4270492,13206844,6,1,55080,0,1080,1920,426,261,849,683,178506,0.086,,
2069701,4270492,13206844,6,1,55104,0,1080,1920,426,218,849,640,178506,0.086,,
2069702,4270492,13206844,6,1,55128,0,1080,1920,426,261,849,683,178506,0.086,,
2069703,4270492,13206844,6,1,55152,0,1080,1920,997,172,1349,525,124256,0.06,,
2069704,4270492,13206844,6,1,55176,0,1080,1920,426,303,849,726,178929,0.086,,
2069705,4270492,13206844,6,1,55200,0,1080,1920,426,261,849,683,178506,0.086,,
2069706,4270492,13206844,6,1,55224,0,1080,1920,1061,195,1354,489,86142,0.042,,
2069707,4270492,13206844,6,1,55248,0,1080,1920,1061,166,1354,459,85849,0.041,,
2069708,4270492,13206844,6,1,55272,0,1080,1920,1061,166,1354,459,85849,0.041,,
2069709,4270492,13206844,6,1,55296,0,1080,1920,1031,195,1324,489,86142,0.042,,
2069710,4270492,13206844,6,1,55320,0,1080,1920,1061,195,1354,489,86142,0.042,,
2069711,4270492,13206844,6,1,55344,0,1080,1920,1031,195,1324,489,86142,0.042,,
2069712,4270492,13206844,6,1,55368,0,1080,1920,1001,166,1295,459,86142,0.042,,
2069713,4270492,13206844,6,1,55392,0,1080,1920,1001,195,1295,489,86436,0.042,,
2069714,4270492,13206844,6,1,55416,0,1080,1920,383,261,806,683,178506,0.086,,
2069715,4270492,13206844,6,1,55440,0,1080,1920,383,261,806,683,178506,0.086,,
2069716,4270492,13206844,6,1,55464,0,1080,1920,383,261,806,683,178506,0.086,,
2069717,4270492,13206844,6,1,55488,0,1080,1920,383,261,806,683,178506,0.086,,
2069718,4270492,13206844,6,1,55512,0,1080,1920,462,244,814,596,123904,0.06,,
2069719,4270492,13206844,6,1,55536,0,1080,1920,462,244,814,596,123904,0.06,,
2069720,4270492,13206844,6,1,55560,0,1080,1920,497,208,849,560,123904,0.06,,
2069721,4270492,13206844,6,1,55584,0,1080,1920,426,175,849,598,178929,0.086,,
2069722,4270492,13206844,6,1,55608,0,1080,1920,426,218,849,640,178506,0.086,,
2069723,4270492,13206844,6,1,55632,0,1080,1920,426,218,849,640,178506,0.086,,
2069724,4270492,13206844,6,1,55656,0,1080,1920,1031,166,1324,459,85849,0.041,,
2069725,4270492,13206844,6,1,55680,0,1080,1920,1001,166,1295,459,86142,0.042,,
2069726,4270492,13206844,6,1,55704,0,1080,1920,971,225,1265,519,86436,0.042,,
2069727,4270492,13206844,6,1,55728,0,1080,1920,997,244,1349,596,123904,0.06,,
2069728,4270492,13206844,6,1,55752,0,1080,1920,961,244,1313,596,123904,0.06,,
2069729,4270492,13206844,6,1,55776,0,1080,1920,997,244,1349,596,123904,0.06,,
2069730,4270492,13206844,6,1,55800,0,1080,1920,462,244,814,596,123904,0.06,,
2069731,4270492,13206844,6,1,55824,0,1080,1920,462,244,814,596,123904,0.06,,
2069732,4270492,13206844,6,1,55848,0,1080,1920,462,244,814,596,123904,0.06,,
2069733,4270492,13206844,6,1,55872,0,1080,1920,462,244,814,596,123904,0.06,,
2069734,4270492,13206844,6,1,55896,0,1080,1920,462,244,814,596,123904,0.06,,
2069735,4270492,13206844,6,1,55920,0,1080,1920,497,244,849,596,123904,0.06,,
2069736,4270492,13206844,6,1,55944,0,1080,1920,497,244,849,596,123904,0.06,,
2069737,4270492,13206844,6,1,55968,0,1080,1920,497,244,849,596,123904,0.06,,
2069738,4270492,13206844,6,1,55992,0,1080,1920,462,244,814,596,123904,0.06,,
2069739,4270492,13206844,6,1,56016,0,1080,1920,462,244,814,596,123904,0.06,,
2069740,4270492,13206844,6,1,56040,0,1080,1920,497,244,849,596,123904,0.06,,
2069741,4270492,13206844,6,1,56064,0,1080,1920,497,244,849,596,123904,0.06,,
2069742,4270492,13206844,6,1,56088,0,1080,1920,497,244,849,596,123904,0.06,,
2069743,4270492,13206844,6,1,56112,0,1080,1920,497,244,849,596,123904,0.06,,
2069744,4270492,13206844,6,1,56136,0,1080,1920,497,244,849,596,123904,0.06,,
2069745,4270492,13206844,6,1,56160,0,1080,1920,497,244,849,596,123904,0.06,,
2069746,4270492,13206844,6,1,56184,0,1080,1920,497,244,849,596,123904,0.06,,
2069747,4270492,13206844,6,1,56208,0,1080,1920,497,244,849,596,123904,0.06,,
2069748,4270492,13206844,6,1,56232,0,1080,1920,497,244,849,596,123904,0.06,,
2069749,4270492,13206844,6,1,56256,0,1080,1920,383,132,806,555,178929,0.086,,
2069750,4270492,13206844,6,1,56280,0,1080,1920,426,175,849,598,178929,0.086,,
2069751,4270492,13206844,6,1,56304,0,1080,1920,469,132,891,555,178506,0.086,,
2069752,4270492,13206844,6,1,56328,0,1080,1920,469,218,891,640,178084,0.086,,
2069753,4270492,13206844,6,1,56352,0,1080,1920,462,244,814,596,123904,0.06,,
2069754,4270492,13206844,6,1,56376,0,1080,1920,462,244,814,596,123904,0.06,,
2069755,4270492,13206844,6,1,56400,0,1080,1920,426,244,778,596,123904,0.06,,
2069756,4270492,13206844,6,1,56424,0,1080,1920,426,218,849,640,178506,0.086,,
2069757,4270492,13206844,6,1,56448,0,1080,1920,462,279,814,632,124256,0.06,,
2069758,4270492,13206844,6,1,56472,0,1080,1920,383,218,806,640,178506,0.086,,
2069759,4270492,13206844,6,1,56496,0,1080,1920,961,137,1313,489,123904,0.06,,
2069760,4270492,13206844,6,1,56520,0,1080,1920,783,172,1135,525,124256,0.06,,
2069761,4270492,13206844,6,1,56544,0,1080,1920,854,208,1206,560,123904,0.06,,
2069762,4270492,13206844,6,1,56568,0,1080,1920,1318,283,1460,425,20164,0.01,,
2069763,4270492,13206844,6,1,56592,0,1080,1920,1175,341,1317,482,20022,0.01,,
2069764,4270492,13206844,6,1,56616,0,1080,1920,888,164,1058,334,28900,0.014,,
2069765,4270492,13206844,6,1,56640,0,1080,1920,1123,312,1205,394,6724,0.003,,
2069766,4270492,13206844,6,1,56664,0,1080,1920,1123,312,1205,394,6724,0.003,,
2069767,4270492,13206844,6,1,56688,0,1080,1920,1123,312,1205,394,6724,0.003,,
2069768,4270492,13206844,6,1,56712,0,1080,1920,1123,312,1205,394,6724,0.003,,
2069769,4270492,13206844,6,1,56712,1,1080,1920,654,245,701,292,2209,0.001,,
2069770,4270492,13206844,6,1,56736,0,1080,1920,733,200,790,257,3249,0.002,,
2069771,4270492,13206844,6,1,56736,1,1080,1920,1123,312,1205,394,6724,0.003,,
2069772,4270492,13206844,6,1,56760,0,1080,1920,496,202,700,406,41616,0.02,,
2069773,4270492,13206844,6,1,56784,0,1080,1920,496,223,700,427,41616,0.02,,
2069774,4270492,13206844,6,1,56808,0,1080,1920,763,166,831,234,4624,0.002,,
2069775,4270492,13206844,6,1,56808,1,1080,1920,1123,320,1205,402,6724,0.003,,
2069776,4270492,13206844,6,1,56832,0,1080,1920,742,159,810,227,4624,0.002,,
2069777,4270492,13206844,6,1,56832,1,1080,1920,1123,303,1205,385,6724,0.003,,
2069778,4270492,13206844,6,1,56856,0,1080,1920,741,154,823,236,6724,0.003,,
2069779,4270492,13206844,6,1,56856,1,1080,1920,1115,303,1197,385,6724,0.003,,
2069780,4270492,13206844,6,1,56880,0,1080,1920,741,154,823,236,6724,0.003,,
2069781,4270492,13206844,6,1,56880,1,1080,1920,1115,303,1197,385,6724,0.003,,
2069782,4270492,13206844,6,1,56904,0,1080,1920,496,223,700,427,41616,0.02,,
2069783,4270492,13206844,6,1,56928,0,1080,1920,496,202,700,406,41616,0.02,,
2069784,4270492,13206844,6,1,56952,0,1080,1920,496,223,700,427,41616,0.02,,
2069785,4270492,13206844,6,1,56976,0,1080,1920,1104,172,1456,525,124256,0.06,,
2069786,4270492,13206844,6,1,57000,0,1080,1920,1032,172,1384,525,124256,0.06,,
2069787,4270492,13206844,6,1,57024,0,1080,1920,997,172,1349,525,124256,0.06,,
2069788,4270492,13206844,6,1,57048,0,1080,1920,961,172,1313,525,124256,0.06,,
2069789,4270492,13206844,6,1,57072,0,1080,1920,997,172,1349,525,124256,0.06,,
2069790,4270492,13206844,6,1,57096,0,1080,1920,1001,195,1295,489,86436,0.042,,
2069791,4270492,13206844,6,1,57120,0,1080,1920,997,137,1349,489,123904,0.06,,
2069792,4270492,13206844,6,1,57144,0,1080,1920,997,172,1349,525,124256,0.06,,
2069793,4270492,13206844,6,1,57168,0,1080,1920,1032,172,1384,525,124256,0.06,,
2069794,4270492,13206844,6,1,57192,0,1080,1920,1150,195,1443,489,86142,0.042,,
2069795,4270492,13206844,6,1,57216,0,1080,1920,1068,172,1420,525,124256,0.06,,
2069796,4270492,13206844,6,1,57240,0,1080,1920,1032,172,1384,525,124256,0.06,,
2069797,4270492,13206844,6,1,57264,0,1080,1920,1032,172,1384,525,124256,0.06,,
2069798,4270492,13206844,6,1,57288,0,1080,1920,390,208,742,560,123904,0.06,,
2069799,4270492,13206844,6,1,57312,0,1080,1920,390,208,742,560,123904,0.06,,
2069800,4270492,13206844,6,1,57336,0,1080,1920,426,208,778,560,123904,0.06,,
2069801,4270492,13206844,6,1,57360,0,1080,1920,426,208,778,560,123904,0.06,,
2069802,4270492,13206844,6,1,57384,0,1080,1920,426,208,778,560,123904,0.06,,
2069803,4270492,13206844,6,1,57408,0,1080,1920,383,175,806,598,178929,0.086,,
2069804,4270492,13206844,6,1,57432,0,1080,1920,390,244,742,596,123904,0.06,,
2069805,4270492,13206844,6,1,57456,0,1080,1920,383,175,806,598,178929,0.086,,
2069806,4270492,13206844,6,1,57480,0,1080,1920,383,218,806,640,178506,0.086,,
2069807,4270492,13206844,6,1,57504,0,1080,1920,383,175,806,598,178929,0.086,,
2069808,4270492,13206844,6,1,57528,0,1080,1920,383,175,806,598,178929,0.086,,
2069809,4270492,13206844,6,1,57552,0,1080,1920,426,172,778,525,124256,0.06,,
2069810,4270492,13206844,6,1,57576,0,1080,1920,426,208,778,560,123904,0.06,,
2069811,4270492,13206844,6,1,57600,0,1080,1920,1104,172,1456,525,124256,0.06,,
2069812,4270492,13206844,6,1,57624,0,1080,1920,925,172,1277,525,124256,0.06,,
2069813,4270492,13206844,6,1,57648,0,1080,1920,925,172,1277,525,124256,0.06,,
2069814,4270492,13206844,6,1,57672,0,1080,1920,554,175,977,598,178929,0.086,,
2069815,4270492,13206844,6,1,57696,0,1080,1920,554,218,977,640,178506,0.086,,
2069816,4270492,13206844,6,1,57720,0,1080,1920,597,218,1020,640,178506,0.086,,
2069817,4270492,13206844,6,1,57744,0,1080,1920,554,218,977,640,178506,0.086,,
2069818,4270492,13206844,6,1,57768,0,1080,1920,997,208,1349,560,123904,0.06,,
2069819,4270492,13206844,6,1,57792,0,1080,1920,997,208,1349,560,123904,0.06,,
2069820,4270492,13206844,6,1,57816,0,1080,1920,997,208,1349,560,123904,0.06,,
2069821,4270492,13206844,6,1,57840,0,1080,1920,997,208,1349,560,123904,0.06,,
2069822,4270492,13206844,6,1,57864,0,1080,1920,469,261,891,683,178084,0.086,,
2069823,4270492,13206844,6,1,57888,0,1080,1920,512,261,934,683,178084,0.086,,
2069824,4270492,13206844,6,1,57912,0,1080,1920,512,261,934,683,178084,0.086,,
2069825,4270492,13206844,6,1,57936,0,1080,1920,512,261,934,683,178084,0.086,,
2069826,4270492,13206844,6,1,57960,0,1080,1920,512,261,934,683,178084,0.086,,
2069827,4270492,13206844,6,1,57984,0,1080,1920,512,261,934,683,178084,0.086,,
2069828,4270492,13206844,6,1,58008,0,1080,1920,512,261,934,683,178084,0.086,,
2069829,4270492,13206844,6,1,58032,0,1080,1920,512,261,934,683,178084,0.086,,
2069830,4270492,13206844,6,1,58056,0,1080,1920,512,218,934,640,178084,0.086,,
2069831,4270492,13206844,6,1,58080,0,1080,1920,512,218,934,640,178084,0.086,,
2069832,4270492,13206844,6,1,58104,0,1080,1920,512,218,934,640,178084,0.086,,
2069833,4270492,13206844,6,1,58128,0,1080,1920,961,172,1313,525,124256,0.06,,
2069834,4270492,13206844,6,1,58152,0,1080,1920,961,172,1313,525,124256,0.06,,
2069835,4270492,13206844,6,1,58176,0,1080,1920,961,172,1313,525,124256,0.06,,
2069836,4270492,13206844,6,1,58200,0,1080,1920,890,172,1242,525,124256,0.06,,
2069837,4270492,13206844,6,1,58224,0,1080,1920,890,172,1242,525,124256,0.06,,
2069838,4270492,13206844,6,1,58248,0,1080,1920,1031,225,1324,519,86142,0.042,,
2069839,4270492,13206844,6,1,58272,0,1080,1920,997,172,1349,525,124256,0.06,,
2069840,4270492,13206844,6,1,58296,0,1080,1920,997,172,1349,525,124256,0.06,,
2069841,4270492,13206844,6,1,58320,0,1080,1920,512,261,934,683,178084,0.086,,
2069842,4270492,13206844,6,1,58344,0,1080,1920,512,261,934,683,178084,0.086,,
2069843,4270492,13206844,6,1,58368,0,1080,1920,512,261,934,683,178084,0.086,,
2069844,4270492,13206844,6,1,58392,0,1080,1920,512,261,934,683,178084,0.086,,
2069845,4270492,13206844,6,1,58416,0,1080,1920,512,261,934,683,178084,0.086,,
2069846,4270492,13206844,6,1,58440,0,1080,1920,512,303,934,726,178506,0.086,,
2069847,4270492,13206844,6,1,58464,0,1080,1920,469,261,891,683,178084,0.086,,
2069848,4270492,13206844,6,1,58488,0,1080,1920,469,261,891,683,178084,0.086,,
2069849,4270492,13206844,6,1,58512,0,1080,1920,469,261,891,683,178084,0.086,,
2069850,4270492,13206844,6,1,58536,0,1080,1920,469,261,891,683,178084,0.086,,
2069851,4270492,13206844,6,1,58560,0,1080,1920,469,261,891,683,178084,0.086,,
2069852,4270492,13206844,6,1,58584,0,1080,1920,512,218,934,640,178084,0.086,,
2069853,4270492,13206844,6,1,58608,0,1080,1920,554,218,977,640,178506,0.086,,
2069854,4270492,13206844,6,1,58632,0,1080,1920,554,218,977,640,178506,0.086,,
2069855,4270492,13206844,6,1,58656,0,1080,1920,512,218,934,640,178084,0.086,,
2069856,4270492,13206844,6,1,58680,0,1080,1920,469,261,891,683,178084,0.086,,
2069857,4270492,13206844,6,1,58704,0,1080,1920,469,261,891,683,178084,0.086,,
2069858,4270492,13206844,6,1,58728,0,1080,1920,961,208,1313,560,123904,0.06,,
2069859,4270492,13206844,6,1,58752,0,1080,1920,997,172,1349,525,124256,0.06,,
2069860,4270492,13206844,6,1,58776,0,1080,1920,997,172,1349,525,124256,0.06,,
2069861,4270492,13206844,6,1,58800,0,1080,1920,1031,195,1324,489,86142,0.042,,
2069862,4270492,13206844,6,1,58824,0,1080,1920,961,208,1313,560,123904,0.06,,
2069863,4270492,13206844,6,1,58848,0,1080,1920,961,244,1313,596,123904,0.06,,
2069864,4270492,13206844,6,1,58872,0,1080,1920,1001,225,1295,519,86436,0.042,,
2069865,4270492,13206844,6,1,58896,0,1080,1920,961,208,1313,560,123904,0.06,,
2069866,4270492,13206844,6,1,58920,0,1080,1920,961,208,1313,560,123904,0.06,,
2069867,4270492,13206844,6,1,58944,0,1080,1920,1031,225,1324,519,86142,0.042,,
2069868,4270492,13206844,6,1,58968,0,1080,1920,512,261,934,683,178084,0.086,,
2069869,4270492,13206844,6,1,58992,0,1080,1920,554,175,977,598,178929,0.086,,
2069870,4270492,13206844,6,1,59016,0,1080,1920,426,175,849,598,178929,0.086,,
2069871,4270492,13206844,6,1,59040,0,1080,1920,383,175,806,598,178929,0.086,,
2069872,4270492,13206844,6,1,59064,0,1080,1920,726,218,1148,640,178084,0.086,,
2069873,4270492,13206844,6,1,59088,0,1080,1920,469,132,891,555,178506,0.086,,
2069874,4270492,13206844,6,1,59112,0,1080,1920,1032,172,1384,525,124256,0.06,,
2069875,4270492,13206844,6,1,59136,0,1080,1920,1090,195,1384,489,86436,0.042,,
2069876,4270492,13206844,6,1,59160,0,1080,1920,469,175,891,598,178506,0.086,,
2069877,4270492,13206844,6,1,59184,0,1080,1920,469,175,891,598,178506,0.086,,
2069878,4270492,13206844,6,1,59208,0,1080,1920,469,175,891,598,178506,0.086,,
2069879,4270492,13206844,6,1,59232,0,1080,1920,469,175,891,598,178506,0.086,,
2069880,4270492,13206844,6,1,59256,0,1080,1920,469,175,891,598,178506,0.086,,
2069881,4270492,13206844,6,1,59280,0,1080,1920,469,175,891,598,178506,0.086,,
2069882,4270492,13206844,6,1,59304,0,1080,1920,469,175,891,598,178506,0.086,,
2069883,4270492,13206844,6,1,59328,0,1080,1920,469,175,891,598,178506,0.086,,
2069884,4270492,13206844,6,1,59352,0,1080,1920,1090,195,1384,489,86436,0.042,,
2069885,4270492,13206844,6,1,59376,0,1080,1920,1068,208,1420,560,123904,0.06,,
2069886,4270492,13206844,6,1,59400,0,1080,1920,1068,208,1420,560,123904,0.06,,
2069887,4270492,13206844,6,1,59424,0,1080,1920,555,136,849,429,86142,0.042,,
2069888,4270492,13206844,6,1,59448,0,1080,1920,583,156,828,401,60025,0.029,,
2069889,4270492,13206844,6,1,59472,0,1080,1920,555,136,849,429,86142,0.042,,
2069890,4270492,13206844,6,1,59496,0,1080,1920,555,166,849,459,86142,0.042,,
2069891,4270492,13206844,6,1,59520,0,1080,1920,555,195,849,489,86436,0.042,,
2069892,4270492,13206844,6,1,59544,0,1080,1920,1462,412,1603,554,20022,0.01,,
2069893,4270492,13206844,6,1,59544,1,1080,1920,1263,178,1362,276,9702,0.005,,
2069894,4270492,13206844,6,1,59568,0,1080,1920,1361,355,1503,497,20164,0.01,,
2069895,4270492,13206844,6,1,59592,0,1080,1920,1290,326,1431,468,20022,0.01,,
2069896,4270492,13206844,6,1,59592,1,1080,1920,1104,88,1202,186,9604,0.005,,
2069897,4270492,13206844,6,1,59616,0,1080,1920,1078,181,1323,426,60025,0.029,,
2069898,4270492,13206844,6,1,59640,0,1080,1920,1029,206,1273,450,59536,0.029,,
2069899,4270492,13206844,6,1,59664,0,1080,1920,1029,181,1273,426,59780,0.029,,
2069900,4270492,13206844,6,1,59688,0,1080,1920,338,168,436,266,9604,0.005,,
2069901,4270492,13206844,6,1,59712,0,1080,1920,606,158,705,256,9702,0.005,,
2069902,4270492,13206844,6,1,59736,0,1080,1920,535,136,653,254,13924,0.007,,
2069903,4270492,13206844,6,1,59784,0,1080,1920,547,160,665,278,13924,0.007,,
2069904,4270492,13206844,6,1,59808,0,1080,1920,1421,353,1591,523,28900,0.014,,
2069905,4270492,13206844,6,1,59808,1,1080,1920,946,169,1087,310,19881,0.01,,
2069906,4270492,13206844,6,1,59808,2,1080,1920,517,237,615,336,9702,0.005,,
2069907,4270492,13206844,6,1,59808,3,1080,1920,198,178,297,276,9702,0.005,,
2069908,4270492,13206844,6,1,59832,0,1080,1920,1696,450,1764,518,4624,0.002,,
2069909,4270492,13206844,6,1,59832,1,1080,1920,1004,338,1061,395,3249,0.002,,
2069910,4270492,13206844,6,1,59856,0,1080,1920,1689,450,1757,518,4624,0.002,,
2069911,4270492,13206844,6,1,59856,1,1080,1920,1226,318,1294,386,4624,0.002,,
2069912,4270492,13206844,6,1,59880,0,1080,1920,1696,450,1764,518,4624,0.002,,
2069913,4270492,13206844,6,1,59880,1,1080,1920,1343,304,1412,373,4761,0.002,,
2069914,4270492,13206844,6,1,59880,2,1080,1920,917,465,974,522,3249,0.002,,
2069915,4270492,13206844,6,1,59904,0,1080,1920,1326,132,1571,376,59780,0.029,,
2069916,4270492,13206844,6,1,59928,0,1080,1920,1128,132,1373,376,59780,0.029,,
2069917,4270492,13206844,6,1,59952,0,1080,1920,1301,107,1546,351,59780,0.029,,
2069918,4270492,13206844,6,1,59976,0,1080,1920,1260,99,1463,303,41412,0.02,,
2069919,4270492,13206844,6,1,60000,0,1080,1920,1301,140,1505,344,41616,0.02,,
2069920,4270492,13206844,6,1,60024,0,1080,1920,1252,132,1496,376,59536,0.029,,
2069921,4270492,13206844,6,1,60048,0,1080,1920,1370,353,1539,523,28730,0.014,,
2069922,4270492,13206844,6,1,60048,1,1080,1920,194,187,276,269,6724,0.003,,
2069923,4270492,13206844,6,1,60048,2,1080,1920,497,247,595,346,9702,0.005,,
2069924,4270492,13206844,6,1,60048,3,1080,1920,942,184,1060,302,13924,0.007,,
2069925,4270492,13206844,6,1,60072,0,1080,1920,1252,107,1496,351,59536,0.029,,
2069926,4270492,13206844,6,1,60096,0,1080,1920,1252,107,1496,351,59536,0.029,,
2069927,4270492,13206844,6,1,60120,0,1080,1920,1277,132,1521,376,59536,0.029,,
2069928,4270492,13206844,6,1,60144,0,1080,1920,1277,132,1521,376,59536,0.029,,
2069929,4270492,13206844,6,1,60168,0,1080,1920,1352,267,1522,437,28900,0.014,,
2069930,4270492,13206844,6,1,60168,1,1080,1920,608,107,852,351,59536,0.029,,
2069931,4270492,13206844,6,1,60192,0,1080,1920,1370,267,1539,437,28730,0.014,,
2069932,4270492,13206844,6,1,60192,1,1080,1920,657,132,902,376,59780,0.029,,
2069933,4270492,13206844,6,1,60216,0,1080,1920,1351,156,1595,401,59780,0.029,,
2069934,4270492,13206844,6,1,60240,0,1080,1920,1342,161,1546,365,41616,0.02,,
2069935,4270492,13206844,6,1,60264,0,1080,1920,1202,132,1447,376,59780,0.029,,
2069936,4270492,13206844,6,1,60288,0,1080,1920,1153,156,1397,401,59780,0.029,,
2069937,4270492,13206844,6,1,60312,0,1080,1920,1153,156,1397,401,59780,0.029,,
2069938,4270492,13206844,6,1,60336,0,1080,1920,1128,181,1373,426,60025,0.029,,
2069939,4270492,13206844,6,1,60360,0,1080,1920,1370,353,1539,523,28730,0.014,,
2069940,4270492,13206844,6,1,60360,1,1080,1920,202,187,284,269,6724,0.003,,
2069941,4270492,13206844,6,1,60360,2,1080,1920,517,254,599,335,6642,0.003,,
2069942,4270492,13206844,6,1,60360,3,1080,1920,930,196,1048,314,13924,0.007,,
2069943,4270492,13206844,6,1,60384,0,1080,1920,1352,353,1522,523,28900,0.014,,
2069944,4270492,13206844,6,1,60384,1,1080,1920,501,254,583,335,6642,0.003,,
2069945,4270492,13206844,6,1,60384,2,1080,1920,930,196,1048,314,13924,0.007,,
2069946,4270492,13206844,6,1,60384,3,1080,1920,202,187,284,269,6724,0.003,,
2069947,4270492,13206844,6,1,60408,0,1080,1920,1376,369,1517,511,20022,0.01,,
2069948,4270492,13206844,6,1,60408,1,1080,1920,509,254,591,335,6642,0.003,,
2069949,4270492,13206844,6,1,60408,2,1080,1920,930,196,1048,314,13924,0.007,,
2069950,4270492,13206844,6,1,60408,3,1080,1920,202,187,284,269,6724,0.003,,
2069951,4270492,13206844,6,1,60432,0,1080,1920,1128,156,1373,401,60025,0.029,,
2069952,4270492,13206844,6,1,60456,0,1080,1920,1153,132,1397,376,59536,0.029,,
2069953,4270492,13206844,6,1,60480,0,1080,1920,1153,156,1397,401,59780,0.029,,
2069954,4270492,13206844,6,1,60504,0,1080,1920,1178,132,1422,376,59536,0.029,,
2069955,4270492,13206844,6,1,60528,0,1080,1920,1178,132,1422,376,59536,0.029,,
2069956,4270492,13206844,6,1,60552,0,1080,1920,1376,355,1517,497,20022,0.01,,
2069957,4270492,13206844,6,1,60552,1,1080,1920,509,254,591,335,6642,0.003,,
2069958,4270492,13206844,6,1,60552,2,1080,1920,930,196,1048,314,13924,0.007,,
2069959,4270492,13206844,6,1,60552,3,1080,1920,202,187,284,269,6724,0.003,,
2069960,4270492,13206844,6,1,60576,0,1080,1920,509,254,591,335,6642,0.003,,
2069961,4270492,13206844,6,1,60576,1,1080,1920,1390,355,1532,497,20164,0.01,,
2069962,4270492,13206844,6,1,60576,2,1080,1920,930,196,1048,314,13924,0.007,,
2069963,4270492,13206844,6,1,60576,3,1080,1920,202,187,284,269,6724,0.003,,
2069964,4270492,13206844,6,1,60600,0,1080,1920,509,254,591,335,6642,0.003,,
2069965,4270492,13206844,6,1,60600,1,1080,1920,1390,355,1532,497,20164,0.01,,
2069966,4270492,13206844,6,1,60600,2,1080,1920,930,196,1048,314,13924,0.007,,
2069967,4270492,13206844,6,1,60600,3,1080,1920,202,187,284,269,6724,0.003,,
2069968,4270492,13206844,6,1,60624,0,1080,1920,657,206,902,450,59780,0.029,,
2069969,4270492,13206844,6,1,60624,1,1080,1920,1370,267,1539,437,28730,0.014,,
2069970,4270492,13206844,6,1,60648,0,1080,1920,1404,283,1546,425,20164,0.01,,
2069971,4270492,13206844,6,1,60648,1,1080,1920,806,355,1051,599,59780,0.029,,
2069972,4270492,13206844,6,1,60672,0,1080,1920,732,255,976,500,59780,0.029,,
2069973,4270492,13206844,6,1,60672,1,1080,1920,1490,283,1632,425,20164,0.01,,
2069974,4270492,13206844,6,1,60696,0,1080,1920,1628,250,1797,420,28730,0.014,,
2069975,4270492,13206844,6,1,60696,1,1080,1920,781,305,1026,550,60025,0.029,,
2069976,4270492,13206844,6,1,60720,0,1080,1920,1031,166,1324,459,85849,0.041,,
2069977,4270492,13206844,6,1,60744,0,1080,1920,971,136,1265,429,86142,0.042,,
2069978,4270492,13206844,6,1,60768,0,1080,1920,942,136,1235,429,85849,0.041,,
2069979,4270492,13206844,6,1,60792,0,1080,1920,1103,206,1348,450,59780,0.029,,
2069980,4270492,13206844,6,1,60816,0,1080,1920,542,245,624,327,6724,0.003,,
2069981,4270492,13206844,6,1,60816,1,1080,1920,1438,370,1608,540,28900,0.014,,
2069982,4270492,13206844,6,1,60816,2,1080,1920,903,197,1044,339,20022,0.01,,
2069983,4270492,13206844,6,1,60816,3,1080,1920,219,187,301,269,6724,0.003,,
2069984,4270492,13206844,6,1,60816,4,1080,1920,1496,65,1848,418,124256,0.06,,
2069985,4270492,13206844,6,1,60840,0,1080,1920,1447,384,1589,525,20022,0.01,,
2069986,4270492,13206844,6,1,60840,1,1080,1920,542,245,624,327,6724,0.003,,
2069987,4270492,13206844,6,1,60840,2,1080,1920,219,187,301,269,6724,0.003,,
2069988,4270492,13206844,6,1,60840,3,1080,1920,903,197,1044,339,20022,0.01,,
2069989,4270492,13206844,6,1,60864,0,1080,1920,991,161,1195,365,41616,0.02,,
2069990,4270492,13206844,6,1,60912,0,1080,1920,903,154,1044,296,20022,0.01,,
2069991,4270492,13206844,6,1,60936,0,1080,1920,1103,83,1245,224,20022,0.01,,
2069992,4270492,13206844,6,1,60960,0,1080,1920,1247,68,1388,210,20022,0.01,,
2069993,4270492,13206844,6,1,60984,0,1080,1920,854,172,1206,525,124256,0.06,,
2069994,4270492,13206844,6,1,60984,1,1080,1920,544,164,714,334,28900,0.014,,
2069995,4270492,13206844,6,1,61008,0,1080,1920,890,172,1242,525,124256,0.06,,
2069996,4270492,13206844,6,1,61008,1,1080,1920,561,198,731,368,28900,0.014,,
2069997,4270492,13206844,6,1,61032,0,1080,1920,890,172,1242,525,124256,0.06,,
2069998,4270492,13206844,6,1,61032,1,1080,1920,561,198,731,368,28900,0.014,,
2069999,4270492,13206844,6,1,61056,0,1080,1920,544,181,714,351,28900,0.014,,
2070000,4270492,13206844,6,1,61080,0,1080,1920,578,198,748,368,28900,0.014,,
2070001,4270492,13206844,6,1,61080,1,1080,1920,912,195,1205,489,86142,0.042,,
2070002,4270492,13206844,6,1,61104,0,1080,1920,561,164,731,334,28900,0.014,,
2070003,4270492,13206844,6,1,61104,1,1080,1920,912,195,1205,489,86142,0.042,,
2070004,4270492,13206844,6,1,61128,0,1080,1920,1161,83,1302,224,19881,0.01,,
2070005,4270492,13206844,6,1,61152,0,1080,1920,1161,83,1302,224,19881,0.01,,
2070006,4270492,13206844,6,1,61176,0,1080,1920,1175,83,1317,224,20022,0.01,,
2070007,4270492,13206844,6,1,61200,0,1080,1920,1175,68,1317,210,20164,0.01,,
2070008,4270492,13206844,6,1,61224,0,1080,1920,1169,100,1286,218,13806,0.007,,
2070009,4270492,13206844,6,1,61248,0,1080,1920,1192,112,1310,230,13924,0.007,,
2070010,4270492,13206844,6,1,61272,0,1080,1920,870,136,988,254,13924,0.007,,
2070011,4270492,13206844,6,1,61296,0,1080,1920,1620,415,1688,483,4624,0.002,,
2070012,4270492,13206844,6,1,61296,1,1080,1920,803,379,850,426,2209,0.001,,
2070013,4270492,13206844,6,1,61296,2,1080,1920,175,201,243,269,4624,0.002,,
2070014,4270492,13206844,6,1,61296,3,1080,1920,572,361,629,418,3249,0.002,,
2070015,4270492,13206844,6,1,61296,4,1080,1920,915,426,1013,525,9702,0.005,,
2070016,4270492,13206844,6,1,61296,5,1080,1920,1309,387,1377,456,4692,0.002,,
2070017,4270492,13206844,6,1,61320,0,1080,1920,874,453,956,535,6724,0.003,,
2070018,4270492,13206844,6,1,61320,1,1080,1920,1537,215,1605,283,4624,0.002,,
2070019,4270492,13206844,6,1,61320,2,1080,1920,740,384,788,431,2256,0.001,,
2070020,4270492,13206844,6,1,61320,3,1080,1920,119,212,201,294,6724,0.003,,
2070021,4270492,13206844,6,1,61320,4,1080,1920,514,367,582,435,4624,0.002,,
2070022,4270492,13206844,6,1,61344,0,1080,1920,1770,270,1852,352,6724,0.003,,
2070023,4270492,13206844,6,1,61344,1,1080,1920,92,235,160,303,4624,0.002,,
2070024,4270492,13206844,6,1,61344,2,1080,1920,479,394,548,462,4692,0.002,,
2070025,4270492,13206844,6,1,61344,3,1080,1920,1353,188,1451,286,9604,0.005,,
2070026,4270492,13206844,6,1,61344,4,1080,1920,874,469,956,551,6724,0.003,,
2070027,4270492,13206844,6,1,61368,0,1080,1920,1562,237,1660,336,9702,0.005,,
2070028,4270492,13206844,6,1,61368,1,1080,1920,960,97,1102,239,20164,0.01,,
2070029,4270492,13206844,6,1,61368,2,1080,1920,86,229,168,311,6724,0.003,,
2070030,4270492,13206844,6,1,61368,3,1080,1920,491,396,548,453,3249,0.002,,
2070031,4270492,13206844,6,1,61368,4,1080,1920,686,456,784,555,9702,0.005,,
2070032,4270492,13206844,6,1,61392,0,1080,1920,265,221,333,290,4692,0.002,,
2070033,4270492,13206844,6,1,61392,1,1080,1920,1513,444,1595,526,6724,0.003,,
2070034,4270492,13206844,6,1,61392,2,1080,1920,635,384,692,441,3249,0.002,,
2070035,4270492,13206844,6,1,61392,3,1080,1920,1004,8,1249,252,59780,0.029,,
2070036,4270492,13206844,6,1,61392,4,1080,1920,1288,231,1406,349,13924,0.007,,
2070037,4270492,13206844,6,1,61416,0,1080,1920,860,212,1001,353,19881,0.01,,
2070038,4270492,13206844,6,1,61416,1,1080,1920,106,284,174,352,4624,0.002,,
2070039,4270492,13206844,6,1,61416,2,1080,1920,403,215,471,283,4624,0.002,,
2070040,4270492,13206844,6,1,61416,3,1080,1920,1811,257,1909,356,9702,0.005,,
2070041,4270492,13206844,6,1,61416,4,1080,1920,1053,202,1257,406,41616,0.02,,
2070042,4270492,13206844,6,1,61440,0,1080,1920,426,187,508,269,6724,0.003,,
2070043,4270492,13206844,6,1,61440,1,1080,1920,178,257,277,356,9801,0.005,,
2070044,4270492,13206844,6,1,61440,2,1080,1920,950,202,1154,406,41616,0.02,,
2070045,4270492,13206844,6,1,61464,0,1080,1920,601,177,658,234,3249,0.002,,
2070046,4270492,13206844,6,1,61464,1,1080,1920,440,279,558,397,13924,0.007,,
2070047,4270492,13206844,6,1,61488,0,1080,1920,459,204,541,286,6724,0.003,,
2070048,4270492,13206844,6,1,61488,1,1080,1920,583,159,651,227,4624,0.002,,
2070049,4270492,13206844,6,1,61488,2,1080,1920,1318,315,1670,667,123904,0.06,,
2070050,4270492,13206844,6,1,61512,0,1080,1920,434,229,516,311,6724,0.003,,
2070051,4270492,13206844,6,1,61512,1,1080,1920,625,154,707,236,6724,0.003,,
2070052,4270492,13206844,6,1,61536,0,1080,1920,666,168,764,266,9604,0.005,,
2070053,4270492,13206844,6,1,61536,1,1080,1920,407,188,506,286,9702,0.005,,
2070054,4270492,13206844,6,1,61560,0,1080,1920,620,140,824,344,41616,0.02,,
2070055,4270492,13206844,6,1,61584,0,1080,1920,620,140,824,344,41616,0.02,,
2070056,4270492,13206844,6,1,61608,0,1080,1920,596,147,766,317,28900,0.014,,
2070057,4270492,13206844,6,1,61632,0,1080,1920,1023,187,1105,269,6724,0.003,,
2070058,4270492,13206844,6,1,61632,1,1080,1920,725,312,807,394,6724,0.003,,
2070059,4270492,13206844,6,1,61632,2,1080,1920,1779,138,1847,207,4692,0.002,,
2070060,4270492,13206844,6,1,61632,3,1080,1920,134,166,202,234,4624,0.002,,
2070061,4270492,13206844,6,1,61656,0,1080,1920,1032,187,1114,269,6724,0.003,,
2070062,4270492,13206844,6,1,61656,1,1080,1920,725,312,807,394,6724,0.003,,
2070063,4270492,13206844,6,1,61656,2,1080,1920,1779,138,1847,207,4692,0.002,,
2070064,4270492,13206844,6,1,61680,0,1080,1920,134,173,202,241,4624,0.002,,
2070065,4270492,13206844,6,1,61680,1,1080,1920,1786,145,1854,214,4692,0.002,,
2070066,4270492,13206844,6,1,61680,2,1080,1920,725,303,807,385,6724,0.003,,
2070067,4270492,13206844,6,1,61680,3,1080,1920,65,183,122,240,3249,0.002,,
2070068,4270492,13206844,6,1,61680,4,1080,1920,1032,180,1100,248,4624,0.002,,
2070069,4270492,13206844,6,1,61704,0,1080,1920,599,120,803,324,41616,0.02,,
2070070,4270492,13206844,6,1,61728,0,1080,1920,537,120,741,324,41616,0.02,,
2070071,4270492,13206844,6,1,61752,0,1080,1920,620,120,824,324,41616,0.02,,
2070072,4270492,13206844,6,1,61848,0,1080,1920,640,99,844,303,41616,0.02,,
2070073,4270492,13206844,6,1,61872,0,1080,1920,640,120,844,324,41616,0.02,,
2070074,4270492,13206844,6,1,61896,0,1080,1920,620,99,824,303,41616,0.02,,
2070075,4270492,13206844,6,1,61920,0,1080,1920,413,120,617,324,41616,0.02,,
2070076,4270492,13206844,6,1,61944,0,1080,1920,558,99,762,303,41616,0.02,,
2070077,4270492,13206844,6,1,61968,0,1080,1920,845,240,987,382,20164,0.01,,
2070078,4270492,13206844,6,1,61968,1,1080,1920,1232,250,1402,420,28900,0.014,,
2070079,4270492,13206844,6,1,61992,0,1080,1920,831,240,973,382,20164,0.01,,
2070080,4270492,13206844,6,1,61992,1,1080,1920,1215,250,1385,420,28900,0.014,,
2070081,4270492,13206844,6,1,61992,2,1080,1920,524,363,641,481,13806,0.007,,
2070082,4270492,13206844,6,1,61992,3,1080,1920,1490,269,1632,411,20164,0.01,,
2070083,4270492,13206844,6,1,62016,0,1080,1920,831,226,973,368,20164,0.01,,
2070084,4270492,13206844,6,1,62016,1,1080,1920,1476,255,1618,396,20022,0.01,,
2070085,4270492,13206844,6,1,62016,2,1080,1920,512,351,630,469,13924,0.007,,
2070086,4270492,13206844,6,1,62016,3,1080,1920,1180,233,1350,403,28900,0.014,,
2070087,4270492,13206844,6,1,62040,0,1080,1920,817,212,958,353,19881,0.01,,
2070088,4270492,13206844,6,1,62040,1,1080,1920,512,339,630,457,13924,0.007,,
2070089,4270492,13206844,6,1,62040,2,1080,1920,1490,240,1632,382,20164,0.01,,
2070090,4270492,13206844,6,1,62040,3,1080,1920,1180,216,1350,385,28730,0.014,,
2070091,4270492,13206844,6,1,62064,0,1080,1920,1599,242,1667,310,4624,0.002,,
2070092,4270492,13206844,6,1,62064,1,1080,1920,935,128,1033,226,9604,0.005,,
2070093,4270492,13206844,6,1,62064,2,1080,1920,1293,168,1391,266,9604,0.005,,
2070094,4270492,13206844,6,1,62064,3,1080,1920,658,129,740,211,6724,0.003,,
2070095,4270492,13206844,6,1,62088,0,1080,1920,1599,242,1667,310,4624,0.002,,
2070096,4270492,13206844,6,1,62088,1,1080,1920,955,138,1053,236,9604,0.005,,
2070097,4270492,13206844,6,1,62088,2,1080,1920,1288,160,1406,278,13924,0.007,,
2070098,4270492,13206844,6,1,62088,3,1080,1920,609,121,691,203,6724,0.003,,
2070099,4270492,13206844,6,1,62112,0,1080,1920,620,99,824,303,41616,0.02,,
2070100,4270492,13206844,6,1,62136,0,1080,1920,599,140,803,344,41616,0.02,,
2070101,4270492,13206844,6,1,62160,0,1080,1920,599,120,803,324,41616,0.02,,
2070102,4270492,13206844,6,1,62184,0,1080,1920,640,99,844,303,41616,0.02,,
2070103,4270492,13206844,6,1,62208,0,1080,1920,599,120,803,324,41616,0.02,,
2070104,4270492,13206844,6,1,62232,0,1080,1920,599,99,803,303,41616,0.02,,
2070105,4270492,13206844,6,1,62256,0,1080,1920,596,112,766,282,28900,0.014,,
2070106,4270492,13206844,6,1,62280,0,1080,1920,558,99,762,303,41616,0.02,,
2070107,4270492,13206844,6,1,62304,0,1080,1920,558,120,762,324,41616,0.02,,
2070108,4270492,13206844,6,1,62328,0,1080,1920,517,120,720,324,41412,0.02,,
2070109,4270492,13206844,6,1,62352,0,1080,1920,517,120,720,324,41412,0.02,,
2070110,4270492,13206844,6,1,62376,0,1080,1920,888,126,1030,267,20022,0.01,,
2070111,4270492,13206844,6,1,62376,1,1080,1920,1043,130,1213,299,28730,0.014,,
2070112,4270492,13206844,6,1,62400,0,1080,1920,537,182,741,385,41412,0.02,,
2070113,4270492,13206844,6,1,62424,0,1080,1920,509,156,753,401,59780,0.029,,
2070114,4270492,13206844,6,1,62448,0,1080,1920,578,120,782,324,41616,0.02,,
2070115,4270492,13206844,6,1,62472,0,1080,1920,1548,355,1689,497,20022,0.01,,
2070116,4270492,13206844,6,1,62472,1,1080,1920,733,164,903,334,28900,0.014,,
2070117,4270492,13206844,6,1,62472,2,1080,1920,1266,198,1436,368,28900,0.014,,
2070118,4270492,13206844,6,1,62496,0,1080,1920,1519,355,1661,497,20164,0.01,,
2070119,4270492,13206844,6,1,62496,1,1080,1920,699,181,869,351,28900,0.014,,
2070120,4270492,13206844,6,1,62496,2,1080,1920,1239,182,1443,385,41412,0.02,,
2070121,4270492,13206844,6,1,62520,0,1080,1920,309,148,426,266,13806,0.007,,
2070122,4270492,13206844,6,1,62520,1,1080,1920,1304,169,1446,310,20022,0.01,,
2070123,4270492,13206844,6,1,62520,2,1080,1920,849,237,931,319,6724,0.003,,
2070124,4270492,13206844,6,1,62544,0,1080,1920,841,237,923,319,6724,0.003,,
2070125,4270492,13206844,6,1,62544,1,1080,1920,309,148,426,266,13806,0.007,,
2070126,4270492,13206844,6,1,62544,2,1080,1920,1304,169,1446,310,20022,0.01,,
2070127,4270492,13206844,6,1,62568,0,1080,1920,907,295,989,377,6724,0.003,,
2070128,4270492,13206844,6,1,62568,1,1080,1920,362,152,430,221,4692,0.002,,
2070129,4270492,13206844,6,1,62568,2,1080,1920,267,166,323,222,3136,0.002,,
2070130,4270492,13206844,6,1,62568,3,1080,1920,1177,152,1246,221,4761,0.002,,
2070131,4270492,13206844,6,1,62592,0,1080,1920,355,152,423,221,4692,0.002,,
2070132,4270492,13206844,6,1,62592,1,1080,1920,907,295,989,377,6724,0.003,,
2070133,4270492,13206844,6,1,62592,2,1080,1920,261,166,318,222,3192,0.002,,
2070134,4270492,13206844,6,1,62592,3,1080,1920,1131,146,1213,228,6724,0.003,,
2070135,4270492,13206844,6,1,62616,0,1080,1920,644,195,938,489,86436,0.042,,
2070136,4270492,13206844,6,1,62640,0,1080,1920,527,78,697,248,28900,0.014,,
2070137,4270492,13206844,6,1,62664,0,1080,1920,578,78,748,248,28900,0.014,,
2070138,4270492,13206844,6,1,62688,0,1080,1920,544,78,714,248,28900,0.014,,
2070139,4270492,13206844,6,1,62712,0,1080,1920,544,78,714,248,28900,0.014,,
2070140,4270492,13206844,6,1,62832,0,1080,1920,922,130,1092,299,28730,0.014,,
2070141,4270492,13206844,6,1,62832,1,1080,1920,1333,426,1431,525,9702,0.005,,
2070142,4270492,13206844,6,1,62856,0,1080,1920,1575,375,1693,493,13924,0.007,,
2070143,4270492,13206844,6,1,62856,1,1080,1920,774,140,915,282,20022,0.01,,
2070144,4270492,13206844,6,1,62856,2,1080,1920,1301,198,1471,368,28900,0.014,,
2070145,4270492,13206844,6,1,62856,3,1080,1920,530,154,672,296,20164,0.01,,
2070146,4270492,13206844,6,1,62880,0,1080,1920,1562,369,1704,511,20164,0.01,,
2070147,4270492,13206844,6,1,62880,1,1080,1920,750,130,920,299,28730,0.014,,
2070148,4270492,13206844,6,1,62880,2,1080,1920,1260,202,1463,406,41412,0.02,,
2070149,4270492,13206844,6,1,62904,0,1080,1920,1542,336,1711,506,28730,0.014,,
2070150,4270492,13206844,6,1,62904,1,1080,1920,768,112,938,282,28900,0.014,,
2070151,4270492,13206844,6,1,62904,2,1080,1920,1239,182,1443,385,41412,0.02,,
2070152,4270492,13206844,6,1,62904,3,1080,1920,530,154,672,296,20164,0.01,,
2070153,4270492,13206844,6,1,62928,0,1080,1920,1548,355,1689,497,20022,0.01,,
2070154,4270492,13206844,6,1,62928,1,1080,1920,768,112,938,282,28900,0.014,,
2070155,4270492,13206844,6,1,62928,2,1080,1920,1232,216,1402,385,28730,0.014,,
2070156,4270492,13206844,6,1,62928,3,1080,1920,516,154,657,296,20022,0.01,,
2070157,4270492,13206844,6,1,62952,0,1080,1920,1218,223,1422,427,41616,0.02,,
2070158,4270492,13206844,6,1,62952,1,1080,1920,768,112,938,282,28900,0.014,,
2070159,4270492,13206844,6,1,62952,2,1080,1920,1559,336,1729,506,28900,0.014,,
2070160,4270492,13206844,6,1,62952,3,1080,1920,516,169,657,310,19881,0.01,,
2070161,4270492,13206844,6,1,62976,0,1080,1920,1239,223,1443,427,41616,0.02,,
2070162,4270492,13206844,6,1,62976,1,1080,1920,768,112,938,282,28900,0.014,,
2070163,4270492,13206844,6,1,62976,2,1080,1920,1576,341,1718,482,20022,0.01,,
2070164,4270492,13206844,6,1,62976,3,1080,1920,516,169,657,310,19881,0.01,,
2070165,4270492,13206844,6,1,63000,0,1080,1920,836,130,1006,299,28730,0.014,,
2070166,4270492,13206844,6,1,63000,1,1080,1920,1054,168,1153,266,9702,0.005,,
2070167,4270492,13206844,6,1,63024,0,1080,1920,561,130,731,299,28730,0.014,,
2070168,4270492,13206844,6,1,63024,1,1080,1920,1044,168,1143,266,9702,0.005,,
2070169,4270492,13206844,6,1,63048,0,1080,1920,492,130,662,299,28730,0.014,,
2070170,4270492,13206844,6,1,63048,1,1080,1920,1044,168,1143,266,9702,0.005,,
2070171,4270492,13206844,6,1,63072,0,1080,1920,561,130,731,299,28730,0.014,,
2070172,4270492,13206844,6,1,63072,1,1080,1920,1044,168,1143,266,9702,0.005,,
2070173,4270492,13206844,6,1,63096,0,1080,1920,723,120,927,324,41616,0.02,,
2070174,4270492,13206844,6,1,63096,1,1080,1920,1044,178,1143,276,9702,0.005,,
2070175,4270492,13206844,6,1,63120,0,1080,1920,599,120,803,324,41616,0.02,,
2070176,4270492,13206844,6,1,63120,1,1080,1920,1054,178,1153,276,9702,0.005,,
2070177,4270492,13206844,6,1,63144,0,1080,1920,664,130,834,299,28730,0.014,,
2070178,4270492,13206844,6,1,63144,1,1080,1920,1054,178,1153,276,9702,0.005,,
2070179,4270492,13206844,6,1,63168,0,1080,1920,315,111,457,253,20164,0.01,,
2070180,4270492,13206844,6,1,63168,1,1080,1920,1075,298,1216,439,19881,0.01,,
2070181,4270492,13206844,6,1,63168,2,1080,1920,733,181,903,351,28900,0.014,,
2070182,4270492,13206844,6,1,63168,3,1080,1920,1505,197,1646,339,20022,0.01,,
2070183,4270492,13206844,6,1,63168,4,1080,1920,201,88,319,206,13924,0.007,,
2070184,4270492,13206844,6,1,63192,0,1080,1920,1075,283,1216,425,20022,0.01,,
2070185,4270492,13206844,6,1,63192,1,1080,1920,315,111,457,253,20164,0.01,,
2070186,4270492,13206844,6,1,63192,2,1080,1920,1505,197,1646,339,20022,0.01,,
2070187,4270492,13206844,6,1,63192,3,1080,1920,750,181,920,351,28900,0.014,,
2070188,4270492,13206844,6,1,63192,4,1080,1920,213,88,331,206,13924,0.007,,
2070189,4270492,13206844,6,1,63216,0,1080,1920,874,262,956,344,6724,0.003,,
2070190,4270492,13206844,6,1,63216,1,1080,1920,208,68,307,166,9702,0.005,,
2070191,4270492,13206844,6,1,63216,2,1080,1920,1189,104,1271,186,6724,0.003,,
2070192,4270492,13206844,6,1,63216,3,1080,1920,127,104,195,172,4624,0.002,,
2070193,4270492,13206844,6,1,63240,0,1080,1920,235,79,317,161,6724,0.003,,
2070194,4270492,13206844,6,1,63240,1,1080,1920,1239,104,1321,186,6724,0.003,,
2070195,4270492,13206844,6,1,63240,2,1080,1920,915,257,1013,356,9702,0.005,,
2070196,4270492,13206844,6,1,63240,3,1080,1920,168,104,236,172,4624,0.002,,
2070197,4270492,13206844,6,1,63264,0,1080,1920,957,270,1039,352,6724,0.003,,
2070198,4270492,13206844,6,1,63264,1,1080,1920,269,88,351,170,6724,0.003,,
2070199,4270492,13206844,6,1,63264,2,1080,1920,1281,104,1362,186,6642,0.003,,
2070200,4270492,13206844,6,1,63264,3,1080,1920,203,111,271,179,4624,0.002,,
2070201,4270492,13206844,6,1,63288,0,1080,1920,750,130,920,299,28730,0.014,,
2070202,4270492,13206844,6,1,63288,1,1080,1920,1054,178,1153,276,9702,0.005,,
2070203,4270492,13206844,6,1,63312,0,1080,1920,764,120,968,324,41616,0.02,,
2070204,4270492,13206844,6,1,63312,1,1080,1920,1054,178,1153,276,9702,0.005,,
2070205,4270492,13206844,6,1,63336,0,1080,1920,768,130,938,299,28730,0.014,,
2070206,4270492,13206844,6,1,63336,1,1080,1920,1054,178,1153,276,9702,0.005,,
2070207,4270492,13206844,6,1,63360,0,1080,1920,802,147,972,317,28900,0.014,,
2070208,4270492,13206844,6,1,63360,1,1080,1920,1054,188,1153,286,9702,0.005,,
2070209,4270492,13206844,6,1,63384,0,1080,1920,744,120,947,324,41412,0.02,,
2070210,4270492,13206844,6,1,63384,1,1080,1920,1044,188,1143,286,9702,0.005,,
2070211,4270492,13206844,6,1,63408,0,1080,1920,1304,54,1446,196,20164,0.01,,
2070212,4270492,13206844,6,1,63432,0,1080,1920,561,250,731,420,28900,0.014,,
2070213,4270492,13206844,6,1,63432,1,1080,1920,1175,54,1317,196,20164,0.01,,
2070214,4270492,13206844,6,1,63432,2,1080,1920,186,126,328,267,20022,0.01,,
2070215,4270492,13206844,6,1,63456,0,1080,1920,497,137,849,489,123904,0.06,,
2070216,4270492,13206844,6,1,63480,0,1080,1920,1150,225,1443,519,86142,0.042,,
2070217,4270492,13206844,6,1,63504,0,1080,1920,1104,172,1456,525,124256,0.06,,
2070218,4270492,13206844,6,1,63528,0,1080,1920,497,137,849,489,123904,0.06,,
2070219,4270492,13206844,6,1,63552,0,1080,1920,497,137,849,489,123904,0.06,,
2070220,4270492,13206844,6,1,63576,0,1080,1920,1150,195,1443,489,86142,0.042,,
2070221,4270492,13206844,6,1,63600,0,1080,1920,1150,195,1443,489,86142,0.042,,
2070222,4270492,13206844,6,1,63624,0,1080,1920,640,137,992,489,123904,0.06,,
2070223,4270492,13206844,6,1,63648,0,1080,1920,676,137,1028,489,123904,0.06,,
2070224,4270492,13206844,6,1,63672,0,1080,1920,745,111,887,253,20164,0.01,,
2070225,4270492,13206844,6,1,63672,1,1080,1920,16,208,84,276,4624,0.002,,
2070226,4270492,13206844,6,1,63696,0,1080,1920,802,111,944,253,20164,0.01,,
2070227,4270492,13206844,6,1,63696,1,1080,1920,16,201,84,269,4624,0.002,,
2070228,4270492,13206844,6,1,63720,0,1080,1920,630,95,800,265,28900,0.014,,
2070229,4270492,13206844,6,1,63720,1,1080,1920,16,208,84,276,4624,0.002,,
2070230,4270492,13206844,6,1,63744,0,1080,1920,458,130,628,299,28730,0.014,,
2070231,4270492,13206844,6,1,63744,1,1080,1920,16,208,84,276,4624,0.002,,
2070232,4270492,13206844,6,1,63768,0,1080,1920,640,120,844,324,41616,0.02,,
2070233,4270492,13206844,6,1,63768,1,1080,1920,2,215,71,283,4692,0.002,,
2070234,4270492,13206844,6,1,63792,0,1080,1920,372,120,576,324,41616,0.02,,
2070235,4270492,13206844,6,1,63816,0,1080,1920,682,107,927,351,59780,0.029,,
2070236,4270492,13206844,6,1,63840,0,1080,1920,462,101,814,453,123904,0.06,,
2070237,4270492,13206844,6,1,63864,0,1080,1920,640,101,992,453,123904,0.06,,
2070238,4270492,13206844,6,1,63888,0,1080,1920,971,255,1265,548,86142,0.042,,
2070239,4270492,13206844,6,1,63912,0,1080,1920,1153,156,1397,401,59780,0.029,,
2070240,4270492,13206844,6,1,63936,0,1080,1920,298,218,720,640,178084,0.086,,
2070241,4270492,13206844,6,1,63960,0,1080,1920,466,493,760,786,86142,0.042,,
2070242,4270492,13206844,6,1,63960,1,1080,1920,676,208,1028,560,123904,0.06,,
2070243,4270492,13206844,6,1,63984,0,1080,1920,512,175,934,598,178506,0.086,,
2070244,4270492,13206844,6,1,64008,0,1080,1920,526,136,819,429,85849,0.041,,
2070245,4270492,13206844,6,1,64032,0,1080,1920,674,136,968,429,86142,0.042,,
2070246,4270492,13206844,6,1,64056,0,1080,1920,644,166,938,459,86142,0.042,,
2070247,4270492,13206844,6,1,64080,0,1080,1920,604,137,956,489,123904,0.06,,
2070248,4270492,13206844,6,1,64104,0,1080,1920,644,166,938,459,86142,0.042,,
2070249,4270492,13206844,6,1,64128,0,1080,1920,711,137,1063,489,123904,0.06,,
2070250,4270492,13206844,6,1,64152,0,1080,1920,387,188,486,286,9702,0.005,,
2070251,4270492,13206844,6,1,64152,1,1080,1920,1467,196,1585,314,13924,0.007,,
2070252,4270492,13206844,6,1,64152,2,1080,1920,858,375,976,493,13924,0.007,,
2070253,4270492,13206844,6,1,64152,3,1080,1920,562,208,630,276,4624,0.002,,
2070254,4270492,13206844,6,1,64176,0,1080,1920,1482,208,1581,306,9702,0.005,,
2070255,4270492,13206844,6,1,64176,1,1080,1920,397,198,496,296,9702,0.005,,
2070256,4270492,13206844,6,1,64176,2,1080,1920,562,201,630,269,4624,0.002,,
2070257,4270492,13206844,6,1,64176,3,1080,1920,860,384,1001,525,19881,0.01,,
2070258,4270492,13206844,6,1,64200,0,1080,1920,1482,208,1581,306,9702,0.005,,
2070259,4270492,13206844,6,1,64200,1,1080,1920,906,423,1024,540,13806,0.007,,
2070260,4270492,13206844,6,1,64200,2,1080,1920,562,208,630,276,4624,0.002,,
2070261,4270492,13206844,6,1,64200,3,1080,1920,407,198,506,296,9702,0.005,,
2070262,4270492,13206844,6,1,64224,0,1080,1920,906,423,1024,540,13806,0.007,,
2070263,4270492,13206844,6,1,64224,1,1080,1920,1491,196,1609,314,13924,0.007,,
2070264,4270492,13206844,6,1,64224,2,1080,1920,407,198,506,296,9702,0.005,,
2070265,4270492,13206844,6,1,64224,3,1080,1920,562,208,630,276,4624,0.002,,
2070266,4270492,13206844,6,1,64248,0,1080,1920,946,312,1087,454,20022,0.01,,
2070267,4270492,13206844,6,1,64248,1,1080,1920,200,112,370,282,28900,0.014,,
2070268,4270492,13206844,6,1,64248,2,1080,1920,39,168,137,266,9604,0.005,,
2070269,4270492,13206844,6,1,64248,3,1080,1920,1476,226,1618,368,20164,0.01,,
2070270,4270492,13206844,6,1,64248,4,1080,1920,558,140,762,344,41616,0.02,,
2070271,4270492,13206844,6,1,64248,5,1080,1920,1400,800,1645,1045,60025,0.029,,
2070272,4270492,13206844,6,1,64272,0,1080,1920,954,327,1071,445,13806,0.007,,
2070273,4270492,13206844,6,1,64272,1,1080,1920,0,172,116,290,13688,0.007,,
2070274,4270492,13206844,6,1,64272,2,1080,1920,561,164,731,334,28900,0.014,,
2070275,4270492,13206844,6,1,64272,3,1080,1920,234,112,404,282,28900,0.014,,
2070276,4270492,13206844,6,1,64272,4,1080,1920,1476,226,1618,368,20164,0.01,,
2070277,4270492,13206844,6,1,64272,5,1080,1920,1425,800,1670,1045,60025,0.029,,
2070278,4270492,13206844,6,1,64296,0,1080,1920,0,172,104,290,12272,0.006,,
2070279,4270492,13206844,6,1,64296,1,1080,1920,561,164,731,334,28900,0.014,,
2070280,4270492,13206844,6,1,64296,2,1080,1920,960,312,1102,454,20164,0.01,,
2070281,4270492,13206844,6,1,64296,3,1080,1920,1473,216,1643,385,28730,0.014,,
2070282,4270492,13206844,6,1,64296,4,1080,1920,200,112,370,282,28900,0.014,,
2070283,4270492,13206844,6,1,64296,5,1080,1920,1425,800,1670,1045,60025,0.029,,
2070284,4270492,13206844,6,1,64320,0,1080,1920,604,172,956,525,124256,0.06,,
2070285,4270492,13206844,6,1,64344,0,1080,1920,526,195,819,489,86142,0.042,,
2070286,4270492,13206844,6,1,64368,0,1080,1920,711,137,1063,489,123904,0.06,,
2070287,4270492,13206844,6,1,64392,0,1080,1920,496,136,789,429,85849,0.041,,
2070288,4270492,13206844,6,1,64416,0,1080,1920,390,101,742,453,123904,0.06,,
2070289,4270492,13206844,6,1,64440,0,1080,1920,906,423,1024,540,13806,0.007,,
2070290,4270492,13206844,6,1,64440,1,1080,1920,407,198,506,296,9702,0.005,,
2070291,4270492,13206844,6,1,64440,2,1080,1920,562,208,630,276,4624,0.002,,
2070292,4270492,13206844,6,1,64440,3,1080,1920,1503,208,1621,325,13806,0.007,,
2070293,4270492,13206844,6,1,64464,0,1080,1920,555,208,624,276,4692,0.002,,
2070294,4270492,13206844,6,1,64464,1,1080,1920,906,411,1024,529,13924,0.007,,
2070295,4270492,13206844,6,1,64464,2,1080,1920,377,198,476,296,9702,0.005,,
2070296,4270492,13206844,6,1,64464,3,1080,1920,1512,208,1610,306,9604,0.005,,
2070297,4270492,13206844,6,1,64488,0,1080,1920,297,172,415,290,13924,0.007,,
2070298,4270492,13206844,6,1,64488,1,1080,1920,1512,208,1610,306,9604,0.005,,
2070299,4270492,13206844,6,1,64488,2,1080,1920,906,411,1024,529,13924,0.007,,
2070300,4270492,13206844,6,1,64488,3,1080,1920,532,217,588,274,3192,0.002,,
2070301,4270492,13206844,6,1,64512,0,1080,1920,1503,196,1621,314,13924,0.007,,
2070302,4270492,13206844,6,1,64512,1,1080,1920,906,411,1024,529,13924,0.007,,
2070303,4270492,13206844,6,1,64512,2,1080,1920,238,178,336,276,9604,0.005,,
2070304,4270492,13206844,6,1,64536,0,1080,1920,796,208,894,306,9604,0.005,,
2070305,4270492,13206844,6,1,64536,1,1080,1920,229,83,371,224,20022,0.01,,
2070306,4270492,13206844,6,1,64536,2,1080,1920,1347,126,1489,267,20022,0.01,,
2070307,4270492,13206844,6,1,64560,0,1080,1920,799,212,881,294,6724,0.003,,
2070308,4270492,13206844,6,1,64560,1,1080,1920,258,97,399,239,20022,0.01,,
2070309,4270492,13206844,6,1,64560,2,1080,1920,1347,140,1489,282,20164,0.01,,
2070310,4270492,13206844,6,1,64584,0,1080,1920,1136,429,1340,633,41616,0.02,,
2070311,4270492,13206844,6,1,64584,1,1080,1920,1282,137,1634,489,123904,0.06,,
2070312,4270492,13206844,6,1,64584,2,1080,1920,162,82,407,327,60025,0.029,,
2070313,4270492,13206844,6,1,64608,0,1080,1920,512,132,934,555,178506,0.086,,
2070314,4270492,13206844,6,1,64656,0,1080,1920,1026,233,1195,403,28730,0.014,,
2070315,4270492,13206844,6,1,64680,0,1080,1920,94,243,211,361,13806,0.007,,
2070316,4270492,13206844,6,1,64680,1,1080,1920,882,112,1000,230,13924,0.007,,
2070317,4270492,13206844,6,1,64680,2,1080,1920,1053,99,1257,303,41616,0.02,,
2070318,4270492,13206844,6,1,64680,3,1080,1920,587,283,729,425,20164,0.01,,
2070319,4270492,13206844,6,1,64680,4,1080,1920,0,594,129,764,21930,0.011,,
2070320,4270492,13206844,6,1,64704,0,1080,1920,1211,244,1563,596,123904,0.06,,
2070321,4270492,13206844,6,1,64704,1,1080,1920,228,106,522,400,86436,0.042,,
2070322,4270492,13206844,6,1,64728,0,1080,1920,1328,374,1621,667,85849,0.041,,
2070323,4270492,13206844,6,1,64728,1,1080,1920,360,57,605,302,60025,0.029,,
2070324,4270492,13206844,6,1,64752,0,1080,1920,466,106,760,400,86436,0.042,,
2070325,4270492,13206844,6,1,64776,0,1080,1920,435,107,679,351,59536,0.029,,
2070326,4270492,13206844,6,1,64800,0,1080,1920,867,161,1071,365,41616,0.02,,
2070327,4270492,13206844,6,1,64800,1,1080,1920,1748,341,1890,482,20022,0.01,,
2070328,4270492,13206844,6,1,64824,0,1080,1920,1551,148,1669,266,13924,0.007,,
2070329,4270492,13206844,6,1,64824,1,1080,1920,624,145,693,214,4761,0.002,,
2070330,4270492,13206844,6,1,64824,2,1080,1920,931,341,1073,482,20022,0.01,,
2070331,4270492,13206844,6,1,64824,3,1080,1920,1754,184,1872,302,13924,0.007,,
2070332,4270492,13206844,6,1,64848,0,1080,1920,352,129,433,211,6642,0.003,,
2070333,4270492,13206844,6,1,64848,1,1080,1920,1539,136,1657,254,13924,0.007,,
2070334,4270492,13206844,6,1,64848,2,1080,1920,917,341,1059,482,20022,0.01,,
2070335,4270492,13206844,6,1,64848,3,1080,1920,617,145,686,214,4761,0.002,,
2070336,4270492,13206844,6,1,64848,4,1080,1920,1742,184,1860,302,13924,0.007,,
2070337,4270492,13206844,6,1,64872,0,1080,1920,410,107,654,351,59536,0.029,,
2070338,4270492,13206844,6,1,64896,0,1080,1920,261,132,506,376,59780,0.029,,
2070339,4270492,13206844,6,1,64920,0,1080,1920,249,52,367,170,13924,0.007,,
2070340,4270492,13206844,6,1,64920,1,1080,1920,1598,76,1716,194,13924,0.007,,
2070341,4270492,13206844,6,1,64920,2,1080,1920,888,312,1030,454,20164,0.01,,
2070342,4270492,13206844,6,1,64920,3,1080,1920,567,79,649,161,6724,0.003,,
2070343,4270492,13206844,6,1,64944,0,1080,1920,268,68,366,166,9604,0.005,,
2070344,4270492,13206844,6,1,64944,1,1080,1920,1648,83,1790,224,20022,0.01,,
2070345,4270492,13206844,6,1,64944,2,1080,1920,888,312,1030,454,20164,0.01,,
2070346,4270492,13206844,6,1,64944,3,1080,1920,559,79,641,161,6724,0.003,,
2070347,4270492,13206844,6,1,64944,4,1080,1920,9,49,77,117,4624,0.002,,
2070348,4270492,13206844,6,1,64968,0,1080,1920,462,172,814,525,124256,0.06,,
2070349,4270492,13206844,6,1,64992,0,1080,1920,1068,65,1420,418,124256,0.06,,
2070350,4270492,13206844,6,1,65016,0,1080,1920,1104,172,1456,525,124256,0.06,,
2070351,4270492,13206844,6,1,65040,0,1080,1920,1068,172,1420,525,124256,0.06,,
2070352,4270492,13206844,6,1,65064,0,1080,1920,1032,172,1384,525,124256,0.06,,
2070353,4270492,13206844,6,1,65088,0,1080,1920,1032,172,1384,525,124256,0.06,,
2070354,4270492,13206844,6,1,65112,0,1080,1920,462,137,814,489,123904,0.06,,
2070355,4270492,13206844,6,1,65136,0,1080,1920,462,137,814,489,123904,0.06,,
2070356,4270492,13206844,6,1,65160,0,1080,1920,390,172,742,525,124256,0.06,,
2070357,4270492,13206844,6,1,65184,0,1080,1920,526,195,819,489,86142,0.042,,
2070358,4270492,13206844,6,1,65208,0,1080,1920,462,137,814,489,123904,0.06,,
2070359,4270492,13206844,6,1,65232,0,1080,1920,982,132,1405,555,178929,0.086,,
2070360,4270492,13206844,6,1,65256,0,1080,1920,1104,172,1456,525,124256,0.06,,
2070361,4270492,13206844,6,1,65280,0,1080,1920,1104,172,1456,525,124256,0.06,,
2070362,4270492,13206844,6,1,65304,0,1080,1920,1104,172,1456,525,124256,0.06,,
2070363,4270492,13206844,6,1,65328,0,1080,1920,1139,172,1491,525,124256,0.06,,
2070364,4270492,13206844,6,1,65352,0,1080,1920,1068,175,1491,598,178929,0.086,,
2070365,4270492,13206844,6,1,65376,0,1080,1920,1068,175,1491,598,178929,0.086,,
2070366,4270492,13206844,6,1,65400,0,1080,1920,1068,218,1491,640,178506,0.086,,
2070367,4270492,13206844,6,1,65424,0,1080,1920,1721,267,1819,366,9702,0.005,,
2070368,4270492,13206844,6,1,65424,1,1080,1920,679,100,797,218,13924,0.007,,
2070369,4270492,13206844,6,1,65448,0,1080,1920,1741,267,1839,366,9702,0.005,,
2070370,4270492,13206844,6,1,65448,1,1080,1920,688,97,829,239,20022,0.01,,
2070371,4270492,13206844,6,1,65448,2,1080,1920,541,228,610,297,4761,0.002,,
2070372,4270492,13206844,6,1,65472,0,1080,1920,1741,267,1839,366,9702,0.005,,
2070373,4270492,13206844,6,1,65472,1,1080,1920,727,100,845,218,13924,0.007,,
2070374,4270492,13206844,6,1,65472,2,1080,1920,543,229,600,286,3249,0.002,,
2070375,4270492,13206844,6,1,65496,0,1080,1920,763,166,1057,459,86142,0.042,,
2070376,4270492,13206844,6,1,65520,0,1080,1920,1032,137,1384,489,123904,0.06,,
2070377,4270492,13206844,6,1,65544,0,1080,1920,1001,166,1295,459,86142,0.042,,
2070378,4270492,13206844,6,1,65568,0,1080,1920,1001,166,1295,459,86142,0.042,,
2070379,4270492,13206844,6,1,65592,0,1080,1920,1090,166,1384,459,86142,0.042,,
2070380,4270492,13206844,6,1,65616,0,1080,1920,818,172,1170,525,124256,0.06,,
2070381,4270492,13206844,6,1,65664,0,1080,1920,682,95,852,265,28900,0.014,,
2070382,4270492,13206844,6,1,65688,0,1080,1920,1150,225,1443,519,86142,0.042,,
2070383,4270492,13206844,6,1,65712,0,1080,1920,1150,195,1443,489,86142,0.042,,
2070384,4270492,13206844,6,1,65736,0,1080,1920,1031,255,1324,548,85849,0.041,,
2070385,4270492,13206844,6,1,65760,0,1080,1920,1128,156,1373,401,60025,0.029,,
2070386,4270492,13206844,6,1,65784,0,1080,1920,1103,181,1348,426,60025,0.029,,
2070387,4270492,13206844,6,1,65808,0,1080,1920,335,181,580,426,60025,0.029,,
2070388,4270492,13206844,6,1,65832,0,1080,1920,496,136,789,429,85849,0.041,,
2070389,4270492,13206844,6,1,65856,0,1080,1920,569,101,921,453,123904,0.06,,
2070390,4270492,13206844,6,1,65880,0,1080,1920,248,101,600,453,123904,0.06,,
2070391,4270492,13206844,6,1,65904,0,1080,1920,533,101,885,453,123904,0.06,,
2070392,4270492,13206844,6,1,65928,0,1080,1920,1104,137,1456,489,123904,0.06,,
2070393,4270492,13206844,6,1,65952,0,1080,1920,1068,101,1420,453,123904,0.06,,
2070394,4270492,13206844,6,1,65976,0,1080,1920,1104,137,1456,489,123904,0.06,,
2070395,4270492,13206844,6,1,66000,0,1080,1920,466,136,760,429,86142,0.042,,
2070396,4270492,13206844,6,1,66024,0,1080,1920,436,136,730,429,86142,0.042,,
2070397,4270492,13206844,6,1,66048,0,1080,1920,496,136,789,429,85849,0.041,,
2070398,4270492,13206844,6,1,66072,0,1080,1920,496,166,789,459,85849,0.041,,
2070399,4270492,13206844,6,1,66096,0,1080,1920,997,137,1349,489,123904,0.06,,
2070400,4270492,13206844,6,1,66120,0,1080,1920,1032,172,1384,525,124256,0.06,,
2070401,4270492,13206844,6,1,66144,0,1080,1920,1032,137,1384,489,123904,0.06,,
2070402,4270492,13206844,6,1,66168,0,1080,1920,1032,137,1384,489,123904,0.06,,
2070403,4270492,13206844,6,1,66192,0,1080,1920,1068,137,1420,489,123904,0.06,,
2070404,4270492,13206844,6,1,66216,0,1080,1920,961,137,1313,489,123904,0.06,,
2070405,4270492,13206844,6,1,66240,0,1080,1920,1032,137,1384,489,123904,0.06,,
2070406,4270492,13206844,6,1,66264,0,1080,1920,1239,255,1532,548,85849,0.041,,
2070407,4270492,13206844,6,1,66288,0,1080,1920,640,137,992,489,123904,0.06,,
2070408,4270492,13206844,6,1,66312,0,1080,1920,704,136,997,429,85849,0.041,,
2070409,4270492,13206844,6,1,66336,0,1080,1920,793,136,1087,429,86142,0.042,,
2070410,4270492,13206844,6,1,66360,0,1080,1920,1090,166,1384,459,86142,0.042,,
2070411,4270492,13206844,6,1,66384,0,1080,1920,791,212,873,294,6724,0.003,,
2070412,4270492,13206844,6,1,66384,1,1080,1920,1318,154,1460,296,20164,0.01,,
2070413,4270492,13206844,6,1,66384,2,1080,1920,213,112,331,230,13924,0.007,,
2070414,4270492,13206844,6,1,66408,0,1080,1920,1519,197,1661,339,20164,0.01,,
2070415,4270492,13206844,6,1,66408,1,1080,1920,1060,283,1202,425,20164,0.01,,
2070416,4270492,13206844,6,1,66408,2,1080,1920,129,97,270,239,20022,0.01,,
2070417,4270492,13206844,6,1,66408,3,1080,1920,768,164,938,334,28900,0.014,,
2070418,4270492,13206844,6,1,66432,0,1080,1920,1061,303,1179,421,13924,0.007,,
2070419,4270492,13206844,6,1,66432,1,1080,1920,129,97,270,239,20022,0.01,,
2070420,4270492,13206844,6,1,66432,2,1080,1920,1519,197,1661,339,20164,0.01,,
2070421,4270492,13206844,6,1,66432,3,1080,1920,785,164,955,334,28900,0.014,,
2070422,4270492,13206844,6,1,66456,0,1080,1920,1060,298,1202,439,20022,0.01,,
2070423,4270492,13206844,6,1,66456,1,1080,1920,1505,197,1646,339,20022,0.01,,
2070424,4270492,13206844,6,1,66456,2,1080,1920,86,140,227,282,20022,0.01,,
2070425,4270492,13206844,6,1,66456,3,1080,1920,785,164,955,334,28900,0.014,,
2070426,4270492,13206844,6,1,66480,0,1080,1920,555,166,849,459,86142,0.042,,
2070427,4270492,13206844,6,1,66504,0,1080,1920,894,136,1012,254,13924,0.007,,
2070428,4270492,13206844,6,1,66504,1,1080,1920,0,243,104,361,12272,0.006,,
2070429,4270492,13206844,6,1,66504,2,1080,1920,1136,99,1340,303,41616,0.02,,
2070430,4270492,13206844,6,1,66528,0,1080,1920,870,124,988,242,13924,0.007,,
2070431,4270492,13206844,6,1,66528,1,1080,1920,1094,99,1298,303,41616,0.02,,
2070432,4270492,13206844,6,1,66528,2,1080,1920,0,240,113,382,16046,0.008,,
2070433,4270492,13206844,6,1,66552,0,1080,1920,1001,136,1295,429,86142,0.042,,
2070434,4270492,13206844,6,1,66576,0,1080,1920,1179,136,1473,429,86142,0.042,,
2070435,4270492,13206844,6,1,66600,0,1080,1920,1387,195,1681,489,86436,0.042,,
2070436,4270492,13206844,6,1,66648,0,1080,1920,496,120,700,324,41616,0.02,,
2070437,4270492,13206844,6,1,66672,0,1080,1920,475,244,679,447,41412,0.02,,
2070438,4270492,13206844,6,1,66696,0,1080,1920,475,182,679,385,41412,0.02,,
2070439,4270492,13206844,6,1,66720,0,1080,1920,537,99,741,303,41616,0.02,,
2070440,4270492,13206844,6,1,66744,0,1080,1920,785,264,989,468,41616,0.02,,
2070441,4270492,13206844,6,1,66768,0,1080,1920,785,244,989,447,41412,0.02,,
2070442,4270492,13206844,6,1,66792,0,1080,1920,702,161,906,365,41616,0.02,,
2070443,4270492,13206844,6,1,66816,0,1080,1920,888,202,1092,406,41616,0.02,,
2070444,4270492,13206844,6,1,66840,0,1080,1920,517,140,720,344,41412,0.02,,
2070445,4270492,13206844,6,1,66864,0,1080,1920,786,217,884,316,9702,0.005,,
2070446,4270492,13206844,6,1,66864,1,1080,1920,1275,154,1417,296,20164,0.01,,
2070447,4270492,13206844,6,1,66864,2,1080,1920,273,124,391,242,13924,0.007,,
2070448,4270492,13206844,6,1,66888,0,1080,1920,776,217,874,316,9702,0.005,,
2070449,4270492,13206844,6,1,66888,1,1080,1920,1275,154,1417,296,20164,0.01,,
2070450,4270492,13206844,6,1,66888,2,1080,1920,273,112,391,230,13924,0.007,,
2070451,4270492,13206844,6,1,66912,0,1080,1920,1261,140,1403,282,20164,0.01,,
2070452,4270492,13206844,6,1,66912,1,1080,1920,776,227,874,326,9702,0.005,,
2070453,4270492,13206844,6,1,66912,2,1080,1920,273,112,391,230,13924,0.007,,
2070454,4270492,13206844,6,1,66936,0,1080,1920,781,107,1026,351,59780,0.029,,
2070455,4270492,13206844,6,1,66960,0,1080,1920,847,161,1051,365,41616,0.02,,
2070456,4270492,13206844,6,1,66984,0,1080,1920,1559,388,1729,557,28730,0.014,,
2070457,4270492,13206844,6,1,66984,1,1080,1920,1298,195,1592,489,86436,0.042,,
2070458,4270492,13206844,6,1,66984,2,1080,1920,351,120,555,324,41616,0.02,,
2070459,4270492,13206844,6,1,67008,0,1080,1920,1562,398,1704,540,20164,0.01,,
2070460,4270492,13206844,6,1,67008,1,1080,1920,311,132,555,376,59536,0.029,,
2070461,4270492,13206844,6,1,67008,2,1080,1920,1298,195,1592,489,86436,0.042,,
2070462,4270492,13206844,6,1,67032,0,1080,1920,1542,388,1711,557,28561,0.014,,
2070463,4270492,13206844,6,1,67032,1,1080,1920,311,156,555,401,59780,0.029,,
2070464,4270492,13206844,6,1,67032,2,1080,1920,1326,206,1571,450,59780,0.029,,
2070465,4270492,13206844,6,1,67032,3,1080,1920,0,164,164,334,27880,0.013,,
2070466,4270492,13206844,6,1,67056,0,1080,1920,661,99,865,303,41616,0.02,,
2070467,4270492,13206844,6,1,67080,0,1080,1920,517,120,720,324,41412,0.02,,
2070468,4270492,13206844,6,1,67104,0,1080,1920,578,99,782,303,41616,0.02,,
2070469,4270492,13206844,6,1,67128,0,1080,1920,496,99,700,303,41616,0.02,,
2070470,4270492,13206844,6,1,67152,0,1080,1920,517,120,720,324,41412,0.02,,
2070471,4270492,13206844,6,1,67176,0,1080,1920,578,120,782,324,41616,0.02,,
2070472,4270492,13206844,6,1,67200,0,1080,1920,1232,405,1402,575,28900,0.014,,
2070473,4270492,13206844,6,1,67200,1,1080,1920,1277,206,1521,450,59536,0.029,,
2070474,4270492,13206844,6,1,67200,2,1080,1920,455,140,658,344,41412,0.02,,
2070475,4270492,13206844,6,1,67200,3,1080,1920,11,181,181,351,28900,0.014,,
2070476,4270492,13206844,6,1,67224,0,1080,1920,1301,244,1505,447,41412,0.02,,
2070477,4270492,13206844,6,1,67224,1,1080,1920,496,161,700,365,41616,0.02,,
2070478,4270492,13206844,6,1,67224,2,1080,1920,1249,422,1419,592,28900,0.014,,
2070479,4270492,13206844,6,1,67224,3,1080,1920,28,181,198,351,28900,0.014,,
2070480,4270492,13206844,6,1,67248,0,1080,1920,806,140,1009,344,41412,0.02,,
2070481,4270492,13206844,6,1,67272,0,1080,1920,806,140,1009,344,41412,0.02,,
2070482,4270492,13206844,6,1,67296,0,1080,1920,826,140,1030,344,41616,0.02,,
2070483,4270492,13206844,6,1,67320,0,1080,1920,826,140,1030,344,41616,0.02,,
2070484,4270492,13206844,6,1,67344,0,1080,1920,806,182,1009,385,41209,0.02,,
2070485,4270492,13206844,6,1,67368,0,1080,1920,785,182,989,385,41412,0.02,,
2070486,4270492,13206844,6,1,67392,0,1080,1920,558,182,762,385,41412,0.02,,
2070487,4270492,13206844,6,1,67416,0,1080,1920,950,182,1154,385,41412,0.02,,
2070488,4270492,13206844,6,1,67464,0,1080,1920,682,264,885,468,41412,0.02,,
2070489,4270492,13206844,6,1,67488,0,1080,1920,640,202,844,406,41616,0.02,,
2070490,4270492,13206844,6,1,67488,1,1080,1920,1610,388,1780,557,28730,0.014,,
2070491,4270492,13206844,6,1,67512,0,1080,1920,640,202,844,406,41616,0.02,,
2070492,4270492,13206844,6,1,67512,1,1080,1920,1576,388,1746,557,28730,0.014,,
2070493,4270492,13206844,6,1,67536,0,1080,1920,620,202,824,406,41616,0.02,,
2070494,4270492,13206844,6,1,67536,1,1080,1920,1576,388,1746,557,28730,0.014,,
2070495,4270492,13206844,6,1,67560,0,1080,1920,909,140,1113,344,41616,0.02,,
2070496,4270492,13206844,6,1,67584,0,1080,1920,929,120,1133,324,41616,0.02,,
2070497,4270492,13206844,6,1,67608,0,1080,1920,702,140,906,344,41616,0.02,,
2070498,4270492,13206844,6,1,67632,0,1080,1920,558,140,762,344,41616,0.02,,
2070499,4270492,13206844,6,1,67656,0,1080,1920,578,140,782,344,41616,0.02,,
2070500,4270492,13206844,6,1,67680,0,1080,1920,657,132,902,376,59780,0.029,,
2070501,4270492,13206844,6,1,67704,0,1080,1920,682,107,927,351,59780,0.029,,
2070502,4270492,13206844,6,1,67728,0,1080,1920,608,107,852,351,59536,0.029,,
2070503,4270492,13206844,6,1,67752,0,1080,1920,979,206,1224,450,59780,0.029,,
2070504,4270492,13206844,6,1,67776,0,1080,1920,955,206,1199,450,59536,0.029,,
2070505,4270492,13206844,6,1,67800,0,1080,1920,756,206,1001,450,59780,0.029,,
2070506,4270492,13206844,6,1,67824,0,1080,1920,1249,405,1419,575,28900,0.014,,
2070507,4270492,13206844,6,1,67824,1,1080,1920,290,161,493,365,41412,0.02,,
2070508,4270492,13206844,6,1,67824,2,1080,1920,1351,206,1595,450,59536,0.029,,
2070509,4270492,13206844,6,1,67848,0,1080,1920,1249,405,1419,575,28900,0.014,,
2070510,4270492,13206844,6,1,67848,1,1080,1920,1351,206,1595,450,59536,0.029,,
2070511,4270492,13206844,6,1,67872,0,1080,1920,1284,422,1453,592,28730,0.014,,
2070512,4270492,13206844,6,1,67872,1,1080,1920,1351,231,1595,475,59536,0.029,,
2070513,4270492,13206844,6,1,67896,0,1080,1920,1301,422,1471,592,28900,0.014,,
2070514,4270492,13206844,6,1,67896,1,1080,1920,1351,255,1595,500,59780,0.029,,
2070515,4270492,13206844,6,1,67896,2,1080,1920,434,140,638,344,41616,0.02,,
2070516,4270492,13206844,6,1,67920,0,1080,1920,620,140,824,344,41616,0.02,,
2070517,4270492,13206844,6,1,67920,1,1080,1920,114,319,284,489,28900,0.014,,
2070518,4270492,13206844,6,1,67944,0,1080,1920,393,120,597,324,41616,0.02,,
2070519,4270492,13206844,6,1,67968,0,1080,1920,682,182,885,385,41209,0.02,,
2070520,4270492,13206844,6,1,67968,1,1080,1920,243,326,385,468,20164,0.01,,
2070521,4270492,13206844,6,1,67992,0,1080,1920,143,326,285,468,20164,0.01,,
2070522,4270492,13206844,6,1,67992,1,1080,1920,558,140,762,344,41616,0.02,,
2070523,4270492,13206844,6,1,68016,0,1080,1920,682,140,885,344,41412,0.02,,
2070524,4270492,13206844,6,1,68016,1,1080,1920,129,326,270,468,20022,0.01,,
2070525,4270492,13206844,6,1,68040,0,1080,1920,1004,156,1249,401,60025,0.029,,
2070526,4270492,13206844,6,1,68040,1,1080,1920,1673,107,1917,351,59536,0.029,,
2070527,4270492,13206844,6,1,68064,0,1080,1920,1004,156,1249,401,60025,0.029,,
2070528,4270492,13206844,6,1,68064,1,1080,1920,1648,107,1893,351,59780,0.029,,
2070529,4270492,13206844,6,1,68088,0,1080,1920,1227,231,1472,475,59780,0.029,,
2070530,4270492,13206844,6,1,68112,0,1080,1920,831,156,1075,401,59780,0.029,,
2070531,4270492,13206844,6,1,68136,0,1080,1920,661,140,865,344,41616,0.02,,
2070532,4270492,13206844,6,1,68160,0,1080,1920,1153,255,1397,500,59780,0.029,,
2070533,4270492,13206844,6,1,68184,0,1080,1920,1179,225,1473,519,86436,0.042,,
2070534,4270492,13206844,6,1,68208,0,1080,1920,1139,172,1491,525,124256,0.06,,
2070535,4270492,13206844,6,1,68232,0,1080,1920,661,140,865,344,41616,0.02,,
2070536,4270492,13206844,6,1,68256,0,1080,1920,1156,409,1360,613,41616,0.02,,
2070537,4270492,13206844,6,1,68256,1,1080,1920,385,107,630,351,59780,0.029,,
2070538,4270492,13206844,6,1,68256,2,1080,1920,1499,231,1744,475,59780,0.029,,
2070539,4270492,13206844,6,1,68280,0,1080,1920,1450,255,1695,500,60025,0.029,,
2070540,4270492,13206844,6,1,68280,1,1080,1920,1232,422,1402,592,28900,0.014,,
2070541,4270492,13206844,6,1,68280,2,1080,1920,360,107,605,351,59780,0.029,,
2070542,4270492,13206844,6,1,68304,0,1080,1920,786,208,884,306,9604,0.005,,
2070543,4270492,13206844,6,1,68304,1,1080,1920,1275,154,1417,296,20164,0.01,,
2070544,4270492,13206844,6,1,68304,2,1080,1920,201,100,319,218,13924,0.007,,
2070545,4270492,13206844,6,1,68328,0,1080,1920,530,140,672,282,20164,0.01,,
2070546,4270492,13206844,6,1,68328,1,1080,1920,905,267,1003,366,9702,0.005,,
2070547,4270492,13206844,6,1,68352,0,1080,1920,487,140,629,282,20164,0.01,,
2070548,4270492,13206844,6,1,68352,1,1080,1920,835,267,934,366,9801,0.005,,
2070549,4270492,13206844,6,1,68376,0,1080,1920,786,267,884,366,9702,0.005,,
2070550,4270492,13206844,6,1,68376,1,1080,1920,530,111,672,253,20164,0.01,,
2070551,4270492,13206844,6,1,68400,0,1080,1920,786,277,884,375,9604,0.005,,
2070552,4270492,13206844,6,1,68424,0,1080,1920,815,277,914,375,9702,0.005,,
2070553,4270492,13206844,6,1,68424,1,1080,1920,329,140,471,282,20164,0.01,,
2070554,4270492,13206844,6,1,68448,0,1080,1920,849,287,931,369,6724,0.003,,
2070555,4270492,13206844,6,1,68448,1,1080,1920,501,154,643,296,20164,0.01,,
2070556,4270492,13206844,6,1,68472,0,1080,1920,855,277,954,375,9702,0.005,,
2070557,4270492,13206844,6,1,68472,1,1080,1920,301,140,442,282,20022,0.01,,
2070558,4270492,13206844,6,1,68496,0,1080,1920,286,140,428,282,20164,0.01,,
2070559,4270492,13206844,6,1,68496,1,1080,1920,875,277,973,375,9604,0.005,,
2070560,4270492,13206844,6,1,68520,0,1080,1920,764,161,968,365,41616,0.02,,
2070561,4270492,13206844,6,1,68544,0,1080,1920,847,161,1051,365,41616,0.02,,
2070562,4270492,13206844,6,1,68568,0,1080,1920,929,161,1133,365,41616,0.02,,
2070563,4270492,13206844,6,1,68592,0,1080,1920,867,140,1071,344,41616,0.02,,
2070564,4270492,13206844,6,1,68616,0,1080,1920,888,140,1092,344,41616,0.02,,
2070565,4270492,13206844,6,1,68640,0,1080,1920,950,182,1154,385,41412,0.02,,
2070566,4270492,13206844,6,1,68664,0,1080,1920,909,161,1113,365,41616,0.02,,
2070567,4270492,13206844,6,1,68688,0,1080,1920,867,140,1071,344,41616,0.02,,
2070568,4270492,13206844,6,1,68712,0,1080,1920,888,140,1092,344,41616,0.02,,
2070569,4270492,13206844,6,1,68736,0,1080,1920,909,140,1113,344,41616,0.02,,
2070570,4270492,13206844,6,1,68760,0,1080,1920,974,164,1144,334,28900,0.014,,
2070571,4270492,13206844,6,1,68784,0,1080,1920,909,140,1113,344,41616,0.02,,
2070572,4270492,13206844,6,1,68808,0,1080,1920,940,164,1110,334,28900,0.014,,
2070573,4270492,13206844,6,1,68832,0,1080,1920,971,161,1174,365,41412,0.02,,
2070574,4270492,13206844,6,1,68856,0,1080,1920,929,182,1133,385,41412,0.02,,
2070575,4270492,13206844,6,1,68880,0,1080,1920,165,124,283,242,13924,0.007,,
2070576,4270492,13206844,6,1,68880,1,1080,1920,945,208,1043,306,9604,0.005,,
2070577,4270492,13206844,6,1,68880,2,1080,1920,457,287,555,385,9604,0.005,,
2070578,4270492,13206844,6,1,68880,3,1080,1920,1582,198,1680,296,9604,0.005,,
2070579,4270492,13206844,6,1,68880,4,1080,1920,822,172,940,290,13924,0.007,,
2070580,4270492,13206844,6,1,68880,5,1080,1920,551,220,633,302,6724,0.003,,
2070581,4270492,13206844,6,1,68904,0,1080,1920,165,124,283,242,13924,0.007,,
2070582,4270492,13206844,6,1,68904,1,1080,1920,822,172,940,290,13924,0.007,,
2070583,4270492,13206844,6,1,68904,2,1080,1920,467,287,565,385,9604,0.005,,
2070584,4270492,13206844,6,1,68904,3,1080,1920,975,208,1073,306,9604,0.005,,
2070585,4270492,13206844,6,1,68904,4,1080,1920,572,229,629,286,3249,0.002,,
2070586,4270492,13206844,6,1,68928,0,1080,1920,822,172,940,290,13924,0.007,,
2070587,4270492,13206844,6,1,68928,1,1080,1920,974,220,1056,302,6724,0.003,,
2070588,4270492,13206844,6,1,68928,2,1080,1920,1587,187,1669,269,6724,0.003,,
2070589,4270492,13206844,6,1,68928,3,1080,1920,457,287,555,385,9604,0.005,,
2070590,4270492,13206844,6,1,68928,4,1080,1920,583,235,640,292,3249,0.002,,
2070591,4270492,13206844,6,1,69024,0,1080,1920,201,100,319,218,13924,0.007,,
2070592,4270492,13206844,6,1,69024,1,1080,1920,786,217,884,316,9702,0.005,,
2070593,4270492,13206844,6,1,69024,2,1080,1920,1261,154,1403,296,20164,0.01,,
2070594,4270492,13206844,6,1,69048,0,1080,1920,186,83,328,224,20022,0.01,,
2070595,4270492,13206844,6,1,69048,1,1080,1920,796,217,894,316,9702,0.005,,
2070596,4270492,13206844,6,1,69048,2,1080,1920,1261,140,1403,282,20164,0.01,,
2070597,4270492,13206844,6,1,69072,0,1080,1920,1007,220,1089,302,6724,0.003,,
2070598,4270492,13206844,6,1,69072,1,1080,1920,1621,187,1702,269,6642,0.003,,
2070599,4270492,13206844,6,1,69072,2,1080,1920,524,279,641,397,13806,0.007,,
2070600,4270492,13206844,6,1,69072,3,1080,1920,225,136,343,254,13924,0.007,,
2070601,4270492,13206844,6,1,69072,4,1080,1920,822,196,940,314,13924,0.007,,
2070602,4270492,13206844,6,1,69072,5,1080,1920,1466,306,1670,509,41412,0.02,,
2070603,4270492,13206844,6,1,69096,0,1080,1920,786,196,904,314,13924,0.007,,
2070604,4270492,13206844,6,1,69096,1,1080,1920,1013,196,1131,314,13924,0.007,,
2070605,4270492,13206844,6,1,69096,2,1080,1920,1445,306,1649,509,41412,0.02,,
2070606,4270492,13206844,6,1,69096,3,1080,1920,645,221,713,290,4692,0.002,,
2070607,4270492,13206844,6,1,69120,0,1080,1920,666,221,734,290,4692,0.002,,
2070608,4270492,13206844,6,1,69120,1,1080,1920,1528,306,1732,509,41412,0.02,,
2070609,4270492,13206844,6,1,69120,2,1080,1920,810,184,928,302,13924,0.007,,
2070610,4270492,13206844,6,1,69120,3,1080,1920,1037,196,1155,314,13924,0.007,,
2070611,4270492,13206844,6,1,69120,4,1080,1920,344,126,485,267,19881,0.01,,
2070612,4270492,13206844,6,1,69120,5,1080,1920,537,287,635,385,9604,0.005,,
2070613,4270492,13206844,6,1,69120,6,1080,1920,210,235,278,303,4624,0.002,,
2070614,4270492,13206844,6,1,69144,0,1080,1920,517,140,720,344,41412,0.02,,
2070615,4270492,13206844,6,1,69168,0,1080,1920,496,140,700,344,41616,0.02,,
2070616,4270492,13206844,6,1,69192,0,1080,1920,1064,327,1163,425,9702,0.005,,
2070617,4270492,13206844,6,1,69192,1,1080,1920,1652,105,1700,153,2304,0.001,,
2070618,4270492,13206844,6,1,69192,2,1080,1920,1413,367,1511,465,9604,0.005,,
2070619,4270492,13206844,6,1,69192,3,1080,1920,1014,14,1061,61,2209,0.001,,
2070620,4270492,13206844,6,1,69216,0,1080,1920,965,307,1063,405,9604,0.005,,
2070621,4270492,13206844,6,1,69216,1,1080,1920,1029,21,1068,61,1560,0.001,,
2070622,4270492,13206844,6,1,69216,2,1080,1920,1336,315,1454,433,13924,0.007,,
2070623,4270492,13206844,6,1,69216,3,1080,1920,1662,120,1709,167,2209,0.001,,
2070624,4270492,13206844,6,1,69240,0,1080,1920,834,279,952,397,13924,0.007,,
2070625,4270492,13206844,6,1,69240,1,1080,1920,1093,85,1132,125,1560,0.001,,
2070626,4270492,13206844,6,1,69240,2,1080,1920,1700,192,1748,239,2256,0.001,,
2070627,4270492,13206844,6,1,69240,3,1080,1920,30,369,77,417,2256,0.001,,
2070628,4270492,13206844,6,1,69240,4,1080,1920,1218,283,1360,425,20164,0.01,,
2070629,4270492,13206844,6,1,69264,0,1080,1920,659,298,801,439,20022,0.01,,
2070630,4270492,13206844,6,1,69264,1,1080,1920,1026,302,1195,471,28561,0.014,,
2070631,4270492,13206844,6,1,69288,0,1080,1920,756,231,1001,475,59780,0.029,,
2070632,4270492,13206844,6,1,69288,1,1080,1920,338,319,508,489,28900,0.014,,
2070633,4270492,13206844,6,1,69312,0,1080,1920,69,0,422,346,122138,0.059,,
2070634,4270492,13206844,6,1,69336,0,1080,1920,356,878,404,925,2256,0.001,,
2070635,4270492,13206844,6,1,69336,1,1080,1920,833,381,872,421,1560,0.001,,
2070636,4270492,13206844,6,1,69336,2,1080,1920,1385,809,1424,849,1560,0.001,,
2070637,4270492,13206844,6,1,69600,0,1080,1920,871,181,1041,351,28900,0.014,,
2070638,4270492,13206844,6,1,69600,1,1080,1920,225,602,343,720,13924,0.007,,
2070639,4270492,13206844,6,1,69672,0,1080,1920,1115,223,1319,427,41616,0.02,,
2070640,4270492,13206844,6,1,69696,0,1080,1920,1156,223,1360,427,41616,0.02,,
2070641,4270492,13206844,6,1,69720,0,1080,1920,1053,120,1257,324,41616,0.02,,
2070642,4270492,13206844,6,1,69744,0,1080,1920,1053,161,1257,365,41616,0.02,,
2070643,4270492,13206844,6,1,69744,1,1080,1920,1748,928,1890,1070,20164,0.01,,
2070644,4270492,13206844,6,1,69768,0,1080,1920,1053,182,1257,385,41412,0.02,,
2070645,4270492,13206844,6,1,69768,1,1080,1920,1777,928,1919,1070,20164,0.01,,
2070646,4270492,13206844,6,1,69792,0,1080,1920,1129,216,1299,385,28730,0.014,,
2070647,4270492,13206844,6,1,69816,0,1080,1920,756,297,854,395,9604,0.005,,
2070648,4270492,13206844,6,1,69816,1,1080,1920,293,278,375,360,6724,0.003,,
2070649,4270492,13206844,6,1,69816,2,1080,1920,571,327,689,445,13924,0.007,,
2070650,4270492,13206844,6,1,69816,3,1080,1920,1084,217,1182,316,9702,0.005,,
2070651,4270492,13206844,6,1,69816,4,1080,1920,1094,347,1192,445,9604,0.005,,
2070652,4270492,13206844,6,1,69816,5,1080,1920,918,291,1036,409,13924,0.007,,
2070653,4270492,13206844,6,1,69816,6,1080,1920,417,377,516,475,9702,0.005,,
2070654,4270492,13206844,6,1,69840,0,1080,1920,683,38,765,120,6724,0.003,,
2070655,4270492,13206844,6,1,69840,1,1080,1920,940,388,1110,557,28730,0.014,,
2070656,4270492,13206844,6,1,69840,2,1080,1920,410,129,492,211,6724,0.003,,
2070657,4270492,13206844,6,1,69864,0,1080,1920,636,217,735,316,9801,0.005,,
2070658,4270492,13206844,6,1,69864,1,1080,1920,1049,76,1167,194,13924,0.007,,
2070659,4270492,13206844,6,1,69864,2,1080,1920,1163,439,1333,609,28900,0.014,,
2070660,4270492,13206844,6,1,69864,3,1080,1920,0,25,127,167,18034,0.009,,
2070661,4270492,13206844,6,1,69912,0,1080,1920,903,269,1044,411,20022,0.01,,
2070662,4270492,13206844,6,1,69936,0,1080,1920,664,233,834,403,28900,0.014,,
2070663,4270492,13206844,6,1,69984,0,1080,1920,1246,137,1598,489,123904,0.06,,
2070664,4270492,13206844,6,1,70056,0,1080,1920,1012,120,1216,324,41616,0.02,,
2070665,4270492,13206844,6,1,70080,0,1080,1920,806,471,1009,674,41209,0.02,,
2070666,4270492,13206844,6,1,70080,1,1080,1920,1519,226,1661,368,20164,0.01,,
2070667,4270492,13206844,6,1,70104,0,1080,1920,1419,226,1560,368,20022,0.01,,
2070668,4270492,13206844,6,1,70128,0,1080,1920,558,223,762,427,41616,0.02,,
2070669,4270492,13206844,6,1,70152,0,1080,1920,558,181,803,426,60025,0.029,,
2070670,4270492,13206844,6,1,70176,0,1080,1920,744,182,947,385,41209,0.02,,
2070671,4270492,13206844,6,1,70200,0,1080,1920,1277,181,1521,426,59780,0.029,,
2070672,4270492,13206844,6,1,70248,0,1080,1920,744,182,947,385,41209,0.02,,
2070673,4270492,13206844,6,1,70272,0,1080,1920,764,182,968,385,41412,0.02,,
2070674,4270492,13206844,6,1,70296,0,1080,1920,744,202,947,406,41412,0.02,,
2070675,4270492,13206844,6,1,70320,0,1080,1920,1351,181,1595,426,59780,0.029,,
2070676,4270492,13206844,6,1,70344,0,1080,1920,1301,206,1546,450,59780,0.029,,
2070677,4270492,13206844,6,1,70368,0,1080,1920,945,257,1043,356,9702,0.005,,
2070678,4270492,13206844,6,1,70392,0,1080,1920,905,277,1003,375,9604,0.005,,
2070679,4270492,13206844,6,1,70416,0,1080,1920,915,277,1013,375,9604,0.005,,
2070680,4270492,13206844,6,1,70440,0,1080,1920,932,245,1014,327,6724,0.003,,
2070681,4270492,13206844,6,1,70512,0,1080,1920,764,202,968,406,41616,0.02,,
2070682,4270492,13206844,6,1,70536,0,1080,1920,732,181,976,426,59780,0.029,,
2070683,4270492,13206844,6,1,70752,0,1080,1920,1400,231,1645,475,59780,0.029,,
2070684,4270492,13206844,6,1,70776,0,1080,1920,1326,231,1571,475,59780,0.029,,
2070685,4270492,13206844,6,1,70800,0,1080,1920,1202,181,1447,426,60025,0.029,,
2070686,4270492,13206844,6,1,70824,0,1080,1920,1298,166,1592,459,86142,0.042,,
2070687,4270492,13206844,6,1,70848,0,1080,1920,1227,181,1472,426,60025,0.029,,
2070688,4270492,13206844,6,1,70872,0,1080,1920,1277,181,1521,426,59780,0.029,,
2070689,4270492,13206844,6,1,70896,0,1080,1920,756,156,1001,401,60025,0.029,,
2070690,4270492,13206844,6,1,70920,0,1080,1920,756,156,1001,401,60025,0.029,,
2070691,4270492,13206844,6,1,70944,0,1080,1920,1376,181,1620,426,59780,0.029,,
2070692,4270492,13206844,6,1,70968,0,1080,1920,1103,206,1348,450,59780,0.029,,
2070693,4270492,13206844,6,1,70992,0,1080,1920,1054,206,1298,450,59536,0.029,,
2070694,4270492,13206844,6,1,71016,0,1080,1920,1033,264,1236,468,41412,0.02,,
2070695,4270492,13206844,6,1,71040,0,1080,1920,1209,225,1503,519,86436,0.042,,
2070696,4270492,13206844,6,1,71064,0,1080,1920,620,202,824,406,41616,0.02,,
2070697,4270492,13206844,6,1,71088,0,1080,1920,640,182,844,385,41412,0.02,,
2070698,4270492,13206844,6,1,71112,0,1080,1920,640,202,844,406,41616,0.02,,
2070699,4270492,13206844,6,1,71136,0,1080,1920,640,202,844,406,41616,0.02,,
2070700,4270492,13206844,6,1,71160,0,1080,1920,640,202,844,406,41616,0.02,,
2070701,4270492,13206844,6,1,71184,0,1080,1920,961,172,1313,525,124256,0.06,,
2070702,4270492,13206844,6,1,71208,0,1080,1920,890,172,1242,525,124256,0.06,,
2070703,4270492,13206844,6,1,71232,0,1080,1920,818,208,1170,560,123904,0.06,,
2070704,4270492,13206844,6,1,71256,0,1080,1920,783,208,1135,560,123904,0.06,,
2070705,4270492,13206844,6,1,71280,0,1080,1920,912,166,1205,459,85849,0.041,,
2070706,4270492,13206844,6,1,71304,0,1080,1920,537,264,741,468,41616,0.02,,
2070707,4270492,13206844,6,1,71328,0,1080,1920,517,264,720,468,41412,0.02,,
2070708,4270492,13206844,6,1,71352,0,1080,1920,732,231,976,475,59536,0.029,,
2070709,4270492,13206844,6,1,71376,0,1080,1920,537,182,741,385,41412,0.02,,
2070710,4270492,13206844,6,1,71400,0,1080,1920,509,206,753,450,59536,0.029,,
2070711,4270492,13206844,6,1,71424,0,1080,1920,558,202,762,406,41616,0.02,,
2070712,4270492,13206844,6,1,71448,0,1080,1920,534,206,778,450,59536,0.029,,
2070713,4270492,13206844,6,1,71472,0,1080,1920,1032,172,1384,525,124256,0.06,,
2070714,4270492,13206844,6,1,71544,0,1080,1920,781,107,1026,351,59780,0.029,,
2070715,4270492,13206844,6,1,71568,0,1080,1920,781,132,1026,376,59780,0.029,,
2070716,4270492,13206844,6,1,71592,0,1080,1920,781,132,1026,376,59780,0.029,,
2070717,4270492,13206844,6,1,71616,0,1080,1920,756,132,1001,376,59780,0.029,,
2070718,4270492,13206844,6,1,71664,0,1080,1920,711,172,1063,525,124256,0.06,,
2070719,4270492,13206844,6,1,71736,0,1080,1920,950,161,1154,365,41616,0.02,,
2070720,4270492,13206844,6,1,71760,0,1080,1920,974,147,1144,317,28900,0.014,,
2070721,4270492,13206844,6,1,71760,1,1080,1920,1662,904,1832,1073,28730,0.014,,
2070722,4270492,13206844,6,1,71784,0,1080,1920,1705,928,1847,1070,20164,0.01,,
2070723,4270492,13206844,6,1,71784,1,1080,1920,950,161,1154,365,41616,0.02,,
2070724,4270492,13206844,6,1,71808,0,1080,1920,940,147,1110,317,28900,0.014,,
2070725,4270492,13206844,6,1,71808,1,1080,1920,1748,904,1918,1073,28730,0.014,,
2070726,4270492,13206844,6,1,71832,0,1080,1920,929,120,1133,324,41616,0.02,,
2070727,4270492,13206844,6,1,71832,1,1080,1920,1748,904,1918,1073,28730,0.014,,
2070728,4270492,13206844,6,1,71856,0,1080,1920,940,147,1110,317,28900,0.014,,
2070729,4270492,13206844,6,1,71856,1,1080,1920,1731,904,1901,1073,28730,0.014,,
2070730,4270492,13206844,6,1,71880,0,1080,1920,766,277,864,375,9604,0.005,,
2070731,4270492,13206844,6,1,71880,1,1080,1920,617,303,699,385,6724,0.003,,
2070732,4270492,13206844,6,1,71880,2,1080,1920,410,242,478,310,4624,0.002,,
2070733,4270492,13206844,6,1,71880,3,1080,1920,1737,312,1819,394,6724,0.003,,
2070734,4270492,13206844,6,1,71880,4,1080,1920,1637,245,1719,327,6724,0.003,,
2070735,4270492,13206844,6,1,71880,5,1080,1920,1098,303,1180,385,6724,0.003,,
2070736,4270492,13206844,6,1,71880,6,1080,1920,945,237,1043,336,9702,0.005,,
2070737,4270492,13206844,6,1,71880,7,1080,1920,1098,195,1180,277,6724,0.003,,
2070738,4270492,13206844,6,1,71880,8,1080,1920,94,328,176,410,6724,0.003,,
2070739,4270492,13206844,6,1,71880,9,1080,1920,468,320,550,402,6724,0.003,,
2070740,4270492,13206844,6,1,71904,0,1080,1920,766,287,848,369,6724,0.003,,
2070741,4270492,13206844,6,1,71904,1,1080,1920,617,295,699,377,6724,0.003,,
2070742,4270492,13206844,6,1,71904,2,1080,1920,1645,254,1727,335,6642,0.003,,
2070743,4270492,13206844,6,1,71904,3,1080,1920,1090,312,1172,394,6724,0.003,,
2070744,4270492,13206844,6,1,71904,4,1080,1920,410,249,478,317,4624,0.002,,
2070745,4270492,13206844,6,1,71904,5,1080,1920,1745,312,1827,394,6724,0.003,,
2070746,4270492,13206844,6,1,71904,6,1080,1920,945,237,1043,336,9702,0.005,,
2070747,4270492,13206844,6,1,71904,7,1080,1920,1081,195,1163,277,6724,0.003,,
2070748,4270492,13206844,6,1,71904,8,1080,1920,459,320,541,402,6724,0.003,,
2070749,4270492,13206844,6,1,71928,0,1080,1920,716,112,886,282,28900,0.014,,
2070750,4270492,13206844,6,1,71952,0,1080,1920,682,112,852,282,28900,0.014,,
2070751,4270492,13206844,6,1,71976,0,1080,1920,1136,161,1340,365,41616,0.02,,
2070752,4270492,13206844,6,1,72000,0,1080,1920,1156,182,1360,385,41412,0.02,,
2070753,4270492,13206844,6,1,72024,0,1080,1920,1094,202,1298,406,41616,0.02,,
2070754,4270492,13206844,6,1,72048,0,1080,1920,1074,161,1278,365,41616,0.02,,
2070755,4270492,13206844,6,1,72072,0,1080,1920,979,181,1224,426,60025,0.029,,
2070756,4270492,13206844,6,1,72096,0,1080,1920,1120,166,1413,459,85849,0.041,,
2070757,4270492,13206844,6,1,72120,0,1080,1920,1001,166,1295,459,86142,0.042,,
2070758,4270492,13206844,6,1,72144,0,1080,1920,1074,140,1278,344,41616,0.02,,
2070759,4270492,13206844,6,1,72168,0,1080,1920,1115,202,1319,406,41616,0.02,,
2070760,4270492,13206844,6,1,72192,0,1080,1920,1094,120,1298,324,41616,0.02,,
2070761,4270492,13206844,6,1,72216,0,1080,1920,1094,140,1298,344,41616,0.02,,
2070762,4270492,13206844,6,1,72240,0,1080,1920,1053,161,1257,365,41616,0.02,,
2070763,4270492,13206844,6,1,72264,0,1080,1920,1103,156,1348,401,60025,0.029,,
2070764,4270492,13206844,6,1,72288,0,1080,1920,1136,182,1340,385,41412,0.02,,
2070765,4270492,13206844,6,1,72312,0,1080,1920,1074,140,1278,344,41616,0.02,,
2070766,4270492,13206844,6,1,72336,0,1080,1920,766,278,848,360,6724,0.003,,
2070767,4270492,13206844,6,1,72336,1,1080,1920,1123,312,1205,394,6724,0.003,,
2070768,4270492,13206844,6,1,72336,2,1080,1920,1629,245,1711,327,6724,0.003,,
2070769,4270492,13206844,6,1,72336,3,1080,1920,616,287,715,385,9702,0.005,,
2070770,4270492,13206844,6,1,72336,4,1080,1920,1090,195,1172,277,6724,0.003,,
2070771,4270492,13206844,6,1,72336,5,1080,1920,410,249,478,317,4624,0.002,,
2070772,4270492,13206844,6,1,72336,6,1080,1920,918,243,1036,361,13924,0.007,,
2070773,4270492,13206844,6,1,72360,0,1080,1920,746,277,844,375,9604,0.005,,
2070774,4270492,13206844,6,1,72360,1,1080,1920,1629,245,1711,327,6724,0.003,,
2070775,4270492,13206844,6,1,72360,2,1080,1920,1090,195,1172,277,6724,0.003,,
2070776,4270492,13206844,6,1,72360,3,1080,1920,401,245,483,327,6724,0.003,,
2070777,4270492,13206844,6,1,72360,4,1080,1920,557,297,655,395,9604,0.005,,
2070778,4270492,13206844,6,1,72384,0,1080,1920,888,161,1092,365,41616,0.02,,
2070779,4270492,13206844,6,1,72408,0,1080,1920,888,161,1092,365,41616,0.02,,
2070780,4270492,13206844,6,1,72432,0,1080,1920,909,161,1113,365,41616,0.02,,
2070781,4270492,13206844,6,1,72456,0,1080,1920,867,161,1071,365,41616,0.02,,
2070782,4270492,13206844,6,1,72504,0,1080,1920,819,525,989,695,28900,0.014,,
2070783,4270492,13206844,6,1,72504,1,1080,1920,1505,226,1646,368,20022,0.01,,
2070784,4270492,13206844,6,1,72504,2,1080,1920,930,267,1048,385,13924,0.007,,
2070785,4270492,13206844,6,1,72528,0,1080,1920,1490,226,1632,368,20164,0.01,,
2070786,4270492,13206844,6,1,72528,1,1080,1920,819,508,989,678,28900,0.014,,
2070787,4270492,13206844,6,1,72528,2,1080,1920,942,267,1060,385,13924,0.007,,
2070788,4270492,13206844,6,1,72552,0,1080,1920,1061,166,1354,459,85849,0.041,,
2070789,4270492,13206844,6,1,72576,0,1080,1920,1090,166,1384,459,86142,0.042,,
2070790,4270492,13206844,6,1,72600,0,1080,1920,971,140,1174,344,41412,0.02,,
2070791,4270492,13206844,6,1,72624,0,1080,1920,1012,161,1216,365,41616,0.02,,
2070792,4270492,13206844,6,1,72648,0,1080,1920,991,161,1195,365,41616,0.02,,
2070793,4270492,13206844,6,1,72672,0,1080,1920,971,140,1174,344,41412,0.02,,
2070794,4270492,13206844,6,1,72696,0,1080,1920,929,140,1133,344,41616,0.02,,
2070795,4270492,13206844,6,1,72720,0,1080,1920,950,161,1154,365,41616,0.02,,
2070796,4270492,13206844,6,1,72744,0,1080,1920,929,161,1133,365,41616,0.02,,
2070797,4270492,13206844,6,1,72768,0,1080,1920,676,208,774,306,9604,0.005,,
2070798,4270492,13206844,6,1,72768,1,1080,1920,870,172,988,290,13924,0.007,,
2070799,4270492,13206844,6,1,72768,2,1080,1920,476,196,594,314,13924,0.007,,
2070800,4270492,13206844,6,1,72768,3,1080,1920,1174,118,1272,216,9604,0.005,,
2070801,4270492,13206844,6,1,72768,4,1080,1920,1288,184,1406,302,13924,0.007,,
2070802,4270492,13206844,6,1,72768,5,1080,1920,1503,76,1621,194,13924,0.007,,
2070803,4270492,13206844,6,1,72792,0,1080,1920,957,164,1127,334,28900,0.014,,
2070804,4270492,13206844,6,1,72816,0,1080,1920,888,120,1092,324,41616,0.02,,
2070805,4270492,13206844,6,1,72840,0,1080,1920,702,120,906,324,41616,0.02,,
2070806,4270492,13206844,6,1,73008,0,1080,1920,527,297,625,395,9604,0.005,,
2070807,4270492,13206844,6,1,73008,1,1080,1920,676,277,774,375,9604,0.005,,
2070808,4270492,13206844,6,1,73008,2,1080,1920,1140,204,1221,286,6642,0.003,,
2070809,4270492,13206844,6,1,73008,3,1080,1920,1452,168,1551,266,9702,0.005,,
2070810,4270492,13206844,6,1,73008,4,1080,1920,1048,336,1130,418,6724,0.003,,
2070811,4270492,13206844,6,1,73032,0,1080,1920,1094,198,1192,296,9604,0.005,,
2070812,4270492,13206844,6,1,73032,1,1080,1920,894,243,1012,361,13924,0.007,,
2070813,4270492,13206844,6,1,73032,2,1080,1920,676,277,774,375,9604,0.005,,
2070814,4270492,13206844,6,1,73032,3,1080,1920,1472,178,1571,276,9702,0.005,,
2070815,4270492,13206844,6,1,73032,4,1080,1920,1264,279,1382,397,13924,0.007,,
2070816,4270492,13206844,6,1,73056,0,1080,1920,524,291,641,409,13806,0.007,,
2070817,4270492,13206844,6,1,73056,1,1080,1920,894,243,1012,361,13924,0.007,,
2070818,4270492,13206844,6,1,73056,2,1080,1920,1154,188,1252,286,9604,0.005,,
2070819,4270492,13206844,6,1,73056,3,1080,1920,1264,279,1382,397,13924,0.007,,
2070820,4270492,13206844,6,1,73056,4,1080,1920,974,422,1144,592,28900,0.014,,
2070821,4270492,13206844,6,1,73080,0,1080,1920,1031,195,1324,489,86142,0.042,,
2070822,4270492,13206844,6,1,73104,0,1080,1920,1031,225,1324,519,86142,0.042,,
2070823,4270492,13206844,6,1,73128,0,1080,1920,763,255,1057,548,86142,0.042,,
2070824,4270492,13206844,6,1,73128,1,1080,1920,1342,78,1546,282,41616,0.02,,
2070825,4270492,13206844,6,1,73152,0,1080,1920,783,208,1135,560,123904,0.06,,
2070826,4270492,13206844,6,1,73152,1,1080,1920,1321,78,1525,282,41616,0.02,,
2070827,4270492,13206844,6,1,73176,0,1080,1920,555,225,849,519,86436,0.042,,
2070828,4270492,13206844,6,1,73176,1,1080,1920,1335,78,1505,248,28900,0.014,,
2070829,4270492,13206844,6,1,73200,0,1080,1920,615,225,908,519,86142,0.042,,
2070830,4270492,13206844,6,1,73200,1,1080,1920,1335,78,1505,248,28900,0.014,,
2070831,4270492,13206844,6,1,73344,0,1080,1920,640,182,844,385,41412,0.02,,
2070832,4270492,13206844,6,1,73368,0,1080,1920,496,182,700,385,41412,0.02,,
2070833,4270492,13206844,6,1,73392,0,1080,1920,537,161,741,365,41616,0.02,,
2070834,4270492,13206844,6,1,73512,0,1080,1920,496,202,700,406,41616,0.02,,
2070835,4270492,13206844,6,1,73536,0,1080,1920,393,161,597,365,41616,0.02,,
2070836,4270492,13206844,6,1,73560,0,1080,1920,435,132,679,376,59536,0.029,,
2070837,4270492,13206844,6,1,74304,0,1080,1920,389,118,458,186,4692,0.002,,
2070838,4270492,13206844,6,1,74328,0,1080,1920,569,208,921,560,123904,0.06,,
2070839,4270492,13206844,6,1,74352,0,1080,1920,585,195,878,489,86142,0.042,,
2070840,4270492,13206844,6,1,74376,0,1080,1920,604,172,956,525,124256,0.06,,
2070841,4270492,13206844,6,1,74400,0,1080,1920,604,172,956,525,124256,0.06,,
2070842,4270492,13206844,6,1,74424,0,1080,1920,385,206,630,450,59780,0.029,,
2070843,4270492,13206844,6,1,74448,0,1080,1920,410,206,654,450,59536,0.029,,
2070844,4270492,13206844,6,1,74544,0,1080,1920,290,182,493,385,41209,0.02,,
2070845,4270492,13206844,6,1,74640,0,1080,1920,750,130,920,299,28730,0.014,,
2070846,4270492,13206844,6,1,74664,0,1080,1920,473,240,614,382,20022,0.01,,
2070847,4270492,13206844,6,1,74688,0,1080,1920,404,219,522,337,13924,0.007,,
2070848,4270492,13206844,6,1,74712,0,1080,1920,360,231,605,475,59780,0.029,,
2070849,4270492,13206844,6,1,74736,0,1080,1920,764,182,968,385,41412,0.02,,
2070850,4270492,13206844,6,1,74760,0,1080,1920,851,129,898,177,2256,0.001,,
2070851,4270492,13206844,6,1,74760,1,1080,1920,699,194,755,251,3192,0.002,,
2070852,4270492,13206844,6,1,74784,0,1080,1920,653,233,692,273,1560,0.001,,
2070853,4270492,13206844,6,1,74784,1,1080,1920,393,148,450,205,3249,0.002,,
2070854,4270492,13206844,6,1,74784,2,1080,1920,211,278,292,360,6642,0.003,,
2070855,4270492,13206844,6,1,74784,3,1080,1920,970,325,1038,393,4624,0.002,,
2070856,4270492,13206844,6,1,74784,4,1080,1920,1169,281,1208,321,1560,0.001,,
2070857,4270492,13206844,6,1,74808,0,1080,1920,558,206,803,450,59780,0.029,,
2070858,4270492,13206844,6,1,74832,0,1080,1920,561,216,731,385,28730,0.014,,
2070859,4270492,13206844,6,1,74880,0,1080,1920,37,422,105,490,4624,0.002,,
2070860,4270492,13206844,6,1,74880,1,1080,1920,559,172,677,290,13924,0.007,,
2070861,4270492,13206844,6,1,74904,0,1080,1920,903,140,1044,282,20022,0.01,,
2070862,4270492,13206844,6,1,74928,0,1080,1920,583,160,701,278,13924,0.007,,
2070863,4270492,13206844,6,1,74952,0,1080,1920,310,161,514,365,41616,0.02,,
2070864,4270492,13206844,6,1,74976,0,1080,1920,493,132,561,200,4624,0.002,,
2070865,4270492,13206844,6,1,74976,1,1080,1920,975,62,1023,110,2304,0.001,,
2070866,4270492,13206844,6,1,75000,0,1080,1920,785,112,955,282,28900,0.014,,
2070867,4270492,13206844,6,1,75048,0,1080,1920,484,132,729,376,59780,0.029,,
2070868,4270492,13206844,6,1,75072,0,1080,1920,1081,187,1163,269,6724,0.003,,
2070869,4270492,13206844,6,1,75096,0,1080,1920,905,233,1075,403,28900,0.014,,
2070870,4270492,13206844,6,1,75120,0,1080,1920,533,137,885,489,123904,0.06,,
2070871,4270492,13206844,6,1,75144,0,1080,1920,1175,101,1527,453,123904,0.06,,
2070872,4270492,13206844,6,1,75168,0,1080,1920,1061,136,1354,429,85849,0.041,,
2070873,4270492,13206844,6,1,75192,0,1080,1920,815,337,914,435,9702,0.005,,
2070874,4270492,13206844,6,1,75192,1,1080,1920,1177,242,1246,310,4692,0.002,,
2070875,4270492,13206844,6,1,75240,0,1080,1920,758,386,840,468,6724,0.003,,
2070876,4270492,13206844,6,1,75240,1,1080,1920,1124,337,1222,435,9604,0.005,,
2070877,4270492,13206844,6,1,75264,0,1080,1920,822,196,940,314,13924,0.007,,
2070878,4270492,13206844,6,1,75288,0,1080,1920,1405,339,1474,407,4692,0.002,,
2070879,4270492,13206844,6,1,75312,0,1080,1920,1787,580,1844,637,3249,0.002,,
2070880,4270492,13206844,6,1,75336,0,1080,1920,1333,546,1431,644,9604,0.005,,
2070881,4270492,13206844,6,1,75336,1,1080,1920,94,453,176,535,6724,0.003,,
2070882,4270492,13206844,6,1,75384,0,1080,1920,1240,196,1358,314,13924,0.007,,
2070883,4270492,13206844,6,1,75384,1,1080,1920,873,892,941,960,4624,0.002,,
2070884,4270492,13206844,6,1,75408,0,1080,1920,1118,226,1259,368,20022,0.01,,
2070885,4270492,13206844,6,1,75408,1,1080,1920,596,181,766,351,28900,0.014,,
2070886,4270492,13206844,6,1,75432,0,1080,1920,856,280,1100,525,59780,0.029,,
2070887,4270492,13206844,6,1,75480,0,1080,1920,1060,198,1230,368,28900,0.014,,
2070888,4270492,13206844,6,1,75528,0,1080,1920,909,223,1113,427,41616,0.02,,
2070889,4270492,13206844,6,1,75552,0,1080,1920,880,206,1125,450,59780,0.029,,
2070890,4270492,13206844,6,1,75576,0,1080,1920,852,195,1146,489,86436,0.042,,
